74 74 25 25 74 74 74 74 74 74 74 74 25 74 74 74 
28 17 28 28 28 18 55 28 44 44 44 55 28 28 28 19 
26 20 15 15 26 26 29 26 26 26 29 26 26 26 26 26 
31 31 31 31 31 31 18 31 31 31 31 31 31 31 31 31 
26 20 13 26 26 17 44 26 26 26 26 26 26 17 26 26 
36 85 24 36 36 36 66 36 66 66 66 66 36 36 66 27 
46 18 22 22 46 46 11 46 46 46 46 46 22 46 21 46 
34 21 34 34 34 48 48 34 34 48 48 34 34 34 48 34 
19 24 23 6 23 19 23 29 23 23 23 23 19 19 23 23 
25 64 21 21 25 25 25 25 25 25 25 25 21 25 24 25 
24 8 24 24 24 24 38 29 38 24 24 38 24 24 24 24 
32 52 17 14 32 27 32 23 32 32 28 30 23 28 25 28 
22 17 24 15 22 22 22 22 22 22 22 22 22 22 22 26 
19 12 18 16 19 19 19 18 19 19 19 19 19 19 19 18 
928 723 25 25 25 25 25 25 25 25 25 25 25 25 25 25 
26 49 26 26 26 26 26 26 26 26 26 26 26 26 15 26 
34 84 17 17 34 34 34 34 34 34 84 34 34 34 25 34 
895 83 22 40 83 24 22 40 1240 83 83 40 40 22 37 24 
49 19 25 25 49 35 74 32 49 74 74 35 32 32 49 32 
581 78 922 78 78 78 78 78 78 78 78 78 78 78 78 78 
1173 2220 13 31 31 31 1442 61 39 31 31 34 1112 31 74 31 
27 1600 27 12 27 27 27 27 27 27 27 27 27 27 20 27 
1323 727 1127 18 24 937 1 24 766 887 1069 22 24 24 41 24 
1996 13 24 1894 27 27 27 27 1005 27 27 27 24 27 50 24 
1711 1975 31 31 31 31 1 31 31 31 31 31 33 31 24 31 
874 31 1 1 23 18432 1 319 1 1 782 2098 1 2693 1 1 
20 62 20 20 20 20 36 20 20 26 20 20 20 20 20 20 
901 80 893 632 46 790 46 78 672 794 790 535 28 28 965 535 
864 82 685 868 21 759 510 469 842 772 1190 1009 911 667 839 584 
620 1182 620 789 24 24 38 43 711 880 711 711 24 24 24 711 
28 23 28 31 23 14 23 23 28 23 44 23 23 23 17 23 
678 885 595 890 21 678 21 781 846 993 810 879 1097 21 887 678 
926 723 36 18 18 15 18 23 906 23 23 23 23 18 18 23 
626 768 23 778 30 6 1366 161 517 1092 989 1063 1290 1208 1012 1063 
22 25 22 22 22 22 37 37 37 22 37 22 22 22 22 22 
20 18 20 20 20 20 19 20 20 20 20 20 20 19 20 20 
37 10 37 37 37 37 37 37 37 16 37 37 37 37 23 37 
28 60 28 28 28 28 36 28 36 21 28 28 28 28 28 28 
28 22 28 28 28 28 28 28 28 28 28 28 28 28 28 28 
19 19 19 19 19 19 41 19 19 19 19 19 19 19 19 19 
696 725 822 822 550 550 117 587 15 117 117 833 117 117 117 1408 
690 861 844 857 1134 787 8 38 28 1479 29 668 716 4 13 1066 
527 896 1455 850 688 1230 704 850 18 852 98 592 852 196 98 592 
526 1382 27 1434 779 32 20 28 31 780 31 38 36 22 22 97 
769 659 889 833 699 781 7 751 23 654 30 712 31 11 101 551 
606 607 17 1130 636 863 14 975 18 1 132 159 1 38 28 137 
1009 31 31 144 31 31 31 31 9 31 52 31 31 31 47 31 
713 28 26 21 26 45 26 36 20 26 26 26 26 26 31 26 
256 25 25 202 21 21 25 25 21 21 21 21 16 25 21 17 
1821 22 22 398 22 19 22 22 20 19 8 22 22 22 1 22 
1441 46 41 41 35 32 32 41 10 35 29 41 32 41 35 26 
752 17 1194 1417 20 19 35 20 7 20 38 33 35 35 19 21 
28 28 28 1 28 28 6 28 18 28 28 126 28 5 7 14 
665 476 623 895 665 905 15 30 605 605 30 665 684 20 24 666 
926 964 1004 1396 30 779 30 30 973 1037 1599 1175 30 30 12 733 
611 18 21 18 21 21 1 21 1298 21 21 21 21 18 1 18 
787 1051 949 939 14 763 68 681 892 1396 506 904 681 14 14 835 
978 970 955 27 27 682 1 27 1214 813 709 970 797 23 1416 970 
697 891 832 1355 33 1043 974 817 704 956 1031 639 1095 1051 33 639 
973 1003 612 1384 33 905 993 31 738 738 973 958 20 973 17 958 
26 21 26 38 26 26 36 26 18925 27 36 36 24 36 27 36 
264 35 42 42 42 1 44 42 19328 10 42 35 35 35 29 35 
640 640 733 935 22 1 42 22 694 31 1227 22 22 22 41 789 
665 660 1114 1000 28 660 28 856 690 692 857 660 28 28 665 985 
984 24 1 1427 43 1 43 43 9609 1 22 43 43 43 22 43 
744 744 602 602 35 790 699 417 699 886 790 1215 564 35 744 1215 
643 1065 93 994 501 93 98 689 12 994 97 98 975 97 97 825 
695 538 107 649 710 107 87 38 22 34 102 101 33 107 101 34 
348 30 8 1 30 23 4 24 29 30 107 4 30 20 30 3 
134 14 8 1066 14 15 1 47 35 14 134 14 14 17 14 14 
77 255 14 111 49 91 121 5 8 119 121 79 260 120 119 134 
505 669 1111 1172 711 711 110 575 1140 826 109 1012 936 112 117 1012 
580 892 878 1001 58 1336 724 511 728 740 828 892 740 842 594 696 
596 723 18 18 25 25 25 25 940 863 25 18 18 18 25 25 
26 34 26 26 26 26 50 26 26 26 26 26 26 26 21 26 
34 84 17 17 34 34 34 34 34 34 34 34 34 34 17 34 
934 83 22 36 22 36 22 36 1240 83 83 36 22 22 36 22 
32 19 32 32 46 46 76 46 46 46 76 76 32 32 76 32 
1572 1385 17 1535 47 23 1658 102 1679 1424 28 22 1334 117 63 1513 
1354 29 27 14 30 15 24 91 1354 29 38 29 24 29 18 1353 
1918 50 16 50 30 6 30 35 50 50 84 30 30 30 16 1 
23 23 26 13 23 7 23 23 23 23 55 23 23 23 19 23 
20 20 23 16 20 18 20 16 20 20 82 20 20 20 23 20 
20 20 32 20 20 14 20 20 20 20 76 20 20 20 22 20 
35 22 18 35 35 18 35 35 35 35 35 35 35 35 35 35 
830 718 24 24 24 24 24 24 516 736 24 24 24 24 24 24 
19 20 25 19 24 32 32 19 32 32 32 32 19 19 32 24 
927 563 641 966 26 26 37 26 950 871 37 26 26 26 36 26 
632 574 566 1075 35 1021 817 1011 700 845 864 707 1011 1037 779 916 
843 22 22 32 35 35 35 35 543 917 35 35 22 35 42 32 
31 31 25 24 31 6 31 142 31 31 31 31 31 24 44 31 
744 735 20 1236 11 26 1312 171 1043 862 880 722 179 753 26 955 
780 970 1114 1034 25 836 1009 1011 1204 702 963 843 1012 738 591 1550 
816 1115 29 929 21 1220 804 97 929 881 1024 1112 157 1065 654 749 
552 821 29 485 23 837 1287 460 779 846 1609 666 287 1448 1 1298 
2021 2014 10 2019 16 2 48 120 713 48 2021 779 772 22 22 2014 
2485 12 25 41 25 23 45 41 762 45 45 31 25 25 25 9 
567 892 644 737 28 897 1064 37 1136 667 1229 907 26 28 28 796 
775 540 994 37 18 1008 36 37 1335 1057 1319 624 18 18 23 624 
926 877 1004 1399 30 939 30 30 973 715 1076 1175 30 30 986 733 
611 18 1102 900 22 21 1 22 1391 598 22 22 22 22 22 21 
607 1053 962 33 14 510 68 634 892 1081 806 904 36 14 14 835 
918 33 1 911 679 973 1 677 913 1 742 973 787 1516 973 6 
608 48 1 1 845 775 18 11 1 1081 775 845 5 18 928 12 
836 889 719 583 836 617 1 854 702 639 836 756 1200 836 756 756 
956 42 1048 906 2952 6660 1 755 1 1 956 890 1 741 492 1578 
509 590 794 719 502 1114 1528 1005 1042 733 1201 635 962 617 635 635 
593 477 1536 885 573 772 1142 569 725 639 1187 663 594 562 831 1158 
713 406 707 847 713 21 154 154 21 21 21 856 21 950 154 856 
34 34 22 22 34 34 22 36 40 49 49 67 40 11 34 6 
39 39 12 39 39 39 39 39 39 39 39 53 39 9 22 8 
24 24 38 38 24 24 38 78 24 24 24 38 24 16 22 24 
26 26 18 26 26 119 26 1013 119 119 26 26 26 31 30 25 
825 58 19 42 19 19 35 42 248 28 58 19 19 19 28 19 
789 1168 1089 810 22 963 692 1010 941 989 861 1168 989 22 1168 1168 
961 910 1114 905 24 855 574 519 986 1086 729 612 24 1274 612 938 
522 802 882 1285 32 32 32 32 1205 32 1132 32 32 32 612 32 
25 16 16 25 25 25 25 16 25 25 25 25 25 25 25 16 
956 816 584 1061 13 1119 48 13 584 737 1119 905 13 13 960 736 
1372 1300 1190 1406 26 1366 1026 1100 732 651 1305 994 14 954 43 892 
34 34 34 34 24 34 34 34 34 34 34 13 34 34 29 34 
27 27 27 17 27 27 35 27 27 27 27 35 27 27 14 27 
36 22 30 48 27 30 36 36 30 30 36 30 27 36 32 36 
395 20916 13 25 25 21 1 25 1 36 27 27 27 27 22 25 
1078 6595 6480 6127 18 34 1 327 5867 41 41 801 41 34 18 801 
905 36 1 1 20 16 35 9 864 1 554 577 8 37 1 16 
802 29 1 1 29 13 13 4 765 1 863 730 4 863 1 1 
2511 55 1 1 18 13 13 2824 18894 2760 2513 2513 5 2843 1 13 
1532 27 868 796 538 1167 1 736 1715 652 1167 768 6 859 857 864 
760 760 895 613 584 1026 1 760 690 1109 755 1026 694 760 1139 1026 
823 51 559 858 21 15 38 2 809 1927 533 736 5 502 691 9 
30 25 38 40 30 30 30 27 38 30 30 38 30 30 54 30 
25 25 25 44 25 25 25 27 25 25 25 25 25 25 33 27 
21 15 19 17 21 21 21 21 21 21 21 21 21 21 17 21 
353 24 12 5 12 12 32 23 1 32 23 23 12 23 24 12 
16 12 16 17 16 17 16 16 16 33 16 13 16 16 23 16 
22 876 28 28 22 22 22 22 28 22 22 22 22 22 36 22 
16 19 14 16 14 14 35 16 31 31 31 16 16 16 23 16 
725 751 27 27 27 27 27 27 715 27 27 27 27 27 27 27 
25 18 25 25 25 25 25 25 25 25 25 25 25 25 25 25 
31 33 8 8 31 31 31 31 31 31 31 31 31 31 33 31 
37 26 37 37 37 37 37 37 27 37 37 37 23 37 22 37 
35 19 27 27 35 35 35 40 35 35 35 35 27 35 39 35 
1372 53 1 625 514 1 1 1 2535 1 782 1698 3 5786 507 1 
1480 43 707 1116 716 745 1 1216 509 1079 706 1033 831 532 1033 1033 
921 31 829 1 1079 1079 1 9 828 1 826 827 10 1 827 1 
1236 40 1 1 729 11 1 16 1 1 488 1202 4 16 46 26 
749 746 1077 1055 623 928 1 770 682 652 749 1091 938 1159 719 719 
918 43 708 1368 709 825 529 1146 1233 759 986 1032 759 636 1032 862 
336 25 1 1 23 588 38 810 1 1 496 565 22 25 1 20 
899 48 569 539 20 714 180 778 1 778 778 845 641 2315 845 845 
759 21 501 936 21 893 139 257 956 1 844 844 21 844 1 352 
711 643 550 1057 623 1231 1 571 733 731 723 756 733 570 756 756 
613 950 1126 1060 613 698 1126 701 701 888 1295 691 960 824 640 640 
695 964 748 594 1006 1334 1 1280 853 998 1335 852 1 710 1335 1343 
801 960 960 952 779 639 734 617 651 758 875 921 758 787 960 921 
873 45 1146 955 650 467 1 535 594 1029 760 881 770 760 536 881 
731 29 1212 818 540 1229 18 707 856 588 1013 707 1 672 552 7 
679 73 904 741 853 12 40 887 841 887 679 841 9 679 841 14 
894 96 728 790 894 19 21 21 872 968 847 761 3 906 895 22 
781 22 18 1313 40 26 52 2 1059 1060 2342 1057 2 18 989 7 
1571 45 1449 1772 1279 1099 120 8 1 5500 636 690 825 1 464 4 
602 19 687 1398 505 22 67 2 18320 1250 480 505 6 25 505 6 
1153 34 1 1346 227 1 26 822 822 822 537 446 10 26 804 10 
30 30 9 6 1420 10 6 6 6 44 44 68 1421 34 6 6 
794 805 34 805 805 25 25 805 805 1 18 805 18 31 25 805 
198 16842 38 35 914 5 22 22 48 22 22 22 22 38 22 1 
540 798 115 964 540 695 879 743 671 906 906 1041 1 125 2 1 
522 777 103 922 806 28 1006 28 1113 722 756 607 28 40 9 607 
404 965 26 1101 848 976 729 718 749 1033 976 976 1102 26 976 976 
27 27 27 27 27 27 35 27 27 27 35 35 27 27 27 27 
19 18 19 19 19 19 91 19 19 19 19 18 19 19 19 19 
31 31 20 20 31 24 31 20 31 32 31 31 32 32 31 24 
21 21 21 30 21 21 21 36 21 21 21 21 21 21 21 30 
20 20 20 20 20 20 28 20 20 20 20 20 20 20 21 20 
35 22 29 35 35 29 35 35 35 35 35 35 35 35 21 35 
23 23 23 23 23 23 23 27 18 28 23 23 23 23 22 27 
28 28 28 28 28 28 28 28 21 35 28 28 28 28 59 28 
764 796 1075 1044 26 705 931 952 789 789 764 953 26 953 953 510 
1141 1098 774 1242 25 1098 1075 1058 824 1311 1098 1098 928 1057 1098 1098 
846 614 818 961 30 735 954 706 1132 930 771 934 675 1051 822 934 
749 850 666 963 20 1 1448 25 1012 763 750 767 20 836 767 749 
1030 24 29 29 29 29 29 29 29 29 29 29 29 29 24 24 
21 69 21 21 21 37 37 21 37 21 37 21 21 21 21 21 
883 489 32 1092 32 32 32 32 600 577 32 32 32 32 32 32 
641 871 29 29 29 29 37 29 29 29 29 29 29 29 29 29 
1184 28 28 776 45 33 45 32 826 28 28 45 45 45 28 33 
843 23 642 26 26 26 23 26 923 23 26 26 26 26 23 26 
1429 857 963 1351 848 783 1 1262 1191 651 753 638 1185 1006 1041 772 
910 954 597 734 579 836 683 768 637 1112 1519 901 1112 960 834 955 
692 60 745 713 1017 1131 1209 859 703 1224 1017 835 1156 1284 703 835 
1372 65 614 1182 537 934 1 750 757 917 933 614 612 590 613 614 
1010 64 814 1423 809 898 880 823 574 574 934 820 574 851 833 1023 
707 13 18 9 11 9 29 9 13 37 37 37 885 18 6 13 
2321 7 22 2324 25 10 17 13 2201 34 2321 2321 25 23 14 2321 
34 16907 23 15 11 15 34 15 17020 34 15 15 11 26 15 11 
17078 15674 31 19 21 14 21 31 1 30 21 21 103 15 21 1 
2331 2295 19 22 22 7 8 19 2321 25 37 2330 22 37 29 2330 
17 19 51 17 17 17 17 17 19 17 17 19 46 53 26 17 
1178 955 638 569 30 30 1 888 506 1413 979 1314 30 30 807 807 
976 6603 863 1157 33 6865 1 839 1273 6361 6304 827 33 14 14 954 
740 7704 1317 1315 26 2044 1 1076 6781 6838 1140 1224 26 26 886 1139 
1186 929 579 1359 42 929 579 944 657 1174 965 870 904 1064 873 604 
1023 974 672 918 38 775 1278 794 1078 1430 1038 928 1421 1038 672 1428 
659 724 687 28 28 28 1 28 965 755 50 28 28 28 27 724 
1511 997 21 549 22 997 22 22 981 1012 997 997 477 22 997 1008 
984 807 27 880 22 1078 1 880 2213 856 864 1078 128 836 1078 1078 
2319 33 7 2536 12 7 24 75 819 33 24 29 41 24 29 24 
2084 2236 12 2182 8 11 17 8 893 17 11 893 56 17 25 893 
1328 684 38 1 18 754 1 383 776 780 1245 856 131 12 131 1 
649 2227 34 1103 25 653 1 617 1071 835 1050 705 133 998 133 543 
116 741 32 725 693 29 19 1343 25 578 116 110 11 24 11 29 
121 619 29 924 712 14 23 93 13 972 39 797 14 13 39 797 
117 34 31 748 484 34 7 31 50 564 16 106 123 106 106 34 
825 6486 26 587 440 1 26 87 18 1 96 95 31 16 116 101 
485 644 25 550 676 1 20 807 10 1 39 216 40 33 43 41 
476 8774 41 16519 1 16 8 77 8 1 44 58 4 39 39 16 
666 1402 4 17 28 44 1 43 28 28 28 35 26 28 29 28 
731 1346 1158 733 24 1859 1 804 485 1789 1620 527 831 950 1 602 
635 866 1376 725 28 1221 1 635 1163 1881 1221 640 28 635 635 1531 
912 962 1378 5708 34 1654 1 839 1550 1219 1269 761 782 1553 14 761 
771 987 932 1018 20 1034 1 823 1289 1079 834 918 1031 784 39 650 
1147 724 1060 776 22 1456 1 613 785 1541 996 1023 785 772 737 890 
228 46 42 49 566 46 42 46 16 49 86 42 42 46 73 5 
33 33 10 43 1325 33 10 48 22 43 20 20 24 20 29 7 
284 30 30 30 32 30 6 24 16 32 30 123 112 15 23 30 
258 36 12 648 1470 7 12 16 14 36 36 12 1474 39 15 634 
22 17 31 42 17 17 13 192 19 17 42 22 17 13 8 17 
117 33 12 23 1 33 11 17 14 45 45 32 766 19 21 9 
876 663 700 700 25 1219 576 930 663 1311 1116 1107 25 1182 48 794 
992 935 992 944 31 2308 1319 511 1870 768 1273 682 672 1260 682 1144 
1087 618 1511 5597 30 1195 1 6029 1220 1228 5509 433 30 30 54 860 
786 1196 1376 810 26 884 689 828 640 1259 606 895 998 606 19 895 
621 1478 1018 1145 27 1058 1376 1130 683 827 1058 621 724 1193 621 984 
591 6174 1129 705 27 5513 1 5853 4546 6632 5785 1279 27 18 1 1 
955 594 130 920 955 1483 973 1258 686 687 787 594 687 1006 682 770 
124 622 124 923 510 577 1055 1194 1036 845 764 635 124 728 764 543 
754 21 11 11 778 21 11 13 67 45 11 11 21 55 22 13 
50 862 42 91 1 29 7 12 870 788 26 26 766 91 40 778 
14 34 16 17 63 63 14 5 18 65 9 9 552 34 51 144 
114 749 21 780 826 1040 798 798 780 484 840 644 854 114 3 807 
22 22 22 22 22 22 24 31 31 22 22 37 22 11 22 7 
28 22 28 7 7 7 7 7 8 22 7 78 53 30 7 25 
24 24 27 29 24 24 20 28 24 24 24 17 17 24 24 9 
129 762 37 726 1158 1 1227 983 976 656 774 692 546 124 2 886 
884 590 39 644 691 37 24 539 56 641 983 1165 1017 37 37 749 
136 549 136 1313 619 808 1082 673 848 809 1052 135 594 135 1014 790 
725 647 707 25 25 25 51 25 548 37 25 25 25 25 25 37 
633 20 22 15 22 7 21 45 45 45 45 45 22 22 15 45 
19 33 19 19 19 19 30 19 30 30 30 30 19 30 19 30 
30 19 12 30 30 30 30 30 30 30 30 30 30 30 21 30 
23 15 23 23 23 23 44 23 23 23 23 23 23 23 42 23 
604 12 26 26 26 38 23 26 788 28 28 26 28 28 63 26 
546 780 27 662 855 43 1339 35 35 811 43 864 603 114 120 906 
590 835 785 728 534 821 856 809 31 650 35 989 633 117 24 806 
979 106 18 859 979 106 27 100 27 106 42 920 106 106 106 106 
16 57 23 104 15 16 40 104 44 64 16 31 100 4 15 121 
58 90 60 60 33 5 9 60 59 73 60 60 62 56 62 141 
32 32 31 32 50 9 29 39 25 32 9 148 49 111 34 12 
1060 43 1 1 27 714 27 9 1 1 584 933 8 27 933 26 
1012 1205 706 960 1012 829 15 707 797 872 829 1146 577 685 561 994 
586 822 775 845 762 815 1356 936 1054 936 815 815 766 755 822 822 
693 720 956 891 775 817 1 805 592 775 693 1111 691 630 630 1111 
601 26 1 1 25 1327 35 1138 1536 1223 1223 778 30 1223 1 778 
2557 31 1 1 821 876 22 11 821 831 808 752 4 22 1 821 
23 23 22 51 51 23 18 51 23 51 23 68 23 7 23 20 
37 37 27 34 35 31 18 9 35 37 35 35 30 8 35 41 
7 19 25 13 19 7 19 13 14 44 7 7 7 7 7 13 
12 34 18 34 34 34 5 34 8 34 34 5 5 5 5 11 
29 29 30 30 29 29 30 29 8 29 29 48 29 11 29 11 
11 21 9 14 21 21 19 11 16 21 21 21 13 16 16 16 
24 8 14 24 24 33 54 33 58 43 54 54 24 24 54 37 
46 18 22 22 22 22 44 46 46 46 46 22 22 22 22 22 
575 842 23 25 25 25 38 25 915 45 29 29 25 25 36 25 
671 639 488 1309 44 44 44 44 900 44 44 813 44 44 866 865 
36 26 26 26 36 36 36 36 36 36 36 36 36 36 36 36 
20 661 20 20 20 20 33 20 752 33 33 20 20 20 20 20 
20 20 20 20 20 20 20 20 20 20 26 20 20 20 20 20 
1642 17113 21 32 21 21 27 32 16050 27 21 27 27 20 20 27 
704 619 21 869 19 16 19 19 593 939 22 617 19 19 19 19 
267 15933 27 13598 17 13 11 11 15478 17 46 17 17 17 14 17 
23 23 23 23 23 22 23 23 23 23 36 22 23 31 46 24 
27 27 27 27 27 27 31 43 27 27 44 27 18 27 31 27 
21 21 21 21 21 21 19 41 41 41 21 21 19 21 21 21 
24 23 24 24 24 24 24 24 24 24 24 24 24 24 24 24 
19 19 19 19 19 23 22 23 19 19 19 19 19 19 19 19 
49 21 22 49 22 22 34 49 49 49 22 25 22 22 22 22 
27 27 27 26 27 27 27 27 27 27 27 27 27 27 26 27 
16 19 16 16 16 16 31 16 26 26 26 16 16 16 29 16 
763 516 703 703 885 920 1 1138 1138 722 834 875 752 920 909 875 
546 772 832 832 792 620 1174 703 780 792 1199 772 792 688 818 772 
529 25 759 984 597 959 1 769 1239 1057 862 956 1 529 1163 984 
506 596 596 1132 682 718 764 908 767 767 832 1410 596 596 783 576 
1088 25 975 8145 485 980 50 618 755 880 801 948 4 981 560 560 
793 29 691 7992 10 1266 1 929 7681 8619 823 1037 822 823 819 1406 
842 81 673 649 50 12 1 842 698 7 698 715 965 1030 992 715 
869 716 20 20 16 20 42 30 764 25 16 16 16 15 16 16 
986 82 871 612 50 737 738 548 609 548 1078 1235 638 737 82 674 
430 77 19 1302 19 15 1 39 1057 19 996 1405 21 21 21 852 
31 15 15 17 31 31 31 15 31 28 31 31 31 31 31 31 
33 45 12 20 20 33 33 46 33 8 54 33 33 20 21 20 
585 29 1 594 685 26 35 7 1850 1 2608 887 7 887 887 17 
637 71 693 940 667 1002 1173 574 1222 987 1002 1003 644 644 542 1003 
653 69 653 1004 689 848 855 1251 756 758 848 848 1093 759 799 882 
536 69 766 560 535 536 1 594 561 1071 734 827 740 734 651 996 
631 64 860 964 481 874 1064 696 696 696 546 546 697 779 874 1075 
922 69 551 1353 840 840 687 1179 1185 1073 959 1182 1334 784 1061 551 
29 23 29 21 29 29 29 29 29 29 29 29 29 29 29 29 
28 28 28 28 28 28 27 49 28 28 28 28 28 28 28 28 
37 21 37 37 37 37 37 37 37 37 37 37 37 37 37 37 
26 23 23 29 23 26 23 23 26 26 26 23 26 26 23 26 
45 23 36 45 36 36 36 45 45 45 45 36 36 36 42 45 
36 21 36 36 36 36 34 36 36 36 36 36 36 36 36 36 
24 23 24 24 24 24 38 24 38 38 38 24 24 38 35 24 
28 24 28 28 28 28 54 28 28 28 28 31 28 28 28 28 
42 19 31 31 31 31 51 31 42 42 39 39 22 20 31 22 
46 22 22 22 46 22 46 28 46 46 46 46 22 22 46 46 
22 22 22 22 22 22 22 22 22 22 22 22 22 22 22 22 
23 23 23 23 23 23 43 23 23 23 23 23 23 23 23 23 
616 75 649 37 37 37 37 37 903 1237 37 37 714 37 46 37 
726 82 684 866 16 726 731 861 730 967 726 820 681 726 83 606 
600 17 27 27 27 27 27 27 10 1 17 27 27 27 27 27 
702 72 959 1141 14 685 772 704 679 871 27 682 583 685 685 894 
787 74 506 555 37 962 1207 703 11 1 26 817 918 864 72 719 
547 69 605 1350 14 969 570 742 747 890 21 838 890 547 605 690 
702 23 1 1 492 17856 1 1224 17886 1 262 10172 5 36 1 1 
1583 24 1 1 2077 16921 1 10464 1 1 615 870 2 1739 186 1 
744 33 1 1 744 811 52 6 1 1 478 730 6 33 600 17 
455 22 1 1 476 18144 62 3 18320 1 741 827 3 22 827 20 
497 21 967 661 17 17 41 661 1040 21 1418 1316 17 17 23 1316 
757 99 919 740 28 28 35 28 791 18 28 572 28 28 51 655 
779 635 880 1222 27 978 1457 517 974 712 978 560 880 1238 635 560 
704 35 1157 415 24 1 57 512 805 15 1186 579 35 32 24 579 
563 87 1015 704 25 468 1025 718 916 1312 536 666 1312 952 1165 1165 
457 91 643 643 25 26 31 259 1354 18 31 26 26 26 25 25 
1518 1047 22 24 22 12 18 22 18 18 19 18 642 18 18 18 
26 5660 26 26 26 17 26 26 4813 26 103 26 26 26 26 26 
1134 982 17 30 30 20 30 30 30 30 43 30 381 30 30 30 
27 27 13 27 27 16 27 95 27 27 44 27 27 27 27 27 
38 18 17 22 18 14 34 65 16856 38 66 16 252 18 18 16 
17 2137 19 19 17 7 42 118 43 17 53 17 216 27 25 27 
20 17 20 43 20 20 24 20 24 24 24 24 24 24 20 20 
27 27 27 27 27 27 27 27 27 27 27 27 27 27 52 27 
35 11 27 27 27 27 35 27 35 35 35 35 27 27 20 27 
21 20469 21 22 21 21 21 21 21 21 21 39 21 21 21 21 
23 15 23 17 23 23 23 23 23 23 23 23 23 23 23 23 
19 19 19 19 19 19 21 21 21 21 36 21 21 21 30 19 
930 6680 1427 5504 26 5985 1 5464 6314 5788 2509 987 1 5464 930 987 
911 1080 1624 5489 29 3952 1 970 902 470 3893 1080 29 20 53 1079 
760 1030 1707 1227 15 1307 1062 1762 660 2362 1305 1132 15 48 18 1132 
1192 744 895 1044 33 748 1811 1263 1263 788 1109 1031 1667 1158 748 1031 
844 796 1230 1135 26 1009 1175 1352 843 631 1280 1175 818 844 844 1543 
1041 917 20 1210 23 1411 1197 1388 928 964 1120 1123 110 109 779 596 
915 695 95 1326 20 1070 880 808 1120 1692 1071 747 696 792 651 1046 
927 926 38 1103 47 4 47 13 6622 47 87 47 844 87 47 47 
1021 866 111 688 28 866 32 109 657 845 866 1492 111 866 111 1273 
1317 998 106 1018 20 22 14 28 611 28 106 709 215 106 20 624 
861 21 17 10 10 21 10 272 10 10 10 10 172 10 10 730 
587 64 643 867 18 686 1584 681 681 585 1074 1067 1122 769 1067 1045 
624 64 734 20 20 1 64 20 1 1 64 20 20 20 64 31 
958 62 858 831 35 716 62 679 1227 559 1072 831 559 1003 935 887 
641 51 15 15 30 1 76 26 13 32 30 30 782 15 30 30 
765 39 27 27 27 27 96 26 30 39 30 30 27 30 30 30 
666 74 1 18 18 1 86 18 31 24 18 18 18 18 18 18 
42 24 24 14 24 24 45 42 42 42 42 24 24 24 55 24 
451 33 41 34 34 24 1 34 34 34 34 34 34 34 27 24 
1251 1595 751 30 30 30 1 30 612 725 988 30 30 30 30 30 
782 631 1304 1356 22 1273 1 33 1398 885 816 816 33 33 22 1265 
1147 1511 683 644 29 24 1 29 1175 1056 1375 663 29 29 942 927 
33 15 33 33 33 33 26 33 33 33 33 26 33 33 33 33 
791 85 571 1176 835 1200 1 744 893 1127 864 835 792 792 835 1200 
600 77 653 1129 560 1130 580 801 629 560 532 1130 1106 600 600 1130 
1029 75 601 1206 830 840 733 1015 841 839 603 629 1066 602 629 1161 
830 72 830 595 71 542 1 1312 625 720 767 787 948 767 429 787 
1078 69 648 1286 587 809 668 668 872 1161 812 798 608 812 798 798 
2340 53 838 567 2341 2258 42 13 617 1 2291 671 2342 826 2297 2340 
623 38 1 1 838 19668 68 5 1 1 1 1011 19 35 1 1 
885 33 1 1 948 19157 31 390 1 1 315 973 3 30 1 1 
920 54 1006 1 1009 960 18 20 914 1 941 933 1095 959 928 977 
612 21 1 1093 659 705 54 54 20175 1 557 670 13 44 685 21 
653 27 1 1655 731 695 30 10 704 1108 1308 731 19 623 937 937 
661 728 829 829 480 814 61 14 817 1124 788 788 13 537 661 868 
830 20 1 19 28 23 28 19 10207 19 28 28 28 28 24 23 
711 744 540 859 33 1243 789 33 1101 789 1243 967 33 33 967 967 
586 25 33 33 21 33 21 21 870 11 47 21 21 21 21 28 
745 710 913 1112 23 34 23 34 779 1423 1002 710 23 23 710 34 
1003 21 537 32 32 853 43 32 1207 35 32 32 32 32 18 35 
863 20 25 25 25 25 25 25 921 9 25 25 25 25 25 25 
1242 1160 903 779 1206 1206 13 757 9435 9646 1422 1160 489 765 765 13 
571 739 1210 1 465 772 1 819 699 1220 739 773 1 1094 773 773 
842 902 728 842 662 590 1 723 571 794 940 952 692 728 728 571 
818 28 886 1 818 1289 57 3 750 1085 969 880 1534 969 969 880 
500 28 1 1 813 18138 49 1438 1 1 1 877 7 28 727 1 
207 28 666 1 15 18032 28 13 1 1 2204 2457 3 28 1 28 
775 620 19 30 30 576 780 30 14 727 847 45 576 17 36 30 
1070 1187 9 9 25 9 1442 51 33 33 31 25 1466 9 25 51 
1175 1180 16 12 21 21 33 12 33 33 33 25 1180 16 25 21 
1292 773 19 22 22 1 1 45 1 45 45 27 20 19 20 27 
805 1071 24 1895 24 24 1 42 876 42 42 18 24 24 49 27 
2005 1970 32 32 32 32 32 32 32 32 32 32 32 32 23 32 
654 86 22 22 22 17 22 22 826 22 22 22 22 22 22 22 
403 723 18 37 37 37 37 37 864 37 37 37 37 37 37 37 
20 63 20 20 20 20 36 20 36 43 36 20 20 20 20 20 
21 80 21 31 21 21 31 31 31 29 31 21 21 21 29 31 
31 64 31 31 28 28 31 31 31 10 28 31 31 28 65 31 
20 36 20 20 20 20 83 20 20 20 20 20 20 20 20 20 
22 28 22 22 22 22 28 28 28 28 22 22 22 22 22 22 
28 28 28 28 28 28 35 36 28 28 28 28 28 23 61 36 
15 27 15 35 15 35 40 35 35 29 35 35 15 15 15 25 
30 31 30 39 30 30 30 30 30 26 30 30 30 30 20 19 
17 15 17 17 17 17 18 17 36 36 17 17 17 17 35 36 
575 20 891 24 24 24 24 24 1493 24 819 24 24 24 24 24 
875 1639 1735 1735 30 1230 1151 718 887 1086 1299 1230 978 977 1230 1230 
748 1471 18 23 26 26 26 23 667 26 26 26 26 26 26 888 
625 953 24 24 24 24 24 24 1561 24 24 24 24 24 24 1149 
1400 1401 30 30 30 1400 33 30 647 30 1400 33 30 30 21 923 
824 1019 23 23 23 23 49 36 1046 23 798 911 23 23 16 23 
656 998 1252 1001 30 1330 30 803 1002 1187 1576 1080 1009 803 30 1080 
730 784 820 771 17 12 984 17 518 518 730 1209 518 17 845 518 
942 18 25 42 42 42 42 42 993 42 42 42 42 42 42 42 
31 19 20 31 31 31 31 25 31 31 31 31 31 31 25 20 
765 30 22 32 37 11 37 22 37 37 37 37 19 37 19 37 
36 24 24 36 36 36 28 36 36 24 36 36 36 36 25 36 
723 26 780 26 26 26 26 26 689 26 26 26 26 26 26 26 
144 36 43 14 1 19 18 10 16447 106 35 158 18 6 19 19 
23 23 35 21 673 28 368 13 974 23 13 521 1179 23 28 21 
325 16841 15 852 676 41 16 10 16369 20 20 385 1 10 28 676 
1512 1512 15 1516 1512 1512 1491 1491 1516 1515 1518 411 1514 39 21 21 
147 16628 22 8 1424 1428 1423 8 17376 1 8 945 1425 40 8 16 
173 574 21 1 520 22 115 340 795 59 64 225 1 28 37 18 
1251 924 936 1065 635 793 849 948 1043 1043 1251 820 849 1197 820 1054 
932 6881 997 1386 52 1054 1 827 827 6971 2371 784 564 427 508 660 
710 696 750 873 20 710 1 787 1432 1260 696 696 1552 696 710 19 
776 29 819 781 13 796 38 819 1576 888 827 827 870 1 236 24 
2592 29 1017 1017 11 2588 47 773 911 836 2588 853 7 2583 37 19 
2495 2460 1655 1 2495 2461 69 2495 764 2495 2495 2459 2495 2286 2378 16 
535 65 852 804 689 1125 1 652 804 804 770 673 931 565 673 673 
765 69 1076 7858 365 1226 1 782 6772 7861 588 1226 1125 985 448 448 
707 72 1 650 19 1335 44 6 2697 628 416 860 1092 570 416 21 
715 71 654 547 659 609 1 676 724 719 729 624 609 651 1019 624 
724 66 686 1223 724 901 1 1179 1157 396 815 1145 626 815 756 756 
829 71 870 493 20 2847 1 1193 6381 7984 930 931 1 718 718 585 
26 23 26 26 26 14 42 26 55 33 26 26 26 26 23 26 
27 27 27 27 27 27 40 27 27 17 27 27 27 27 27 27 
44 43 17 17 17 27 9 30 44 5 46 17 25 25 45 25 
29 27 29 29 29 11 28 29 29 12 18 29 29 18 18 29 
25 37 25 25 21 25 21 25 25 36 38 21 21 21 36 30 
16 32 16 16 16 16 40 16 32 18 32 32 16 16 20 32 
494 618 25 579 774 774 833 846 722 794 774 147 794 147 147 656 
725 462 14 906 986 18 530 661 9 647 954 150 25 37 15 691 
128 727 29 1045 731 10 1 678 19 610 128 128 28 35 26 795 
746 713 122 996 788 596 732 122 862 1078 122 723 959 122 122 723 
553 1001 11 1031 901 901 9 729 7 951 129 136 951 11 129 9 
127 35 127 889 500 254 10 882 37 35 35 128 37 127 35 22 
