748 411 514 1695 8308 1888 1 1443 1 1 766 1 1536 1 1 1 
2020 486 2367 1539 8454 512 1 572 1 1 2060 1 2418 918 996 1 
720 248 1220 2538 1447 1284 1 1353 1 1 1124 1 826 1 742 1 
628 411 916 396 2457 1817 1 606 1 579 777 1 1155 769 782 1 
814 548 1187 1440 556 2013 1 853 1 569 1790 1 1265 612 584 1 
1086 883 669 879 901 576 1 1361 1 731 1033 1 1135 1 665 1 
1593 1 1 835 1424 633 1 1234 1 572 813 1651 1552 781 615 1 
916 892 1 932 1980 9647 1 653 8980 529 526 500 2311 667 2334 1541 
643 692 324 694 1374 265 1 1336 1244 769 1441 495 820 769 583 563 
2055 359 1 1298 1532 597 1 1360 1332 1042 829 1532 1152 712 712 827 
836 580 789 1081 1777 2502 1 1407 1 792 958 3042 2068 1042 1042 811 
902 757 412 815 1627 9939 1 790 2172 433 1764 1000 1654 822 705 1000 
490 490 1313 528 1310 331 1 625 1 625 1323 743 1272 1110 602 1 
821 1054 1279 559 847 847 1 2595 579 813 1663 847 579 1341 791 987 
464 818 757 468 975 921 997 1061 684 700 1734 1132 3477 810 722 735 
1690 689 544 919 1220 1000 565 661 1032 1 1070 623 1716 1183 919 920 
450 10468 1083 1 1 596 1486 881 1 1 614 1 1815 1 1228 1 
1131 757 628 893 1002 962 719 929 850 955 987 856 670 1425 1233 947 
709 840 805 685 1294 795 637 685 695 681 685 836 695 812 925 670 
1080 591 680 937 751 833 592 592 680 591 591 701 680 1068 1130 895 
844 792 834 786 962 1022 690 690 1056 690 690 1155 1436 1385 1096 888 
1342 560 681 752 906 835 932 692 1105 818 835 851 906 961 879 687 
637 815 845 907 936 984 984 614 1034 732 637 936 1015 1329 1015 670 
752 736 653 1104 883 883 883 848 686 1015 883 883 686 1043 1359 719 
1209 680 1196 1425 1159 2416 924 2581 794 1271 792 1180 1684 1111 918 990 
1009 805 1310 1118 1114 1144 1743 877 1045 1215 2028 1229 3504 1845 1009 1465 
477 1125 588 1561 1631 1700 1678 724 1700 1011 1446 1664 2603 543 543 1700 
385 1429 665 531 1160 542 1711 2316 1633 1 1120 1348 505 1408 1511 1681 
1211 1436 1220 1 643 1198 2159 628 901 1 1095 1436 884 1220 1220 1209 
708 679 1115 946 1097 1121 1123 806 1168 1278 809 1168 1401 1115 1115 1145 
1628 1556 359 1 1 1527 538 1524 1 538 501 1 1292 853 1257 1264 
1608 1485 551 1 1 2445 1361 1 1 638 1552 1 1490 1236 1032 1540 
1630 1630 847 1650 2433 85 85 1 1 1 1568 1 1684 1235 1527 1 
967 1562 453 1 1296 1296 1379 1521 1524 1 1391 1 1524 1031 886 998 
903 1491 269 1 1432 1353 631 1418 1427 595 1351 1 1427 745 875 1 
753 753 753 1 1476 1476 638 854 1 1 665 1 1557 854 804 804 
1040 783 944 747 593 841 943 943 855 783 883 761 868 887 1238 761 
951 766 1210 918 849 849 742 734 746 767 856 741 589 816 944 673 
2398 720 953 969 726 727 772 1548 658 1135 1068 1024 961 921 1199 938 
650 600 996 949 860 993 992 716 1065 926 926 982 830 1303 593 1100 
818 646 968 968 570 853 853 853 1124 827 853 741 675 715 631 1008 
947 755 990 863 655 590 590 820 1013 874 818 803 1053 874 1554 762 
