886 1451 112 1208 695 1843 702 515 859 910 597 812 854 808 952 1415 
896 700 62 978 386 891 726 1469 1035 771 563 895 1536 1264 860 910 
551 1055 36 546 546 1158 1078 641 611 872 731 992 1130 965 1158 1158 
1243 1009 130 489 489 968 495 3007 531 863 652 652 602 893 780 1136 
1927 1167 13 543 1171 1981 885 1088 1656 2016 865 1056 1140 674 13 2750 
920 936 38 734 914 1336 707 1154 757 533 1065 778 994 923 1146 635 
22 35 107 24 779 4171 60 947 47 1770 657 17 631 35 689 35 
1347 1894 116 43 891 1577 113 1591 617 1645 823 927 864 2407 589 769 
784 1120 798 924 762 1386 787 989 1119 760 760 798 798 1001 1095 667 
1133 1086 964 1233 658 1207 1113 936 1156 892 807 995 994 877 1149 964 
1191 1742 685 844 501 1041 863 863 1096 719 587 571 1198 1163 1045 804 
866 878 866 866 689 1157 137 1173 712 1110 1019 944 825 137 880 641 
44 8 123 8 21 8 1294 1938 823 1095 8 11 1252 8 8 8 
90 1842 112 61 1699 17779 2124 1720 2182 2370 779 1971 2270 6 31 1860 
66 1 67 2190 2712 16440 1245 1370 1768 60 1766 1 16236 1857 46 1748 
2783 1 137 11 2771 17750 960 1095 406 2061 2192 1 1951 31 13 1677 
836 1980 35 2980 1950 18201 1261 1597 822 1485 1952 281 1561 2576 20 1315 
2083 2052 20 536 1542 1963 702 1591 1204 2056 724 311 3250 15 40 599 
1 1030 269 605 627 2602 4145 1051 1156 1700 2660 2748 511 1218 5 701 
1 738 230 556 508 1185 1329 1217 668 1217 507 515 678 991 936 515 
1 967 224 893 660 944 667 785 1145 1642 731 564 1134 1245 17 905 
1 2164 1402 927 576 2447 1183 494 703 1539 807 973 553 1696 546 975 
1 850 1338 795 570 1034 779 974 822 731 662 527 743 637 795 818 
1 999 1300 719 587 1131 768 1225 777 736 838 748 728 1279 565 744 
993 14 1140 1036 28 19377 1110 53 2447 1044 1 1 1045 1719 786 1209 
1203 1096 1103 1785 33 1095 1079 26 2102 1161 1 1 1187 1374 1103 1200 
983 15 646 1266 102 2030 331 24 8 16 1004 1004 1072 1895 1101 1893 
2040 1393 940 1690 80 2007 793 1893 1222 1449 1 1689 1500 1833 2610 1095 
671 1378 1042 1012 110 1375 113 59 963 929 1211 744 796 1247 681 887 
919 784 15 797 105 738 108 21 1198 18 667 482 1201 153 745 822 
721 679 159 685 619 1010 600 610 610 807 827 764 948 706 465 634 
649 938 21 1235 639 795 743 510 634 1413 517 505 473 692 693 554 
730 836 57 816 774 713 456 709 636 778 943 713 744 1065 907 841 
673 648 167 857 597 745 635 805 964 788 648 1021 743 844 687 842 
588 995 74 563 619 863 582 877 821 660 654 621 773 792 660 882 
601 1895 152 974 551 1595 449 25 631 660 685 497 562 958 629 49 
612 1021 675 782 1020 688 682 709 802 1399 689 687 690 682 817 721 
714 629 730 158 1211 779 658 730 867 1148 1017 755 883 895 551 773 
947 771 771 128 2041 1008 650 919 602 1032 905 508 940 517 931 673 
1273 626 821 220 1103 1166 793 932 744 987 1588 448 845 819 711 754 
2193 1505 1365 126 1861 3310 1905 11189 3198 982 1449 1436 2447 4392 1267 1472 
3536 517 1769 134 1980 1 1452 3660 2494 5172 661 425 1601 4393 395 387 
839 824 636 662 608 800 550 621 1047 908 835 598 751 825 645 850 
1048 964 860 1016 152 632 610 926 972 13 864 612 543 80 1280 603 
688 781 1199 794 765 739 590 716 1013 8 591 661 680 54 629 708 
1375 748 796 25 17 1101 169 11 2593 11 1 670 494 103 666 639 
1094 1033 1503 1 11 3070 219 538 2092 8 1279 1 803 37 895 320 
1127 1237 1479 232 28 2057 349 211 1934 15 1490 1705 1096 37 1484 1102 
1329 1345 568 704 767 936 934 650 501 515 704 598 1023 915 558 703 
3328 424 1647 1564 1768 2139 1568 1707 1799 1968 1833 1951 771 1496 1750 1537 
1 1373 1285 623 608 993 741 702 1192 670 712 648 920 930 951 902 
1 820 1195 664 672 876 710 711 710 857 658 818 757 805 704 823 
1 722 1230 722 649 685 609 924 609 773 569 1008 775 1170 812 1040 
1 1035 1200 922 527 1461 673 656 1035 827 1216 719 586 741 616 967 
1802 1544 71 299 27 2015 16 1678 38 38 1986 2376 1802 2208 1503 3 
1681 15 56 7 1457 2947 73 26 20 55 15 18 1159 15 50 3 
2417 1317 70 7 14 1582 82 14 21 14 1558 509 1225 2621 870 35 
518 730 38 8 506 1812 16 1072 20 937 1387 874 412 905 1017 39 
816 712 26 913 503 894 702 843 1092 871 522 816 715 894 1014 761 
789 1072 101 800 473 616 627 701 713 980 610 934 689 1221 708 584 
721 1680 148 690 668 1033 963 1017 1073 1662 660 727 655 765 813 662 
617 763 144 512 667 543 547 889 775 855 563 682 748 768 504 609 
808 763 88 871 627 720 465 652 708 481 572 798 649 917 550 589 
639 2014 147 15 576 1299 916 887 601 1381 658 499 695 954 37 1052 
581 1300 161 891 613 1186 684 613 803 854 729 877 1126 612 36 743 
800 882 97 736 640 951 796 1033 503 874 619 773 642 788 832 503 
24 1466 39 10 43 1187 39 39 939 12 39 39 352 19 327 38 
1158 1026 636 6 589 770 130 744 877 129 899 577 878 129 435 28 
646 864 670 890 514 684 553 646 645 36 645 465 605 901 623 36 
778 778 943 5 660 624 122 675 646 121 34 746 754 121 745 22 
680 1037 760 608 605 622 601 680 665 805 576 689 591 648 601 826 
10 1352 1104 8 517 863 160 948 677 45 50 577 571 128 390 27 
702 685 149 701 621 589 667 1161 664 867 763 764 723 645 578 723 
634 1311 143 627 896 665 695 792 694 1497 696 783 663 692 843 896 
1861 1656 51 1658 45 1385 1464 1658 1543 1657 2458 1658 1656 1336 83 911 
727 1206 41 1259 402 1021 567 475 679 726 1803 714 669 1426 1104 969 
816 604 42 665 631 741 529 1280 608 710 546 820 832 944 529 820 
718 769 36 689 689 547 772 661 801 689 788 614 859 615 504 729 
612 732 758 758 666 976 848 892 655 1455 791 731 744 137 859 715 
1596 1329 647 881 2834 2030 280 5 47 31 2433 470 1136 47 900 203 
1473 1771 1611 384 1685 1658 467 1822 42 1470 1767 841 1721 61 1993 62 
1610 904 1058 337 1683 1939 532 1485 44 19 1488 1006 2588 108 295 380 
761 1326 454 1109 107 2095 181 744 35 107 1395 925 744 106 1270 1027 
1641 856 355 819 140 710 140 3 8 5 1023 800 912 140 1885 679 
978 1182 149 675 544 923 906 914 498 1349 606 744 149 1522 429 995 
137 6480 137 31 73 4899 1070 1073 1127 9822 2944 2834 1032 15 15 15 
627 982 155 44 523 1173 1078 46 705 960 824 649 1190 966 44 687 
755 880 138 834 554 952 1075 689 636 1025 636 706 783 806 631 963 
90 9523 128 15 449 1397 1186 831 746 9994 5077 1 883 15 30 15 
704 726 146 619 558 917 1075 688 639 709 790 564 1173 974 904 568 
29 1195 29 43 721 968 110 5 602 80 868 419 700 2142 639 26 
21 1250 31 1752 516 2337 154 1129 643 67 680 764 1085 1078 457 741 
26 803 54 878 761 820 134 805 603 96 889 596 1229 1235 703 23 
15 1336 15 6 711 1529 136 11 136 106 3136 1418 447 1529 1007 18 
25 795 672 731 608 609 138 604 796 138 663 686 520 746 570 663 
21 636 659 666 841 638 826 678 553 1111 700 865 637 782 666 668 
621 1374 44 2988 15 2104 1052 992 44 2005 1319 556 1111 2925 1374 10 
902 1314 26 1501 12 2395 2180 1639 2027 1832 2267 1233 1639 1711 2842 1901 
1261 1239 50 10 23 1237 1246 981 2170 1228 2056 10 981 1293 1 5 
1420 1127 51 17 581 1071 1156 1240 43 1002 2430 449 832 563 52 24 
2324 1552 81 1725 7 1337 1143 1724 2651 1818 29 2471 1061 1652 2699 29 
2053 1632 47 23 30 1651 1415 1075 25 1366 23 1113 1154 1831 1246 13 
3235 1253 1036 1266 1049 1117 1264 1264 1 1124 1028 1 1 1036 1 1011 
1313 1021 973 973 987 967 1313 1313 1 970 976 976 976 979 1 982 
1 4559 4559 1 989 1 1 1 1 655 989 1 1 1014 1 860 
1 1245 1245 1 1110 1 1 1 1 1157 1245 1 1 1110 1 1305 
1 1521 1335 1 1335 1 1 1 1 842 1 1 1 1010 1 841 
1 672 1450 1 672 1 1 1 1 822 1 1 1 1084 1 1164 
701 700 149 606 626 1079 723 685 770 773 801 533 628 773 432 803 
3225 22 38 22 45 9126 1051 1088 821 565 1438 22 1440 22 22 1059 
147 2423 21 49 27 1359 672 1368 1563 1449 815 20 1091 8 27 5 
919 1165 148 4135 631 620 1049 590 712 1875 4482 921 948 836 42 894 
721 988 136 899 630 1640 818 816 518 1434 652 838 785 895 601 574 
850 1586 120 1033 737 1584 381 543 609 813 781 1181 632 13 381 1181 
757 878 73 7 683 748 581 1057 646 911 560 447 837 727 422 496 
888 780 71 827 771 1330 491 780 707 601 676 771 610 794 836 640 
928 999 79 884 622 661 577 518 578 688 773 709 761 489 886 809 
678 931 72 788 642 1411 100 494 524 623 524 736 639 459 624 715 
17 1767 106 20 18 18 128 33 1878 63 18 30 19 31 594 1942 
118 6 53 6 6 6 29 30 7 72 50 9 5 21 50 6 
1029 1283 1035 1082 714 1206 1104 789 1160 792 804 867 885 1624 938 838 
661 1247 543 814 619 1361 124 698 675 551 887 872 1492 41 1029 722 
998 980 1029 821 493 1363 134 708 1062 973 682 1110 1277 1157 1088 868 
124 17 92 9 9 1822 9 829 1116 2500 17 17 17 17 464 27 
731 653 1023 698 1079 1025 137 911 1265 1011 734 723 1025 1293 795 1108 
922 692 701 1064 436 929 162 1051 912 921 926 756 956 911 886 803 
930 756 614 1686 907 1797 926 906 1216 1175 1595 528 806 4393 956 846 
3658 582 1070 538 2546 115 2789 110 4335 902 3075 580 83 4395 895 671 
819 543 687 833 4168 98 2223 669 2201 113 1094 536 339 4392 1347 1 
3325 1565 563 858 888 73 811 1404 2632 111 687 1 890 4392 963 599 
1775 532 643 1307 2235 110 1167 998 1682 1014 760 1233 623 4394 1313 122 
806 722 744 678 421 1058 2299 1386 1321 747 1100 628 859 4392 614 962 
2042 1321 436 1552 1597 1499 1531 1514 32 1531 2769 1483 1552 1528 2226 49 
112 1444 383 8 1887 1398 975 2467 1484 398 1046 947 976 964 1530 47 
527 868 116 9 686 1683 99 1753 644 698 862 461 1062 1133 1403 3 
681 1697 44 916 664 1297 2053 582 743 663 1207 1441 1056 785 825 58 
556 1609 69 14 405 1677 889 44 633 674 589 1045 982 14 1166 4 
782 895 736 838 582 1029 684 791 875 1213 644 763 693 984 739 763 
6378 518 6562 683 6179 3245 739 3547 1 854 6209 1 1 6734 1 6378 
6550 419 701 1633 6505 3181 6590 3360 1 6505 6460 1 1 6505 1 6505 
1 590 1106 937 1556 1992 1556 2087 1 855 1471 1 1 1497 1 2906 
1 971 971 1 3409 1 1 1 1 3409 1729 1 1 717 1 545 
1 636 3721 636 1 1 1 1 1 699 3402 1 1 5915 1 1808 
1 897 1 1 757 1 1 1 1 812 812 1 1 824 1 622 
801 801 125 994 658 650 862 1025 929 692 864 932 1006 951 13 689 
797 797 161 619 605 855 945 508 693 1009 798 893 861 626 927 676 
1068 731 162 610 716 873 543 1062 995 924 849 901 543 744 636 543 
1035 703 162 754 647 1184 712 665 807 886 752 984 1059 850 1032 704 
1118 924 143 940 538 613 813 906 600 1581 606 1132 732 1024 596 902 
727 1104 150 457 565 706 558 753 653 701 713 702 621 889 581 783 
750 1487 113 1954 757 1498 115 2282 706 15 15 768 1736 37 57 1442 
1133 1132 76 497 1807 1131 19 1086 749 2084 20 883 1270 2070 35 2502 
2037 1089 69 1819 2073 2195 23 1694 2073 7 7 1332 1930 22 67 1710 
579 630 56 1507 1927 734 118 32 1432 21 1722 1196 1449 23 2098 1687 
32 12 62 6 1118 6 51 738 12 18 6 12 1577 32 37 6 
1658 1787 115 7 3185 19514 121 1490 1630 7 8 1755 2719 23 1244 1420 
1963 115 115 115 115 8814 3377 115 28 115 88 112 115 4235 17 115 
891 1694 135 901 697 685 798 533 701 1503 621 745 699 727 574 870 
739 807 132 753 745 1591 749 701 667 534 534 594 577 776 886 593 
1258 1966 151 578 687 627 615 941 614 785 731 694 631 755 1123 871 
1121 734 136 740 575 1066 559 1007 624 1036 643 707 539 1663 1044 746 
1444 13 110 25 15 3708 1300 445 711 1201 13 13 1394 1060 29 24 
817 1084 35 941 604 739 601 727 690 786 1723 933 893 1292 671 543 
817 2245 31 980 509 1168 811 630 670 1893 704 647 681 1044 520 599 
676 1721 51 1115 523 1037 831 1224 683 677 702 641 1003 810 120 42 
722 618 59 836 605 1093 581 892 698 736 892 1101 834 669 788 692 
566 1122 66 810 555 847 1252 50 560 559 573 883 744 818 567 661 
457 801 33 929 708 704 504 679 656 947 870 699 708 936 889 1125 
791 1255 45 719 614 1026 103 857 684 1218 795 964 706 954 897 38 
704 894 88 624 702 701 594 814 497 700 866 990 636 636 606 1107 
892 589 195 778 606 1141 963 631 686 1106 956 720 648 1171 757 663 
871 906 55 945 474 958 744 946 487 1118 702 631 660 802 582 631 
582 40 28 28 1032 1706 40 44 28 2032 28 28 825 28 53 41 
1955 1637 48 1565 1701 1232 1624 1700 38 1654 1546 23 1546 1624 69 57 
846 717 899 562 747 637 772 772 865 804 894 538 899 634 710 608 
579 1111 1012 601 608 671 849 878 101 629 624 507 599 763 542 640 
561 939 1573 20 809 1682 734 982 435 25 617 706 816 503 1161 19 
1086 1279 856 594 880 1438 882 1194 98 98 855 1014 650 489 650 35 
404 1702 1274 1371 680 981 1048 778 101 101 1194 404 608 504 912 28 
790 1367 866 24 818 808 497 577 97 91 715 508 725 602 569 26 
33 1392 24 10 2702 2879 63 1007 1153 38 11 1850 1010 38 40 20 
7 1120 25 6 1876 2627 38 2203 1262 43 6 2096 2013 43 79 6 
6 1259 44 10 553 1940 52 1809 1042 37 44 2268 2004 38 20 10 
992 879 50 12 455 1101 69 1532 707 899 38 911 1188 50 43 1035 
45 2170 45 9 1264 51 45 2401 692 45 28 1808 1630 29 45 19 
1154 1086 32 5 1449 2605 45 1402 1157 27 38 2402 1201 51 54 38 
1085 661 118 647 703 729 843 681 870 649 650 703 730 810 536 764 
633 705 126 928 579 935 623 959 509 677 648 733 557 780 563 710 
1285 23 76 19 1079 852 111 606 712 33 677 682 1079 1183 37 125 
591 851 129 1061 731 817 129 646 666 810 845 856 796 1456 613 587 
1033 1064 120 633 460 675 621 713 937 657 893 582 705 797 867 583 
801 102 102 102 16 102 102 96 24 102 102 102 446 12 12 91 
3170 2065 550 59 1910 1426 31 942 3642 11 2244 1602 952 3179 1648 34 
1299 861 599 39 1741 2158 451 584 8 15 1473 1318 847 2910 649 12 
942 1317 640 111 597 770 1270 704 1851 21 2712 501 651 858 1389 5 
672 1127 752 824 659 1282 1089 845 1240 134 907 746 751 943 620 659 
881 1667 1249 680 499 1399 797 586 1103 110 781 714 981 881 967 20 
1002 736 657 691 508 757 786 804 1351 99 643 804 558 764 701 757 
37 1259 39 1381 1127 1880 74 1381 1603 1080 1309 530 1162 33 1880 1739 
31 1048 77 13 1274 1271 53 501 990 53 31 31 1202 32 31 1132 
43 23 30 5 1516 23 51 1040 1130 23 23 8 974 30 1811 15 
42 15 16 15 1135 15 36 3284 2053 15 15 21 616 15 591 15 
40 40 59 4366 635 3053 71 2945 1975 10865 37 37 850 37 80 27 
1038 1110 10 1215 651 1060 69 1106 796 690 659 475 650 797 650 857 
790 1282 157 757 573 751 784 527 757 747 582 899 597 791 760 698 
771 1106 143 537 599 629 569 55 763 1288 624 599 843 959 565 903 
838 1675 46 1500 568 796 764 1124 823 603 470 780 732 641 764 49 
732 1069 88 1138 523 585 890 615 891 609 891 770 1080 831 925 721 
576 747 133 814 623 920 472 606 534 133 1557 537 602 1598 133 133 
680 1907 132 823 606 1199 618 908 679 511 639 809 940 701 509 693 
1222 1222 1333 1077 690 978 1366 1209 1041 1138 713 661 1445 1762 1220 570 
1058 1154 1025 813 601 2182 884 920 1157 1125 920 668 958 1434 662 811 
727 1478 90 909 727 1690 1082 998 897 1482 721 962 1062 1806 709 613 
1201 2055 58 1414 757 1790 907 600 846 1180 845 794 1713 1542 998 615 
933 1282 946 1000 846 1970 805 897 771 1138 771 943 1674 914 804 559 
915 1033 1170 820 1210 1408 865 865 1028 935 802 933 1546 1294 581 713 
844 775 111 716 584 938 113 113 634 962 671 903 962 1102 771 960 
918 1372 109 745 719 872 571 856 648 817 684 782 877 1661 760 655 
104 105 104 104 1577 5149 104 105 1794 5835 103 104 853 1698 105 1204 
998 695 114 662 721 700 662 654 820 1054 820 661 1274 662 881 530 
937 1094 807 807 653 1203 553 697 1009 795 950 908 689 936 552 1026 
909 906 123 609 655 1103 1198 534 960 750 656 809 608 1003 1198 726 
1087 2220 30 7 31 4096 841 1118 1330 2090 1236 390 1368 2186 56 1018 
1452 2129 19 1300 945 2454 2061 1172 1532 751 581 862 1320 2329 494 1097 
2043 1780 13 1293 8 1789 744 969 2297 1724 2547 736 1209 8 1531 1738 
529 843 26 806 606 1005 524 842 592 747 888 862 986 1044 26 818 
679 944 98 678 701 1126 679 1046 669 780 679 735 720 672 462 679 
954 1618 60 1139 595 799 796 815 613 779 818 464 706 1324 734 757 
706 741 40 1059 697 978 1149 939 657 740 724 724 583 1413 40 938 
915 1240 151 715 712 978 432 700 611 856 714 835 746 814 595 640 
1197 1361 128 934 654 1210 606 1194 652 982 790 828 794 1131 606 840 
1029 871 141 824 647 1369 687 1074 891 824 824 873 1161 727 865 752 
1007 2176 134 487 726 927 700 851 1074 566 758 848 656 661 1215 793 
629 1505 139 477 507 1302 518 793 606 1437 999 556 790 896 971 556 
19 1514 761 1039 540 1295 1262 1372 19 53 2539 1159 587 2318 1520 19 
18 1515 38 10 1477 2064 1142 10 38 63 1380 1551 1146 1832 1254 10 
42 1136 770 1490 459 600 996 971 143 46 1618 849 832 887 458 19 
26 603 972 1107 499 1061 731 581 932 43 711 895 709 1299 932 769 
121 1000 1018 1023 993 1019 1644 1023 24 112 2839 1022 1021 105 1413 31 
16 1950 1561 1549 1207 2381 1261 1664 1213 80 1463 1819 1213 1198 604 1469 
1019 2080 151 4768 567 10376 3835 1020 659 4444 1087 2838 618 739 506 737 
468 871 50 1488 729 1794 524 814 639 764 1034 837 679 1177 733 794 
760 704 37 781 703 708 616 791 432 704 713 709 737 530 514 869 
689 1204 16 588 630 879 690 958 604 833 854 748 904 1222 572 1151 
1854 1113 32 4 614 654 531 867 459 1145 1203 555 521 3579 61 29 
1637 2562 12 10 9 9067 1498 687 958 9896 896 1 2253 13 61 4 
1803 2186 99 5 1753 499 1077 1199 2902 4476 2960 3278 832 2175 5 1518 
1698 1373 131 6 543 16707 4446 1286 555 9 1945 1 1396 1645 9 635 
1705 1528 96 3 1527 1706 1351 1444 1183 936 1 1 742 1444 25 408 
667 800 100 717 628 620 567 666 614 599 842 615 1038 567 592 1005 
460 1013 132 933 473 1293 123 730 671 1761 14 711 627 29 119 786 
1159 30 36 30 647 30 124 1240 518 522 36 36 43 30 30 44 
664 818 120 583 529 532 120 972 870 1282 652 676 530 30 720 855 
742 754 38 38 675 38 38 675 760 662 38 38 734 38 38 592 
551 764 126 582 507 893 1143 538 784 1064 694 744 764 953 606 538 
636 1075 60 38 524 38 38 712 704 1572 38 773 38 38 526 839 
926 1069 152 40 763 856 152 29 928 1230 1229 40 1467 40 622 674 
1258 891 50 816 690 1294 36 913 977 1201 760 1097 590 913 891 810 
980 971 149 892 829 1028 849 850 960 1100 735 1121 972 907 849 722 
1076 1142 136 799 705 1039 675 548 890 747 994 994 1004 777 963 799 
1053 1601 38 32 1047 961 133 661 1051 823 1050 1050 1006 37 873 956 
1038 846 123 699 681 846 805 978 1181 888 762 889 910 855 863 805 
652 1044 120 120 636 852 120 120 767 120 925 609 804 922 120 120 
601 1026 2 4 399 1352 126 62 651 5219 894 48 770 40 139 73 
641 969 131 738 521 537 130 725 721 502 978 597 697 721 130 130 
916 1080 125 1245 593 576 121 637 804 622 665 590 861 904 125 774 
117 117 117 117 2260 117 117 97 117 117 117 117 117 25 117 117 
100 116 116 115 575 116 115 36 743 118 116 30 1229 28 122 36 
70 10 53 10 1952 10 10 23 306 62 1285 552 1042 2037 1608 10 
30 2126 1939 2209 2262 2515 26 2069 2335 61 1936 1694 26 2136 1376 293 
13 1479 30 39 1073 24 17 127 1508 126 4634 4306 30 2322 1288 19 
715 658 1268 726 621 623 952 806 642 158 734 568 623 1195 890 714 
12 717 910 732 746 646 614 1603 674 22 665 673 830 757 503 609 
738 690 1155 646 575 729 627 666 741 108 695 578 619 1172 832 666 
984 584 78 1615 454 1066 573 822 687 883 667 966 822 1295 962 754 
524 1143 104 611 653 1018 519 1003 611 655 873 771 1055 601 1398 610 
53 1022 89 845 527 1391 1382 1262 443 664 910 914 982 1652 34 1044 
1010 941 97 899 630 1034 881 1157 507 1125 497 960 994 1087 763 859 
762 903 99 857 599 1538 697 1232 1179 1768 777 845 652 752 1264 1088 
94 1130 89 505 897 971 1458 2257 1533 801 1360 393 1891 2378 7 3932 
926 549 130 635 641 1786 130 784 631 786 1060 717 537 1184 130 913 
678 864 114 13 757 873 114 1105 581 1008 13 594 721 1147 26 687 
50 114 114 114 789 114 114 50 23 114 50 50 1173 50 114 114 
752 999 131 1057 770 624 131 1219 953 1111 623 801 770 806 131 131 
775 701 125 621 621 776 125 677 605 826 646 688 562 914 125 113 
814 125 125 23 735 1112 125 1038 25 125 125 920 712 574 124 125 
850 1079 955 959 143 692 143 659 1163 1029 934 589 864 143 1067 546 
503 871 712 532 41 669 142 18 948 668 712 569 725 142 1028 663 
764 1029 1251 908 143 861 143 7 2822 588 1173 867 555 142 1057 910 
1096 1138 1096 1059 44 1099 1099 1100 1099 1072 1 1 1043 134 1100 1243 
1256 1209 1131 2040 32 1100 1072 1115 1014 2034 1 1 1115 159 1186 872 
1000 1041 794 1083 58 2135 967 5 1944 1087 1086 1086 1013 127 1028 1055 
27 2696 99 7 2129 18286 139 70 2040 7 119 7 22 29 62 32 
86 9 114 9 3264 2796 125 113 541 13 91 13 27 2122 84 3474 
32 28 142 10 787 28 32 28 67 28 28 28 933 19 41 11 
21 1379 58 15 1626 2843 48 2257 907 1919 21 15 2025 15 62 592 
59 2067 85 5 503 2191 51 528 1404 13 22 9 5 2102 56 5 
43 1058 71 7 664 2817 54 1444 1596 7 43 3341 1348 2213 65 18 
613 2371 306 818 1452 18509 1628 362 1448 2097 2565 321 699 1313 8 613 
739 1679 339 976 697 1085 1736 1335 1804 1166 967 531 935 2699 710 355 
1842 1396 177 375 2793 5332 985 2482 1056 563 1838 372 1122 2459 966 662 
889 3307 351 432 675 3772 1018 1119 2730 1166 504 487 1269 1945 652 411 
839 1650 372 439 810 2268 1355 716 1501 2314 1310 759 1067 1834 2039 886 
891 2139 162 423 856 19461 2158 809 893 1684 907 916 1098 1727 1773 432 
1673 834 571 464 29 1232 438 1343 2602 15 1616 1 1468 143 982 381 
1248 978 14 30 10 1 34 677 2062 14 894 1 650 138 1664 6 
2100 1184 7 7 7 1 319 933 1990 7 1246 7 1490 73 1420 7 
1772 993 9 22 22 1 1351 1684 2822 7 1727 1732 1001 131 1265 9 
1005 820 6 1194 1278 1410 486 779 1205 6 1212 6 1733 43 2075 6 
2126 2074 803 2219 407 2016 114 2529 2021 20 2183 2219 2219 52 2138 2219 
4 11 27 11 27 1544 1574 1517 11 27 11 11 1623 11 42 11 
33 1629 43 1 12 1935 827 2014 1017 1268 2040 1025 1206 687 28 1025 
1026 2018 48 5 662 1229 1472 2486 619 1696 1011 721 1229 1255 27 1168 
1313 2472 60 6 16 1440 2826 1833 2529 1426 1147 1105 1370 14 61 14 
1685 1 15 1567 16 1554 1425 1557 1767 1926 73 56 1538 16 16 565 
1320 1565 73 1041 20 2313 1815 1565 1564 2026 73 1 1112 2116 15 966 
2146 1250 144 4 644 1088 1048 2347 1008 5246 1 1 1056 1784 8 1144 
736 1059 124 637 491 650 685 708 829 697 824 775 646 705 1302 711 
1118 864 118 810 582 1026 897 842 649 649 648 678 610 706 706 896 
1559 832 95 39 624 3059 1053 848 2765 834 1 820 1074 3104 23 731 
724 904 122 608 548 1084 543 655 641 650 741 720 586 1150 655 1056 
707 1336 110 591 507 565 751 803 642 751 737 605 578 591 620 670 
960 1193 108 111 655 929 735 670 558 937 558 444 610 703 23 836 
960 898 115 848 799 632 690 815 947 1037 838 770 937 848 39 960 
706 868 113 747 527 702 757 617 1101 890 706 706 684 568 526 816 
105 100 105 101 940 1396 620 100 665 1821 105 14 1369 105 19 743 
903 1254 69 1674 1424 1324 1592 1429 1881 1441 1405 1174 1442 969 14 1358 
2149 1695 109 5 915 1117 1073 1572 1908 1535 1905 947 1536 1572 16 1344 
775 1340 743 670 107 672 110 623 859 844 830 811 527 114 529 742 
1214 847 858 220 44 1973 113 8 2588 891 34 34 862 138 44 18 
940 835 706 814 113 938 113 669 754 649 845 735 690 113 794 706 
606 898 714 714 113 1088 113 25 754 1269 871 722 706 113 588 585 
797 897 801 653 114 656 114 1029 796 614 588 496 596 114 1124 656 
1045 1369 1122 150 43 2131 1638 28 1609 2014 43 1553 1080 150 1146 1683 
1133 1253 1133 1479 1133 2165 1915 2420 2507 1133 1175 1133 2607 1133 1133 1133 
1901 1397 639 1 1962 2006 2006 2006 1 2540 3006 2006 1 2540 1 1962 
1724 1021 572 1 799 1766 1811 1977 1 1756 1 1696 1 830 1 1962 
2098 1700 98 30 702 1512 49 2448 1779 587 30 30 39 30 686 238 
60 32 137 10 2473 10 66 991 32 957 10 10 10 32 966 766 
1612 30 30 30 514 1271 46 30 490 1562 24 22 24 30 30 11 
670 1804 30 9 751 1185 44 113 1117 1067 14 9 831 9 774 16 
1489 1287 88 23 664 1468 44 1013 695 456 23 1485 651 23 1441 1485 
1203 957 104 630 637 751 31 1136 759 860 850 542 629 751 860 699 
84 1 37 17 48 1490 18 1850 32 5823 2558 17 1154 884 32 17 
759 97 32 97 105 17129 1043 95 29 4576 2648 82 2008 1377 1611 85 
120 1 39 7 81 17459 120 1481 27 1401 891 17 1508 1626 1497 7 
69 1 52 19 113 17531 113 2106 31 1855 1329 19 1115 1441 895 44 
42 1 51 8 85 17522 1465 46 36 64 64 64 1207 28 535 61 
83 1 65 79 55 18232 133 2216 31 26 1780 16 646 2982 1222 39 
706 836 1398 782 131 1509 538 964 806 806 816 805 699 614 929 704 
799 1014 884 2106 594 1829 160 9 1601 1700 2170 321 698 1753 726 596 
656 1 457 539 104 2789 429 33 8 1288 1612 1 631 3297 1043 595 
1037 970 891 1459 43 2380 892 25 2672 1 1834 1 1435 2215 1047 743 
476 2069 1586 825 8 18908 1144 11 12 1241 371 1 1189 3792 840 264 
978 1099 1218 967 34 2077 1047 150 11 23 2929 371 1698 1753 1311 259 
1477 1230 396 471 440 1745 63 43 804 2527 1358 1 558 2275 931 7 
63 2022 63 16 1226 2010 48 16 2366 3237 16 16 1370 1226 16 10 
770 744 571 640 728 855 161 728 642 670 646 822 1027 627 828 706 
725 867 138 808 639 1158 138 943 566 803 849 774 679 755 871 1060 
568 568 878 1005 763 703 752 720 685 859 688 559 1011 1239 720 1005 
628 627 637 631 528 833 769 563 847 1112 850 891 1160 1207 901 537 
704 723 771 623 631 865 10 584 807 110 684 712 636 580 764 26 
736 688 1135 653 691 658 961 540 713 105 632 1125 561 696 966 639 
564 681 677 659 762 651 811 891 561 106 637 563 690 659 637 12 
114 1 821 4 2903 1 10 1467 2371 99 4418 818 888 102 751 26 
602 688 912 817 590 660 513 667 561 115 602 758 681 822 662 710 
671 597 839 838 699 689 1046 804 536 104 838 689 684 838 736 639 
841 1485 52 26 2085 1900 148 60 1345 1862 26 57 730 52 70 24 
856 1003 84 1063 596 795 26 1100 818 820 885 569 609 32 61 748 
1068 642 89 22 663 728 102 635 841 852 763 625 728 22 71 929 
1107 852 108 15 615 1177 102 56 567 767 577 1083 516 34 77 19 
980 742 85 5 675 919 31 756 716 392 960 746 668 61 61 634 
607 781 56 11 728 511 652 1158 575 839 693 842 618 47 588 806 
786 6 1397 6 8 6 141 431 6 6 6 6 1130 56 551 6 
956 12 498 5 11 18353 88 256 11 11 1676 11 1052 36 886 11 
1388 15 807 2013 14 2245 129 1784 19 15 15 2013 1463 39 1409 13 
2281 16 746 2279 2124 2627 41 2187 2293 17 1846 1892 2056 1200 1023 22 
24 623 98 767 701 875 67 1386 751 807 907 868 606 994 564 1039 
27 1699 83 838 535 852 97 750 522 598 1008 540 868 77 1662 1071 
21 1024 89 705 650 847 47 818 549 626 871 908 573 47 560 853 
773 634 105 514 430 1244 679 682 635 1019 635 679 662 784 507 683 
613 855 123 1144 519 733 531 730 672 445 683 486 733 801 481 682 
18 646 119 820 824 651 609 476 564 609 609 650 651 625 630 749 
1057 1882 46 5 41 1909 1314 1604 805 2422 865 1 1458 17 1 1206 
1851 2214 88 1017 922 2781 875 1241 1145 1258 471 273 853 957 705 250 
431 2040 83 1088 30 2330 1485 1476 2212 2243 2533 276 1201 13 1055 2271 
683 1525 22 13 36 2889 1124 2092 1487 1668 3292 15 1393 7 22 1915 
18 9 19 10 16 17215 1 1680 2229 2535 9 16 1398 16 16 2215 
896 2240 60 899 21 1715 907 714 865 1888 2705 305 923 2466 1 940 
558 1828 93 1150 688 1651 602 1081 45 2819 749 1059 1060 941 48 994 
745 848 145 612 595 1126 609 688 724 1089 766 951 726 1037 820 737 
779 876 130 20 587 736 648 700 20 1047 585 662 608 696 592 733 
1006 1861 124 456 657 671 143 3 52 531 718 479 675 916 143 4 
806 24 67 24 1120 1079 482 857 24 1247 24 1121 858 24 26 24 
1767 24 107 3 701 1607 852 62 38 881 24 24 1024 24 29 3 
1793 1334 142 317 937 1176 1609 1812 769 1021 1141 612 725 1874 679 1118 
1046 1512 240 682 1235 2683 130264 130266 852 698 1116 788 1079 2077 130263 717 
1134 2708 185 652 1385 1995 1429 2502 838 2196 688 829 1090 1668 1130 1385 
1057 1227 920 392 1923 2061 1085 464 45 17 1626 503 1172 1277 942 730 
1259 931 640 967 1364 3045 485 1231 43 14 204 2 1277 951 992 260 
1282 1013 1077 1048 1077 2220 361 1077 25 6 1000 1168 1387 1252 1276 168 
2052 1091 786 217 1031 1731 1690 1689 52 5 474 1601 1143 2025 1606 24 
823 1030 777 918 746 1666 772 1115 1582 935 825 721 824 902 1367 697 
1100 909 1221 955 768 1197 810 794 1208 1313 872 742 707 846 960 790 
691 1218 719 30 501 720 106 1175 561 123 1165 719 764 82 106 719 
698 822 802 606 603 961 709 907 700 915 709 809 603 103 508 960 
556 1765 860 10 472 593 97 1103 562 986 595 435 451 14 106 863 
576 970 1138 738 675 691 525 836 658 816 525 612 908 95 931 623 
660 661 575 618 572 715 554 811 645 522 575 641 846 75 762 639 
11 2747 51 5 31 1235 114 831 590 98 1446 2010 832 31 49 17 
2286 1119 1206 689 1171 2389 1512 739 2559 1584 1571 391 1294 2523 3 364 
3167 2286 1881 1875 2134 1100 643 2167 1019 1984 1504 378 1724 2273 18 1526 
2932 1833 1290 1957 344 1796 649 2890 1064 1615 1672 1368 864 1954 12 1893 
3108 2611 4116 599 3568 15837 672 2758 1712 2759 4725 875 1349 3179 3 1567 
1 8588 1177 392 474 1265 704 1219 673 395 4919 487 805 1106 2 1041 
3066 2128 1316 846 532 1606 592 602 708 791 996 670 846 3013 10 872 
1 1011 1063 475 1116 1419 1277 2815 1107 938 522 1 2570 949 3 1084 
1 1043 529 818 556 1281 833 896 553 838 673 727 955 616 1038 615 
1 1439 607 607 663 911 604 1022 614 902 577 879 881 933 592 606 
1 1253 914 757 493 581 561 639 589 613 995 734 590 1131 916 1206 
1 1445 1257 648 501 961 698 894 794 797 809 1403 593 923 742 1024 
1 1273 4429 685 590 1229 947 455 532 1577 525 510 1336 552 506 969 
764 2272 389 1401 3374 3274 2504 1440 1 3455 1 1 1 3298 1 3374 
3043 2499 3236 1 3056 3496 3605 2332 1 712 1 1 1 3349 1 840 
6714 1557 6623 3350 6592 3286 6685 3574 1 3026 6466 1 1 6774 1 6685 
3266 400 3533 788 3180 3180 3278 3081 1 3302 3351 1 1 3278 1 3278 
1 789 1753 504 6829 6574 1 1 1 3080 1 1 1 6569 1 6585 
6544 820 3229 817 6468 6491 6396 1 1 6409 6348 1 1 6488 1 6551 
20 1345 75 8 1722 2705 76 692 572 317 20 1890 1343 47 82 21 
636 997 761 867 721 988 518 856 916 604 915 655 663 45 662 749 
918 652 1119 737 669 682 867 732 723 926 652 634 855 30 754 958 
810 716 96 4 667 1275 34 704 516 623 964 641 1090 33 702 559 
30 1615 111 9 9 1427 115 1186 681 626 9 740 822 42 512 9 
24 1074 87 20 14 1638 23 46 886 1408 24 953 1306 51 44 24 
1 990 1129 990 1129 1 1 1 1 1 202 1 1 1724 1 2898 
1 253 1222 1 1 1 1 1 1 1 571 1 1 571 1 695 
1 705 863 1 999 1 1 1 1 1 999 1 1 391 1 869 
6180 501 486 501 718 3394 1 1 1 2943 650 1 1 486 1 1039 
1438 986 1 1 1038 1 1 1 1 1 288 1 1 592 1 1438 
1 716 2202 1 1100 1 1 1 1 1 1 1 1 2752 1 1058 
135 124 133 133 124 1734 1037 1053 1018 3390 3557 1 1641 1600 1 3 
836 1308 144 494 527 903 728 577 494 578 638 750 625 791 757 592 
1168 852 132 530 660 590 401 1330 700 879 739 852 660 823 851 932 
891 1126 126 822 488 1199 606 807 492 858 886 834 1290 821 775 956 
789 777 120 662 500 989 703 745 534 1108 777 781 710 1366 1429 678 
855 872 136 566 509 834 631 863 623 623 527 835 718 861 687 849 
849 137 137 137 869 630 1053 738 933 1031 137 880 762 935 25 822 
891 837 145 632 606 1204 593 570 614 1302 646 851 696 946 722 927 
1025 647 138 825 766 692 644 564 802 1309 802 972 737 802 563 899 
955 999 133 133 620 1440 448 943 819 1243 777 626 999 907 710 997 
784 705 134 129 432 1076 1052 670 720 522 403 779 438 1026 26 946 
822 134 134 134 567 1194 1050 139 380 138 752 556 848 1612 42 698 
628 1643 35 741 612 1234 756 2102 465 888 721 607 915 568 1399 32 
829 1318 51 1080 625 650 806 1070 615 1749 872 836 1285 935 1264 20 
1471 17 35 12 25 1891 1503 1499 27 1464 549 17 1500 8 731 17 
1614 2071 55 14 1779 3019 3499 1013 21 1904 630 14 2938 5 500 23 
103 2152 110 9 30 19067 1382 1542 25 969 849 9 1546 9 741 41 
8 7 21 7 7 17702 652 1780 15 2256 1532 7 982 15 627 7 
1659 1407 407 516 1405 2753 2110 553 921 1325 1962 1330 1025 2262 1054 757 
1524 876 267 987 1616 2232 1323 1840 1174 1174 2073 945 1340 1896 1085 700 
1616 844 123 1005 3286 829 898 1097 1224 2082 1535 631 1563 1808 1596 2849 
1882 849 154 1537 1597 1285 1500 515 1832 2844 1336 2036 790 2757 1648 1016 
5 2058 60 5 86 1540 1097 631 635 2247 2187 13 1336 13 1319 5 
789 1508 47 6 38 18757 1314 1386 2682 47 1338 38 939 38 1989 38 
2000 1893 60 1801 38 2513 1972 1800 1932 2030 672 2010 1801 2535 1765 22 
993 2352 34 2023 1729 2420 2164 2193 2197 2065 1428 21 2024 2161 2104 5 
2020 843 18 2020 11 2245 1945 1976 3103 1661 1258 18 1955 1397 2028 28 
1763 13 51 13 11 2312 1533 21 996 18 13 13 778 18 1868 10 
63 719 147 12 647 959 147 58 654 18 9 4177 947 935 59 25 
794 701 133 896 590 1066 58 1162 752 846 670 599 598 1188 767 772 
849 1262 113 748 455 1155 96 654 838 1071 829 555 610 770 568 804 
996 823 107 883 632 706 547 762 831 839 547 734 545 979 744 762 
33 1048 105 727 584 542 139 62 408 35 20 459 577 1045 30 625 
18 1471 84 630 665 511 145 19 532 1014 19 341 618 1044 42 652 
23 1690 33 14 3608 1828 98 14 25 20 1866 14 2604 2209 663 14 
79 1868 533 240 1343 1723 89 1130 37 13 1145 1213 755 1923 1047 12 
34 1432 46 8 796 697 1159 8 8 52 1396 1204 817 1280 1234 8 
21 1401 42 11 1993 1563 1405 877 188 20 2285 1206 1313 13 1141 13 
42 1720 647 9 1880 1941 2452 976 2129 53 3141 2247 522 1962 1834 9 
35 1567 1579 1579 1336 1715 1771 1741 1337 50 1410 1235 1718 2320 1364 1719 
453 690 628 92 1882 2594 497 282 2542 18 4 1630 10171 2573 1625 328 
2213 3 423 1560 1618 1950 355 1464 3051 1333 595 485 10190 1248 1371 497 
1450 1661 507 1023 1944 1599 636 10751 2946 10355 1 3 10678 1484 1054 1033 
581 977 607 94 1697 1287 48 10792 2691 1 10020 1497 10020 3127 1322 670 
875 1883 295 1489 2028 1431 226 10925 1954 1575 1226 1187 10120 1445 995 740 
3243 1473 613 469 2525 1921 656 5 1811 123 2 2 10311 1872 692 676 
793 741 742 683 522 1642 12 1214 556 107 801 561 772 656 774 29 
607 607 846 795 685 589 765 700 669 115 669 622 607 647 687 782 
29 1233 824 657 677 999 1466 831 716 111 664 955 687 110 798 37 
112 943 882 848 1013 489 785 791 583 112 674 674 602 112 693 36 
18 877 812 539 889 1989 31 1213 116 122 1005 504 637 122 668 31 
22 4627 638 1475 498 981 18 509 112 112 716 640 448 120 1614 18 
46 8 24 8 745 8 46 25 353 46 8 8 1280 45 49 46 
51 1747 24 1529 1165 1641 52 1828 1890 17 52 697 2240 19 52 16 
58 34 36 1942 1611 1654 40 2048 2057 34 34 18 1840 36 36 30 
520 953 138 988 485 520 131 674 484 699 973 717 1103 617 532 777 
991 805 125 665 615 1222 124 1028 665 974 665 805 769 721 805 805 
62 561 99 1017 510 998 151 1222 754 35 760 641 663 742 71 520 
1956 98 45 117 1456 3265 992 45 2289 2866 988 1457 1962 4403 926 342 
668 656 604 799 606 955 728 922 812 829 666 777 829 738 608 955 
1085 820 832 723 628 649 804 732 804 1046 662 889 639 744 735 870 
1539 92 488 3744 1604 5024 758 36 818 1531 2453 580 1054 1352 426 1056 
788 814 1099 615 683 651 861 902 836 1078 813 771 931 790 662 881 
672 603 833 681 728 629 988 784 797 934 843 637 699 681 660 803 
293 1343 1263 293 1343 293 1 293 1316 1454 1 880 1 1621 1 1159 
1542 1542 1303 1139 1542 1139 1 1542 1542 1591 1 1171 1 1308 1 655 
1869 1222 1044 1 1222 1222 1 1521 1323 707 1 1032 1 1194 1 656 
1138 1207 1207 1203 1207 1203 1 1206 1204 1203 1 1204 1 1203 1 1204 
849 899 1 253 637 637 1 871 682 608 1 637 1 933 1 637 
650 1226 1 790 257 1 1 1 1 667 1 770 1 1350 1 965 
680 1063 1020 966 576 1195 462 651 664 781 674 713 616 65 958 694 
8 1179 85 15 564 694 65 86 507 10113 26 26 927 75 99 26 
825 844 63 15 628 668 36 875 991 837 733 634 668 36 820 733 
755 896 148 5 603 634 90 707 776 870 590 663 896 72 554 894 
560 1371 139 5 573 1456 570 877 632 617 685 748 617 52 537 907 
610 1741 115 14 818 483 99 57 544 28 764 554 787 46 849 492 
1346 604 991 604 1493 1251 1177 1177 1133 1177 1516 1266 1 17371 2257 1117 
1661 1511 1661 908 6588 6756 1140 1277 1651 6672 1511 6771 6657 3361 6687 6756 
1358 1392 1786 1038 976 2078 1336 1712 837 1921 1215 661 1 769 816 1450 
394 730 730 1 730 832 1 1 626 850 568 583 1 1174 606 850 
1 641 761 1 171 1356 1 1 871 1205 1054 838 1 617 668 1153 
3038 1080 2965 806 6485 3045 1413 1646 1783 3621 3071 3032 1 1374 936 1548 
1508 1337 730 110 741 900 674 968 2068 1401 883 666 11360 4404 775 1288 
1124 719 615 754 577 610 792 927 819 1037 953 830 776 679 974 1005 
634 571 792 590 155 686 848 960 1163 1118 867 829 793 593 1153 815 
791 844 717 800 642 725 763 766 810 1056 789 770 767 772 652 500 
672 701 663 701 883 1114 630 829 662 678 571 795 756 619 783 850 
662 775 632 748 704 804 752 528 1110 624 775 959 843 648 663 752 
109 3162 122 1360 2492 17988 134 1194 20 1555 639 571 2078 2694 86 1997 
78 29 108 17 1010 17 679 33 26 7 17 17 898 26 89 1476 
1587 11 74 11 2192 17898 689 2149 11 11 11 11 745 36 47 11 
2002 1831 109 11 670 18257 22 1767 22 11 11 2541 1776 2453 61 2235 
762 1487 113 1298 1529 1498 45 2282 32 10 10 768 700 37 94 1442 
1244 2030 76 497 875 2194 19 1086 749 2084 20 883 1152 2070 35 501 
23 1320 103 19 33 33 111 30 567 37 33 24 533 111 31 24 
949 669 1037 2 808 1012 144 1099 598 593 533 539 599 147 32 740 
790 976 905 695 641 589 86 755 766 539 665 513 729 131 468 678 
1003 774 1021 22 576 742 124 542 675 37 38 979 565 124 68 38 
19 17 43 23 871 2661 121 1026 593 40 17 17 1271 138 47 17 
21 1213 1135 3 623 901 135 100 426 30 56 1287 918 135 29 30 
23 25 136 22 586 639 53 22 437 22 22 25 791 1251 979 22 
28 1536 136 472 536 781 136 692 540 2753 662 626 1014 757 531 713 
10 1629 146 9 736 637 146 1030 478 1016 840 705 594 1007 146 602 
26 971 145 1272 654 765 137 1009 667 631 816 718 700 1337 932 943 
54 59 143 27 599 27 129 59 732 45 40 27 559 49 48 37 
14 1145 130 25 758 1073 133 45 1042 626 699 620 753 827 130 762 
140 1232 23 13 688 1499 1058 58 562 1458 2710 501 1605 1501 13 1045 
1860 2896 14 5 1292 977 1539 1522 1226 1348 516 1286 1221 2175 11 2031 
1088 1237 28 1108 931 1992 1290 1324 665 575 4476 646 1081 2628 10 920 
817 696 175 825 603 1057 547 756 651 1290 853 959 968 586 890 639 
883 2051 169 531 536 725 347 1383 532 7765 2142 838 738 1652 915 1720 
698 1172 159 595 798 1669 1047 704 562 767 608 731 693 808 1047 807 
1021 1463 832 1048 588 1324 961 1133 1109 1182 789 950 1099 130 1132 823 
1802 1773 271 1700 2478 3006 496 1508 1680 1416 1489 11 1994 75 517 857 
1872 1601 37 1549 2002 1395 738 1502 1776 1502 1710 2126 1602 1691 1086 712 
1846 1004 21 21 1232 2184 767 887 21 980 940 21 1079 7 1232 657 
897 1726 116 25 984 2649 107 466 578 10369 568 24 734 52 727 698 
1259 1117 52 92 100 964 100 100 23 1380 100 100 100 100 100 23 
1678 131 563 140 701 2324 79 269 2564 9520 1417 1279 10140 1370 1219 1336 
4355 1 1400 1364 1469 1454 1484 1436 2947 10600 11319 1519 10735 1795 1497 1013 
496 10637 608 1402 1383 11549 539 10720 10074 10748 8572 1498 10373 1763 1281 1392 
698 984 1178 814 949 739 984 678 1110 669 803 1456 1190 1230 1365 1142 
653 1029 1229 781 617 846 566 779 1356 1109 1158 645 657 835 528 505 
672 539 430 837 1585 2073 212 721 1431 1140 113 195 10600 2084 158 904 
2336 25 901 49 1680 2672 49 65 34 4163 25 36 673 1414 66 27 
1743 38 1648 72 1000 996 1054 43 19 1400 34 17 987 4417 50 58 
3487 26 603 87 2201 2217 711 42 13 1027 67 1 11424 4417 733 35 
113 1335 585 122 1376 1761 1291 108 34 1 467 333 449 4417 122 227 
2590 18 1039 34 1492 56 880 44 3636 1503 1 1 594 4416 618 59 
2915 695 695 66 2246 1154 415 61 1595 1506 432 38 2355 4417 212 82 
870 912 728 762 528 1010 627 677 538 599 676 806 653 599 472 753 
802 1729 91 400 631 2369 470 2 467 1386 1563 1030 818 1495 466 3 
1017 962 63 865 486 920 552 957 853 845 827 760 648 636 530 759 
786 1266 65 884 795 1038 753 851 576 649 749 930 803 681 561 930 
868 1474 73 1395 569 961 616 958 615 864 678 597 667 876 514 1029 
735 691 35 985 544 1025 611 611 611 1508 598 691 799 1538 506 648 
1302 743 115 4 824 2664 838 765 496 1819 1340 1 942 568 10 3353 
731 1561 141 724 941 1439 855 867 855 775 829 761 906 802 708 708 
958 1311 132 844 531 1003 646 589 945 848 493 643 735 832 881 1003 
1012 1418 135 1261 752 992 609 1106 646 1213 674 771 951 1155 909 888 
982 1370 135 1136 493 780 569 658 848 1033 527 898 786 671 764 665 
1060 779 129 734 519 834 500 480 764 2791 746 800 627 688 22 1006 
98 13 138 13 48 1427 1447 1483 869 1297 1565 1 764 28 1131 51 
126 1 99 4 94 785 1034 1683 857 3086 1456 2843 1058 6 840 24 
8 8 58 8 26 3169 781 1220 1004 668 8 8 1918 8 898 8 
6 6 134 7 122 19177 1047 1818 34 978 998 18 1830 6 1026 6 
120 1 56 8 68 17891 1004 2150 31 2044 2556 1345 9 12 1222 8 
904 794 64 11 674 1729 2375 3323 15 1209 15 405 5 15 1709 15 
1381 1285 1118 646 562 1002 657 748 861 754 609 831 704 786 10 832 
613 613 613 765 500 837 625 730 715 841 697 901 681 900 616 681 
1 851 851 582 545 800 583 543 527 914 725 864 700 826 767 556 
1 1211 1041 656 1077 9852 634 787 694 1278 2685 1025 976 2692 3 2581 
1206 1253 1253 790 621 1414 948 1021 647 669 576 909 624 669 518 665 
1 1182 1182 1013 639 876 617 692 698 1002 989 937 791 581 19 914 
1141 1123 1198 1315 846 1141 747 748 940 1379 1171 759 1267 873 1007 1052 
1088 1088 730 972 784 1330 1184 1252 924 1088 717 924 986 1369 984 693 
1534 1157 100 2932 3272 1072 794 1085 662 1594 1466 1445 546 1714 1343 932 
1046 1099 117 660 1172 1463 1831 1341 504 1854 2078 1192 495 1566 1030 574 
1089 1276 1102 937 839 1151 1378 1003 710 1801 1355 1047 1537 1185 1568 1104 
1304 1961 159 784 2665 3656 3842 3673 1642 2116 1295 762 1354 1490 2466 671 
1079 2042 33 5 1277 1404 2384 757 1115 1201 1 1082 1208 2844 13 1082 
1645 1223 121 856 768 1243 1121 776 759 1156 1093 664 950 1366 13 712 
120 976 120 4 1434 1417 1437 1800 1434 1797 1397 1 1416 1203 5 1738 
501 1727 106 5 1282 2052 1972 1214 1786 1216 1 1 1220 1319 16 1282 
1689 1426 39 4 2173 1375 1836 2266 958 1332 3761 657 1753 2409 9 1332 
737 1851 28 28 1584 1463 1259 2780 1408 1611 1365 1530 1616 2166 30 1216 
97 1745 103 4 517 1099 102 1287 686 903 631 856 518 27 30 1317 
32 1675 77 3 717 723 112 1272 509 803 1199 1 669 63 120 625 
18 1140 120 6 18 1468 112 112 1813 17 18 2914 22 109 69 17 
27 1237 52 14 596 769 111 734 846 901 671 846 720 42 769 823 
755 1195 95 778 597 572 905 760 540 542 646 814 1081 103 530 918 
10 4622 105 5 32 5079 102 684 419 415 37 2698 32 109 107 27 
851 909 19 1572 508 997 870 664 825 1035 916 960 854 884 640 1155 
899 2088 15 344 928 18492 24 21 2312 81 3171 277 3192 24 29 3 
127 1984 20 11 449 18670 14 16 2927 1029 1453 8 823 1790 8 5 
120 1951 114 5 1267 3185 33 11 31 33 1337 18 1052 18 1752 18 
701 1102 121 965 960 852 528 1645 701 779 644 873 909 1299 121 635 
798 1193 120 1376 605 1107 553 1050 667 492 823 746 748 975 831 967 
603 765 148 978 664 960 474 896 638 834 717 607 689 1099 388 648 
129 987 130 923 612 767 532 877 532 565 628 591 798 860 461 797 
124 2533 137 137 585 830 1108 655 330 4694 932 436 786 1588 7 612 
877 866 139 819 584 1042 980 582 972 801 502 623 821 1001 474 1144 
948 595 139 1213 618 580 656 652 618 611 897 983 625 935 565 595 
128 1512 127 602 593 1284 646 638 576 554 652 437 871 1381 758 640 
136 9 89 8 3002 18371 40 836 40 2109 23 23 761 1645 623 9 
1515 6 69 6 1122 18277 995 1612 43 3203 1054 483 565 1708 1197 7 
7 7 61 7 1818 7 1057 1456 30 1254 2096 7 2974 7 822 7 
12 12 64 12 1547 12 1833 888 12 2424 12 12 848 12 34 5 
1829 1434 104 7 1063 698 37 57 54 369 915 10 717 7 794 5 
2934 2304 128 7 735 19395 1179 3116 39 1814 905 23 763 7 988 13 
929 823 136 701 812 1214 602 812 521 544 918 763 616 734 963 976 
1285 1226 103 1278 27 2887 1182 1246 1213 1430 1553 1061 1323 1384 1297 1280 
1135 1469 131 34 551 723 1067 526 1030 686 591 486 991 34 558 527 
1218 972 147 712 451 715 444 60 514 2144 826 546 1056 656 565 893 
1094 1548 139 777 621 1429 1208 28 611 659 856 501 1137 748 1 34 
2099 2729 129 9 83 471 909 746 648 807 1981 361 597 1822 132 808 
633 757 768 771 726 772 1135 1077 476 134 645 936 639 42 620 657 
696 883 789 649 1017 1017 3352 1883 590 134 928 849 475 134 418 28 
3 1857 604 14 1692 1520 1226 594 346 49 3211 2249 1401 48 892 14 
3354 803 3233 1074 3225 3225 3259 1806 1 3354 6630 1 1 6622 1 6622 
1208 893 3226 487 3237 3242 3237 858 1 3310 6653 1 1 3237 1 3237 
6356 828 6481 380 3400 6506 1 1 1 3155 6394 1 1 6481 1 6481 
1 760 852 1 852 852 1 1 1 852 852 1 1 877 1 1187 
1 341 751 751 751 1148 1 1 1 1278 751 1 1 1126 1 735 
1 1312 1154 1 1118 1072 1 1 1 1218 1218 1 1 1192 1 826 
1241 1335 1084 1628 56 2297 171 563 10 9 1 286 781 26 951 1125 
1746 1149 1935 3052 47 9601 1390 1630 26 11 2823 1 1099 1926 1 3753 
730 1059 1404 743 717 946 1218 937 1507 917 730 744 626 684 1142 850 
704 834 677 690 838 1235 527 765 959 802 817 817 522 788 773 649 
622 1850 1597 95 2995 1964 665 93 12 7 472 1575 394 110 1366 268 
765 1624 1620 1621 1624 1621 652 520 24 884 870 612 1622 17 1182 830 
695 1254 106 106 696 1061 106 106 595 531 1346 462 909 106 106 854 
711 606 114 102 568 1562 114 84 938 1081 642 741 628 43 102 871 
462 767 103 579 610 908 109 651 609 661 549 1295 484 109 109 804 
454 540 95 94 907 681 93 93 730 557 643 724 1114 94 869 800 
843 35 87 35 522 35 87 35 585 35 35 699 516 35 87 643 
671 675 97 673 584 1138 97 482 771 859 672 849 740 97 758 672 
1 616 1197 1 1 1 1 1 1 687 641 1 1 836 1 858 
6294 1740 6359 944 6358 6221 6221 3048 1 919 6230 1 1 6221 1 6359 
1 1087 888 1087 888 870 1 1 1 1411 978 1 1 869 1 888 
1 671 875 1 1095 1089 1 1 1 1 3643 1 1 859 1 1347 
1 213 2675 1 1154 2095 1 1 1 1 1505 1 1 928 1 1 
1 690 1099 1 1017 1 1 1 1 1099 1095 1 1 792 1 1104 
107 106 137 24 726 1082 106 38 677 4877 39 38 1313 38 137 38 
701 628 138 641 501 637 138 665 781 680 632 827 857 814 668 549 
808 613 135 24 446 691 112 1585 525 1580 617 1020 680 24 990 588 
615 23 126 29 1418 1732 116 107 704 1694 63 63 1569 26 1021 5 
665 1004 139 665 702 847 139 808 641 928 663 615 941 907 766 799 
657 907 117 719 708 1115 118 832 806 594 1115 715 787 1160 600 608 
707 538 46 594 598 790 592 39 640 895 545 1125 560 563 564 570 
919 1181 45 769 674 643 506 1034 672 570 919 816 554 931 498 847 
1847 960 28 11 17 1513 1244 1064 784 1384 915 758 761 958 1064 3 
543 2223 30 461 583 1200 744 35 434 706 949 1107 1068 1071 630 847 
100 1049 21 730 499 616 482 2 882 1439 683 1489 865 483 844 515 
772 1030 154 758 669 713 532 773 844 846 758 554 706 958 723 846 
1531 1312 756 48 2146 4218 2812 39 2874 2003 1840 1767 1031 1801 946 959 
2961 1465 107 107 19229 1109 2248 133 1821 1537 2818 1560 133 4394 773 2262 
3201 451 843 108 2257 2222 2104 109 2442 1375 1944 1097 10708 1422 1194 1001 
2464 439 1342 32 19217 2022 2578 52 2339 1902 1195 986 3641 1470 753 3491 
2619 1046 1727 43 1921 2615 2615 40 2691 2749 1862 1265 1103 1456 797 1 
3189 4605 1841 38 19340 2059 2295 47 1890 775 3077 1781 1935 1441 1089 1 
601 1635 146 11 727 1599 659 2282 465 1684 1 2072 1309 1261 25 2811 
2699 4156 138 2163 616 869 1377 892 586 10405 2038 1680 928 358 26 2516 
139 1 139 8 1298 18072 1586 1306 465 1030 1 354 1616 1404 8 1816 
112 1 101 3 970 18851 891 730 425 672 1 412 685 1552 20 2010 
1547 1 27 1410 2554 18535 988 1350 2005 807 1 1 914 2253 15 1161 
1404 942 56 1582 1174 18712 1065 3070 1423 878 1731 1 880 2490 11 921 
730 717 133 641 635 1212 639 862 639 1067 729 647 721 584 639 718 
581 1121 144 864 790 821 553 774 769 466 581 1078 719 793 541 667 
1007 811 140 960 567 686 902 843 981 701 932 711 618 543 805 738 
1342 3674 131 634 618 1791 866 39 567 686 882 616 615 887 4 1558 
734 2427 121 123 465 1499 1065 49 681 9832 899 559 1383 634 29 483 
704 978 119 458 979 1546 1537 3431 1505 1544 2497 1543 1541 1997 2 3435 
29 1894 1073 13 3550 1555 39 50 1933 13 1555 1527 1527 2227 1069 1130 
23 1998 1226 1198 1190 1175 53 1198 2546 44 1287 356 1136 1424 954 406 
20 936 1275 9 1138 2235 9 16 2084 26 5139 1131 995 1230 742 9 
31 518 8 9 1001 2073 23 16 1500 8 2161 8 1021 1706 911 23 
22 1783 15 5 762 1589 28 27 924 13 681 766 929 2088 1102 6 
20 2038 20 6 1220 1285 19 1062 387 23 3007 1 1248 1573 1721 17 
30 36 44 20 532 20 110 33 565 20 20 36 697 33 133 614 
758 786 110 605 683 695 556 836 733 733 790 721 786 586 786 609 
539 969 112 457 753 673 440 707 885 921 630 606 749 1673 111 1042 
12 822 88 33 415 4 126 2109 541 33 4 33 829 42 101 1108 
717 895 108 852 734 712 490 873 539 626 717 543 923 30 93 713 
603 1041 123 1067 560 773 630 663 470 644 712 632 691 470 570 930 
119 911 783 783 749 787 131 1107 642 106 551 635 614 131 93 619 
665 541 584 584 750 1502 773 699 512 777 665 559 538 108 512 746 
25 1155 1200 25 476 991 116 1120 676 119 553 844 881 106 557 734 
39 1749 930 13 554 992 60 19 1770 19 32 19 962 133 125 19 
113 1533 1811 8 642 837 111 2477 742 119 24 4100 739 106 106 29 
100 922 858 10 550 534 105 746 667 101 565 922 506 102 101 20 
691 899 1091 1055 1089 814 898 1417 24 850 898 777 916 85 1203 900 
696 771 730 651 759 699 644 766 1218 1140 718 849 626 643 623 643 
673 1219 823 681 693 998 687 691 15 1177 790 1005 581 117 681 899 
1142 960 1198 825 1464 1333 645 1335 945 850 955 961 854 101 1327 757 
896 843 895 844 546 834 652 676 771 1107 771 642 820 990 696 723 
831 807 1123 908 658 920 579 628 7 1020 602 659 758 81 911 697 
724 689 790 674 648 720 724 716 823 110 604 751 574 902 585 610 
660 890 564 709 590 640 42 619 665 113 635 614 832 1060 508 613 
110 1165 1006 110 498 750 110 881 524 110 415 841 836 108 415 606 
106 34 106 15 564 1059 15 106 514 106 34 34 106 104 104 15 
20 17 17 23 951 41 23 23 1557 12 23 23 819 48 1739 17 
108 108 1183 6 593 2447 32 23 811 108 108 108 666 108 2167 32 
666 116 113 119 576 3874 119 29 661 5614 116 42 1229 35 116 116 
1416 1322 135 44 669 1361 108 44 564 1592 700 38 602 42 125 41 
674 936 109 855 662 715 113 672 874 1014 656 995 587 832 849 1100 
927 1203 113 877 618 1126 112 1099 581 847 704 541 827 648 598 763 
900 723 112 811 686 917 111 817 439 1877 713 955 918 1277 439 673 
688 641 108 592 852 1261 108 740 804 856 539 851 630 790 705 1135 
101 41 59 41 549 1890 988 1576 28 603 41 41 1496 2996 42 3 
135 516 52 380 1281 2062 1925 380 38 1361 1032 57 951 1662 33 15 
907 1208 53 27 1869 1822 1789 675 27 1095 46 46 1135 2182 53 7 
1113 35 61 23 826 2038 61 3 23 1284 61 23 4 2718 61 4 
675 1009 33 782 669 670 688 682 756 666 531 686 847 968 519 796 
914 702 109 916 571 906 932 818 1019 719 724 793 907 931 928 542 
45 1336 21 898 797 16165 1138 672 1887 689 830 844 1502 1232 36 431 
881 881 53 817 548 1634 737 738 870 741 500 903 564 1626 1013 874 
624 905 106 1069 840 2111 701 624 605 1262 775 859 1554 861 1290 543 
688 1020 63 1165 696 967 692 1143 599 773 756 756 755 998 905 688 
671 1219 46 539 650 464 641 847 1001 801 705 928 887 2012 829 697 
679 1388 31 577 612 3386 1461 1478 515 1372 767 1050 1620 1374 624 1225 
1813 10 95 10 1191 1476 46 1554 852 2075 10 10 1349 22 117 9 
2606 9113 131 4264 3110 2396 128 2744 3146 9560 13 10 64 41 131 20 
2035 28 99 19 627 2572 17 98 28 2637 19 28 52 19 840 19 
1462 1507 99 12 537 2400 23 43 2074 586 12 12 7 30 1230 12 
1969 14 128 9 1487 14 9 496 659 2736 14 14 1635 14 120 11 
1869 1374 38 1317 1645 1365 19 1319 955 1282 2670 1263 1238 1214 2217 1456 
23 1022 71 46 457 1296 100 58 859 35 46 46 933 41 103 35 
37 2701 96 4090 1204 1324 79 74 1139 18 1100 4037 1241 32 79 2267 
20 2068 145 1040 851 1406 146 757 563 3042 1406 686 984 874 275 859 
27 912 137 19 661 841 135 634 618 734 1707 806 736 1049 48 964 
22 15 115 21 511 15 118 64 1479 15 15 15 598 21 118 9 
33 128 128 128 704 894 128 128 487 30 128 128 678 30 128 1460 
1225 1188 1260 1260 1260 1260 1224 1239 1225 1224 1260 1217 1260 1260 1260 1225 
1840 999 1127 3447 1963 1963 1490 1490 2834 3493 1490 1887 3088 2108 2956 1290 
747 1545 1000 943 465 1273 81 739 459 565 561 1031 720 1031 952 558 
2450 2452 1 1083 1644 9 101 954 9 1469 39 1369 928 52 32 1988 
1188 1071 1157 1198 602 729 597 694 720 1091 752 601 772 648 628 914 
817 819 560 1056 558 876 105 33 474 1414 729 459 480 1414 108 874 
863 741 828 1061 517 943 514 846 545 571 499 604 743 728 815 954 
965 913 708 1311 678 1208 716 1062 562 722 503 502 684 759 949 829 
3261 1388 1745 28 35 4463 61 378 2602 13 1754 1 1588 45 749 35 
2469 950 1037 97 984 3049 91 903 1934 8 3076 399 948 2946 975 7 
1090 1179 1175 30 1179 1208 186 1181 1135 22 1210 1143 1102 2223 1187 27 
704 1154 1021 595 800 898 39 1040 1496 941 841 1011 909 1365 1132 567 
586 1037 749 1128 728 1293 126 944 1155 612 622 654 770 820 582 727 
650 15 13 7 598 2088 128 1408 559 7 732 15 766 1145 847 15 
649 1007 123 732 580 818 726 711 922 655 655 655 803 743 652 712 
683 859 119 683 568 886 683 747 664 924 686 652 791 662 1008 869 
996 1129 109 106 659 775 702 702 109 109 109 706 641 109 580 762 
113 1148 112 112 485 825 681 641 112 112 112 582 996 112 27 645 
112 112 112 112 112 112 112 438 35 9341 112 112 112 112 28 985 
105 105 105 105 105 105 1064 489 105 105 105 105 105 105 38 713 
1342 582 1502 1163 842 1884 832 992 731 1338 610 452 704 814 5 578 
1326 1348 1348 708 609 850 657 807 657 980 758 1071 553 1290 849 614 
1179 1179 1179 681 561 974 504 608 504 727 576 719 650 1336 553 1018 
1286 1215 1215 1009 468 1179 549 630 468 705 466 745 1235 1158 1206 771 
1 1256 1256 806 528 1317 611 1149 806 1215 805 810 989 1002 631 500 
1 1137 1137 709 529 687 395 869 506 9586 905 2769 1161 592 1 973 
1373 9 91 9 1674 2300 107 17 857 1793 1307 9 1838 9 42 5 
1674 16 60 7 1181 18958 106 56 30 1652 22 22 874 22 20 47 
1991 2421 96 22 2049 1 134 10 34 3709 100 12 1113 2182 14 22 
100 9 87 9 48 1496 119 48 838 978 91 75 1737 26 19 4 
1340 6 75 6 1314 20383 132 17 2860 102 17 17 1161 17 100 6 
1848 1702 13 304 1779 1854 24 23 3066 1011 24 320 1753 1707 35 11 
1408 3234 71 42 493 1140 32 906 718 1060 28 1141 568 1558 25 45 
980 1641 63 791 577 1409 171 739 469 1015 811 594 562 967 598 751 
1096 14 98 14 461 1479 132 26 626 710 731 792 1001 733 638 55 
1251 21 21 21 971 1962 76 2558 41 1172 1479 59 1320 21 62 21 
1115 22 78 22 22 2530 129 1482 45 2439 22 22 1045 23 67 22 
961 1439 26 671 615 769 534 465 947 1010 536 647 1208 1068 710 891 
901 1225 1025 1265 1031 569 1795 806 541 855 2423 884 652 2550 671 829 
1403 1017 708 953 1504 893 1585 837 1034 872 2280 818 586 546 701 1034 
1884 747 509 4026 2924 962 1861 1357 4367 673 648 804 820 1571 1399 640 
2546 599 889 722 767 522 1043 751 454 1003 1187 677 604 845 470 705 
735 1134 990 951 779 626 1153 988 1883 1092 1204 819 815 881 674 521 
1068 1216 688 1210 10179 664 1294 1010 1701 1810 1413 576 698 793 516 618 
42 21 2261 2251 1963 1683 7 2261 2202 44 2148 2125 2251 21 1783 17 
24 517 583 1617 1922 1521 7 1912 1988 34 2106 521 2199 36 924 7 
28 21 664 1437 1586 1591 21 2015 1879 122 1478 1 823 122 560 29 
13 15 626 2098 1442 2698 27 1103 2144 133 2492 15 1565 113 893 27 
109 1817 800 669 1197 1442 26 686 3167 105 2737 772 862 99 1197 47 
554 1290 152 971 473 586 439 754 462 1272 692 726 556 922 644 648 
1042 1389 51 641 655 1305 461 659 564 1021 915 473 868 1171 432 569 
1312 973 147 636 542 2049 1798 919 508 1798 891 1276 673 1012 3 2251 
1649 1110 138 583 545 1640 315 51 556 682 794 848 1227 1849 1289 817 
1194 2026 23 14 786 1496 1492 1498 1922 1348 2246 1747 1379 2113 3 1769 
1088 550 15 6 1307 2987 1381 2475 2418 1401 1 1 1050 1171 9 569 
93 784 51 738 16 1364 524 622 990 853 998 792 626 974 824 465 
878 1107 78 775 775 810 711 1908 620 743 891 1185 781 715 462 1066 
613 1126 49 735 555 833 547 787 885 1085 627 763 591 1043 663 854 
746 796 23 807 746 688 680 687 680 725 602 677 720 933 779 784 
991 600 22 546 689 918 571 833 697 803 843 731 600 1214 466 788 
736 579 159 629 692 770 667 708 801 710 629 766 594 705 608 692 
1131 1010 159 1001 718 1670 1004 1162 730 1188 516 1000 847 918 1316 675 
1436 1072 117 804 627 2469 498 718 1092 1240 595 987 1722 969 513 911 
694 1769 104 913 728 1019 1070 1259 1171 1093 656 1336 1992 817 1162 725 
1650 1548 97 655 519 3201 1112 1266 1295 1056 862 1316 2727 1192 1499 569 
1053 1082 111 1045 690 2046 779 686 1271 1273 736 738 720 771 810 1001 
1008 674 119 902 432 2818 1147 510 613 1155 636 681 617 1577 1227 690 
105 4717 53 479 682 914 1287 679 1038 1799 663 1146 1058 1146 1242 889 
64 525 71 840 634 556 566 723 606 1242 824 1290 649 807 28 1589 
1695 1155 59 1012 1503 2243 1367 1400 558 2122 959 974 748 1070 15 783 
70 2190 24 958 2043 2023 1923 910 1397 2509 826 900 958 2092 4 769 
456 1978 30 1330 945 2978 1007 631 2637 1218 493 1340 990 1044 20 662 
1945 2088 34 603 1688 18398 1546 1250 917 1798 1042 280 678 2432 14 750 
577 4457 105 1490 60 17643 973 1476 37 1054 1997 1 2608 1542 894 1608 
1753 1154 80 9 9 3021 1038 632 29 2892 1578 892 1750 2046 25 696 
1124 1980 44 9 7 19088 1313 451 28 2979 1653 350 549 9 30 350 
898 2114 28 10 10 2539 909 1322 23 1061 820 739 1054 10 44 647 
1940 1610 63 1902 14 1523 898 1836 37 1924 2595 1194 1836 17 790 2160 
1390 1427 42 5 28 2071 1477 2126 45 1526 2752 5 1171 7 27 37 
1552 4624 610 4044 86 2987 575 507 40 10 900 1 1170 129 1 97 
306 1611 353 617 95 717 354 2 21 10 1274 653 1103 119 320 307 
1005 1081 1202 605 3134 3633 209 5 42 6 1204 190 2061 36 525 457 
1853 1189 1227 352 2691 1262 598 1302 27 7 1302 1604 1189 1460 1036 771 
2163 528 1834 378 3297 1531 1046 2 51 4 1536 1017 2051 1094 430 712 
442 1271 873 430 2235 2293 177 5 5 5 1185 627 2196 31 485 505 
1390 1366 122 1428 1943 1865 1311 1104 2225 1359 1359 854 1309 2774 9 539 
1815 1344 271 589 1354 1212 1358 1429 1239 2501 1341 761 1360 2251 1997 1259 
1845 1223 107 607 1533 1972 1342 1322 1442 1387 648 2151 1342 2209 10 1292 
1454 1416 25 1235 761 1682 1023 1136 888 675 769 2684 1302 1008 17 829 
1421 1273 94 711 1567 1448 995 1850 1861 2382 609 1590 1437 1711 14 1590 
812 1821 200 476 2747 2332 1798 1110 2329 2240 882 511 1260 1670 8 845 
1570 1523 1624 1624 1551 1602 170 1568 1582 1213 1778 1730 1582 1602 1691 27 
1684 36 1095 47 1507 2723 35 1900 3488 26 1684 1559 1576 1332 1794 20 
2430 1199 929 160 918 1167 155 682 2138 2102 1135 952 1467 1140 1023 47 
790 957 758 1247 654 695 162 831 2240 16 720 845 680 1848 809 20 
719 902 1267 1058 681 670 151 569 970 558 696 567 520 847 694 722 
655 756 507 773 770 684 111 1121 959 1110 770 621 569 832 506 646 
2569 1 32 941 1508 16375 1228 2143 43 1976 1097 742 1785 3216 933 3 
834 2211 19 14 883 17632 579 1931 14 1163 3111 939 1517 2257 14 3 
2129 2138 15 6 38 17136 614 1759 25 2734 3037 2950 17855 15 751 10 
1293 21 29 21 21 1435 1258 1731 21 2042 1006 1 1376 1799 677 25 
1044 24 58 5 27 1287 448 1166 22 1091 27 27 1047 11 646 5 
2293 2159 43 1237 135 17530 801 22 39 135 1473 1017 1654 1427 72 49 
1588 97 93 109 489 10152 623 109 25 97 109 109 565 25 97 25 
2003 107 107 107 593 2494 1687 101 1009 130 88 107 952 12 17 9 
1155 1036 120 787 929 723 787 566 517 1048 540 802 753 1001 761 929 
1037 1412 92 41 509 909 871 713 542 1572 593 41 548 1515 1305 17 
736 976 125 1110 618 624 632 973 472 747 576 667 854 834 583 715 
602 1242 121 123 670 926 475 42 843 1239 836 550 1084 676 448 713 
1266 773 632 890 732 752 690 687 832 980 701 687 1086 813 635 721 
507 763 686 1393 1211 720 721 928 988 1148 683 1229 1226 1259 669 704 
714 1984 731 152 2413 1623 774 767 867 1760 730 968 731 684 886 772 
1348 770 823 584 753 797 793 918 942 1179 771 659 980 602 712 601 
2565 1636 541 140 3028 3310 1612 50 1963 1867 2208 1281 1738 1334 1255 1 
1827 1216 1862 107 1986 1 1696 1079 3659 1911 1707 1219 1674 4392 576 1456 
1968 961 1029 996 695 3187 902 2802 933 958 939 236 479 1967 12 1049 
1219 1190 1193 640 597 610 1975 1818 441 9415 4172 1126 1055 1190 9 874 
1 1165 1165 776 466 1348 1164 886 655 687 1287 820 532 548 947 1013 
116 11 143 11 40 2531 1045 1232 1361 1472 3370 495 930 11 578 26 
104 1 110 966 104 16311 995 2598 32 2163 478 1284 16215 32 551 35 
95 1 95 8 90 16563 1962 821 365 1828 1648 610 632 26 1 90 
98 1591 104 13 39 17579 2002 817 875 2768 1565 2001 764 28 1131 19 
114 1 43 7 94 1023 1328 2530 2303 4359 1456 1 500 2428 1000 24 
8 8 12 8 40 2151 781 1840 1004 1726 8 8 1357 7 1180 8 
1670 1349 55 1304 416 599 558 1332 556 1046 599 989 1454 1475 65 1065 
1156 19 28 19 1079 1472 1914 1808 2293 1449 19 19 1164 19 40 1053 
1120 935 164 1135 646 626 461 721 592 995 555 809 717 1429 962 775 
698 779 146 516 937 955 731 794 748 1334 871 548 556 33 33 974 
537 766 141 1169 829 1246 1048 1256 675 1127 647 870 586 602 1031 803 
671 717 146 819 600 675 653 652 647 720 598 642 492 916 809 707 
1054 543 88 750 489 1139 459 818 558 473 608 749 711 894 714 1055 
614 123 123 123 575 35 123 123 564 631 41 123 123 30 123 44 
960 31 35 31 1157 31 17 35 1267 378 31 31 31 34 35 8 
1364 26 94 24 862 24 12 3003 508 10310 26 26 392 24 558 14 
2489 907 88 552 2358 1582 26 1306 1309 887 703 9 31 16 1426 503 
1803 1353 80 8 582 18432 35 1272 474 923 8 8 1584 14 1028 10 
789 968 122 714 641 749 821 688 796 871 691 759 715 921 816 790 
1405 1092 124 691 691 782 761 1018 768 767 839 768 741 705 831 627 
650 691 121 819 605 815 653 888 731 730 830 597 691 730 618 900 
906 916 123 726 627 940 724 723 681 686 667 790 888 763 27 666 
955 937 119 914 584 881 639 639 778 898 964 869 783 748 540 744 
917 905 120 610 490 895 615 544 769 830 762 869 634 737 49 745 
1012 730 842 730 549 888 757 816 914 814 730 627 845 853 1065 635 
14 1160 857 594 592 1120 621 948 430 993 747 835 490 977 765 976 
22 1218 818 633 664 667 648 765 820 1131 854 918 1113 592 698 550 
34 39 57 31 1298 1513 549 37 810 715 39 1104 33 31 27 27 
1051 926 719 1002 488 620 598 543 674 812 760 672 926 571 948 631 
22 1173 785 927 681 772 926 681 927 677 927 566 736 827 636 984 
850 602 107 1242 532 1632 627 709 726 1340 716 724 553 568 933 724 
835 1148 104 106 616 1636 106 106 699 972 697 796 687 106 104 1145 
82 18 91 6 875 10 57 1363 1187 10 10 10 1062 29 91 25 
59 11 23 11 1722 18090 59 272 1153 41 11 27 1687 14 648 11 
22 13 46 13 1295 13 46 698 2193 13 36 20 36 36 62 13 
55 13 37 13 2360 18794 43 942 686 37 13 13 1070 17 37 6 
2971 1017 3160 316 6284 2999 1 1 1 2969 1 1 1 6284 1 6109 
6442 665 6495 889 6440 3111 6366 3064 1 6265 6354 1 1 6501 1 6499 
897 584 4342 584 1894 1841 1 1 1 1 1 1 1 1841 1 1323 
1 458 1274 1 1274 1 1 1 1 1 1 1 1 1274 1 1 
1 531 1676 540 730 1 1 1 1 1 1 1 1 1399 1 1356 
1 717 1047 692 760 1197 1 1 1 1 1197 1 1 537 1 1010 
604 141 136 141 596 1576 141 141 663 1880 136 921 908 41 141 41 
678 715 133 641 681 1832 133 664 527 1242 816 964 789 35 133 698 
1039 1273 141 587 543 809 135 1236 678 720 985 499 604 863 1194 696 
872 2896 137 760 574 2327 124 580 835 1816 1048 872 760 46 124 862 
43 858 141 705 396 1733 133 996 733 1550 606 875 964 2996 133 1209 
28 34 137 34 1006 34 57 34 1195 2482 34 34 752 34 80 36 
693 752 989 705 117 1157 1038 651 1045 19 1057 646 628 1016 536 709 
863 869 1076 771 652 677 699 809 838 94 712 694 969 942 885 591 
386 1681 354 97 88 1248 99 278 2500 11 694 88 701 38 1381 993 
1047 1574 1057 1419 76 1770 1099 961 2350 19 19 19 1058 33 1107 1177 
1114 1424 1170 1647 28 2191 128 1067 1088 25 2062 1473 1100 29 1076 1110 
848 1262 1242 1121 116 2074 116 98 2028 24 1021 625 859 36 1555 949 
764 1116 78 848 753 1237 614 830 942 942 827 765 1440 1166 849 653 
764 866 115 430 494 2128 497 1985 1062 1295 953 741 873 993 687 658 
798 1601 94 1302 405 601 589 830 610 2236 726 595 537 1145 889 1081 
536 888 118 587 616 1665 692 804 773 708 773 648 1019 965 3 649 
1093 1003 102 1085 738 1357 1015 819 915 569 749 875 813 963 1084 569 
1109 2254 144 1274 556 1163 1066 1110 766 1020 864 1109 744 1015 872 968 
506 1825 70 9 703 1656 90 638 442 780 970 998 741 49 1437 1021 
960 1162 70 1028 711 702 43 641 575 760 575 691 592 871 659 802 
56 2220 56 7 1830 1341 58 1983 1452 1688 24 2159 1829 56 63 1410 
51 1138 46 9 552 2130 91 692 455 1042 896 896 558 46 888 41 
29 2060 48 11 1199 1452 62 62 1198 2069 1236 7 1206 37 57 7 
24 2485 38 4 2223 2322 65 44 2450 1647 1369 1440 1163 68 1701 26 
7 973 31 7 956 955 34 38 792 33 39 39 704 34 39 7 
23 2144 48 8 770 1619 31 64 2150 32 45 3202 840 32 61 11 
20 1646 25 5 807 2307 25 33 868 12 24 969 1312 20 782 12 
8 1509 33 8 1569 3123 20 63 810 1463 15 769 1795 43 75 8 
24 1134 17 17 484 4137 111 56 737 17 16 1 695 17 43 17 
28 987 45 32 622 759 27 32 697 926 26 1136 912 1065 66 758 
909 820 1084 588 774 1062 545 922 607 779 607 607 852 1466 605 756 
49 791 95 1186 555 663 93 50 840 792 2110 764 778 981 86 951 
799 989 75 696 593 921 165 1173 919 1063 670 791 679 717 530 751 
34 852 84 588 890 632 78 660 504 505 743 529 564 437 527 839 
858 826 62 637 898 16887 849 788 1885 1700 726 865 484 2494 15 1106 
848 2800 77 576 1189 16186 785 1687 933 732 630 397 724 2186 10 1565 
802 842 19 827 1144 17558 1237 1183 815 13 717 470 16238 2537 11 437 
792 2199 129 392 752 2417 1031 963 1231 1644 1197 438 1354 2339 9 438 
786 2087 60 974 1261 17167 947 1393 852 1188 1105 3361 954 2757 8 1096 
857 300 35 878 1028 16862 1179 2325 1468 3822 1082 872 1082 2193 13 661 
669 623 66 822 555 1037 739 943 595 756 933 761 881 524 943 761 
739 730 23 480 630 2222 699 659 593 668 551 1123 754 869 595 665 
561 1479 68 551 536 1627 555 920 843 1254 863 712 866 790 751 645 
683 1344 94 835 529 536 625 1008 543 159 794 618 488 781 794 508 
915 1030 17 25 654 896 721 91 28 1564 354 521 648 4863 929 25 
1384 12 53 12 618 1180 11 17 16 2271 4774 904 934 18 12 4 
698 792 730 715 1190 784 709 624 805 727 662 625 698 715 679 765 
937 713 605 687 765 955 751 790 749 652 804 687 790 766 555 901 
607 973 856 658 798 1195 878 934 634 807 765 515 797 1158 951 817 
1337 810 937 637 877 733 847 675 1338 1050 728 636 776 753 847 682 
642 962 819 642 931 154 748 994 1000 1 843 572 993 474 1101 675 
729 894 467 657 1744 1308 603 1863 785 1904 979 916 888 629 311 664 
686 643 962 612 749 797 130272 130272 682 889 823 735 709 55 961 952 
24 845 719 13 454 10 103 483 747 13 833 993 675 67 46 13 
4 1384 998 12 62 1120 62 1122 748 1094 792 812 1214 62 62 9 
689 693 111 1042 580 942 823 689 709 889 629 1068 640 1203 838 725 
621 1235 146 685 613 1049 560 1012 683 571 798 613 573 840 772 1194 
674 785 150 747 714 1167 859 717 468 1522 976 777 549 1532 29 849 
1453 1243 61 587 2511 1371 1840 1488 1577 1804 1396 1363 1458 1070 9 1247 
1079 1351 37 3 9 1341 2756 38 37 1982 1411 1361 1737 1901 29 1401 
1584 1 47 717 1889 3592 973 1367 35 1408 1099 1209 725 2178 16 1468 
92 7 65 10 1127 2193 28 28 1518 1640 7 7 1022 7 28 400 
22 18 50 18 1931 1560 21 34 1811 1307 18 17 1219 6 21 13 
48 13 43 13 544 1746 31 551 18 2504 13 13 48 8 19 18 
34 2426 100 12 1421 1859 47 782 329 1315 12 12 1231 12 47 12 
49 1662 49 457 1415 3501 49 475 1840 49 20 9 49 9 49 1052 
117 1132 95 927 1772 2313 61 1067 1594 1210 1579 400 1208 86 33 739 
32 698 636 12 443 962 106 1026 576 116 597 617 874 112 117 59 
25 898 1000 539 742 401 106 914 812 32 741 1000 628 62 676 32 
54 1204 802 875 606 723 129 769 694 47 867 518 512 129 730 46 
103 1358 511 17 610 805 103 956 595 155 595 469 640 113 83 17 
765 997 744 805 518 896 636 1570 486 675 743 634 711 141 643 861 
36 792 1040 20 644 646 106 861 668 25 778 720 771 24 778 24 
28 130260 130259 1937 2111 1595 21 130260 1591 70 1689 1517 440 26 1509 8 
25 1693 906 1128 1122 1122 33 1118 1125 76 1339 1192 1141 38 623 31 
5 994 1066 639 568 944 33 747 701 106 903 526 696 965 604 939 
78 118 118 41 578 1445 126 25 1001 126 126 4033 126 126 1323 45 
16 1226 467 8 852 1935 40 31 1237 43 1186 213 1103 1846 1576 40 
25 1 790 6 2474 8 6 6 1028 123 1239 2000 1926 1999 1202 6 
42 2216 1161 6 3189 1874 34 32 1585 68 2154 1305 1293 1936 700 11 
23 1533 1285 16 1522 1865 30 1072 299 99 2523 806 1872 2140 2425 38 
7 7 34 7 63 7 30 7 32 5 7 13 912 9 28 5 
1982 2034 36 6 2034 20427 34 10 28 32 1478 10 936 2008 42 6 
558 1431 1192 627 2670 1088 3059 1460 1057 817 760 578 562 4396 698 728 
600 777 1132 1055 892 617 1411 952 659 907 923 917 707 4398 627 794 
1031 681 1228 784 621 911 1886 1082 751 951 629 770 810 599 765 831 
1195 741 524 1608 1556 3137 2440 1416 2002 1112 408 149 870 4400 2285 1 
1341 705 555 1602 1797 2116 937 30 2517 1819 1215 65 11795 4400 623 673 
453 1502 715 1230 1478 21429 2477 1453 2119 1 1422 11 11380 4402 1132 1 
883 1079 127 599 556 1049 589 1300 564 765 883 542 685 1433 475 798 
37 30 37 37 506 37 120 30 818 37 37 37 1529 57 117 711 
7 725 119 122 514 1222 122 122 648 28 122 458 810 1012 119 847 
68 1091 107 17 731 21 92 61 402 7 17 21 1514 105 89 4130 
628 1040 116 919 581 671 450 564 761 794 837 1138 962 761 841 583 
89 89 89 21 717 25 89 89 623 25 89 25 1119 96 89 596 
89 89 90 11 464 18249 89 89 2031 2660 89 89 11232 14 76 27 
59 44 44 37 2323 19090 116 44 2272 795 59 1 28 37 59 23 
82 39 39 29 1194 1026 100 34 2022 39 29 34 27 43 48 29 
83 47 135 17 1669 1067 132 93 1715 1836 17 17 49 17 84 47 
91 68 47 12 1330 1706 39 22 1945 2223 91 91 42 30 91 11 
98 113 38 7 1212 19049 117 51 1650 39 7 1420 1297 26 601 7 
29 1170 42 9 102 1340 133 1726 2574 21 42 2309 1162 51 863 6 
47 41 41 18 1613 2960 41 1228 647 37 41 1069 1209 70 794 18 
54 3804 49 11 124 1643 116 2620 928 115 5637 1 1128 116 1097 3205 
34 958 43 847 642 1112 118 658 551 749 778 818 639 97 1498 1037 
88 25 78 9 102 1926 102 96 2410 25 25 25 770 29 76 11 
28 1428 1538 6 19 2603 112 1394 1741 34 27 1530 21 28 1635 48 
31 888 1578 13 31 2721 73 647 1024 15 647 731 1206 31 2154 50 
2221 1106 1074 26 1457 2279 70 320 2670 10 1518 879 1022 43 1098 10 
427 443 759 60 691 1282 124 207 2779 31 1786 538 1006 124 784 24 
240 1307 746 39 2064 1457 107 1494 2314 902 1895 1 1901 32 1176 23 
1660 1217 945 114 1941 1744 112 264 2817 8 2447 5 1025 48 2136 5 
1492 814 786 63 2328 19912 55 1584 1565 10 1029 631 2267 54 928 22 
1474 958 687 57 1815 1307 74 230 3143 9 1344 1 1650 33 1363 18 
1681 2141 106 2079 2246 3147 1337 1709 743 2203 966 705 1210 2214 519 1625 
2308 1060 146 1761 1968 1578 957 1423 2247 2165 910 748 1305 2541 931 1257 
1343 1926 84 563 1194 1830 1194 2712 1117 1016 1412 660 1190 1935 1352 990 
1169 2701 128 904 1507 2106 2449 1156 2114 1994 1192 776 1171 2159 11 902 
1084 2236 198 652 2274 2060 2721 1542 2750 2231 3269 1548 1008 2231 1180 2563 
2560 1087 121 4 597 529 121 662 841 125 28 520 816 121 124 937 
2468 1869 45 25 1118 33 110 49 1439 45 33 22 768 102 119 33 
772 920 137 464 643 1184 119 751 778 778 784 1136 798 80 119 612 
920 1156 666 13 523 701 137 540 546 1140 1007 640 720 137 137 794 
1377 15 93 6 667 1938 120 93 971 107 37 15 1218 111 111 6 
808 1244 1164 4 1138 519 138 773 746 1002 26 1066 1074 138 138 842 
47 891 65 1687 534 1608 69 72 798 1059 764 557 1534 34 909 753 
39 2285 34 18 1284 1448 39 11 1437 1602 18 18 8 39 39 18 
61 53 68 5 3038 1585 51 1045 1385 16 29 5 740 60 51 5 
88 3581 85 12 1359 1566 61 1614 2254 617 2769 2787 714 65 819 24 
67 4236 137 4236 526 1330 128 2470 673 3732 618 4236 679 61 123 28 
18 1875 47 1394 544 1132 136 38 603 937 944 649 1094 18 78 1190 
868 777 141 1336 773 1347 986 576 664 664 743 865 722 749 918 807 
867 848 126 640 581 882 668 734 627 1899 894 786 442 800 626 603 
1815 1076 100 100 650 744 614 608 100 1687 675 776 905 15 100 1104 
759 1037 143 565 860 688 497 718 821 1387 949 693 553 1174 572 822 
635 1359 138 771 559 760 628 687 1020 956 543 784 887 522 731 553 
688 1444 123 741 554 735 496 608 443 1620 699 627 630 741 1112 608 
57 788 123 95 858 761 881 73 1195 1183 63 95 715 4413 775 73 
388 1106 641 793 828 673 406 694 1643 1355 672 863 937 4412 517 576 
508 636 578 28 1378 1069 513 42 1051 1859 1659 46 773 4413 747 456 
470 577 741 808 525 784 1147 1219 560 1084 1121 774 1878 4414 539 877 
630 914 956 1510 624 516 596 710 512 807 905 767 547 4416 689 762 
644 755 580 1172 593 763 704 1141 754 1454 669 769 544 692 655 723 
755 964 61 1536 513 1261 889 59 691 1596 767 504 765 655 27 820 
755 961 173 762 505 758 586 1029 517 676 676 612 839 710 517 694 
1422 1524 16 530 604 781 468 533 503 615 730 671 839 716 14 961 
887 1204 143 644 780 1238 517 763 820 1134 602 749 1089 702 523 779 
931 823 155 963 669 693 605 592 1034 597 640 693 697 1276 527 799 
1056 751 141 740 500 2756 641 627 677 1151 861 1068 602 638 26 751 
1674 1584 81 11 16 1970 1578 1659 27 1571 1472 825 1542 950 1962 1103 
2060 1960 50 13 48 1654 3 626 45 1949 1757 1676 1677 2254 17 1504 
1580 2441 37 14 14 1301 1776 1406 14 1573 37 13 2295 13 37 2726 
1216 1293 97 1567 22 1247 1442 1569 28 1419 2817 1401 1291 1225 40 1293 
859 1005 59 920 641 804 728 664 850 850 767 728 936 820 1163 669 
971 1012 128 902 525 724 992 525 724 770 724 559 1036 821 1261 1111 
1 1 1306 554 1249 1245 828 1251 1020 825 1256 1 874 1277 5 867 
1890 1174 1177 1145 566 2498 1521 613 1881 1585 918 371 1145 2127 10 604 
1969 1628 1204 402 15972 16069 1339 2225 1052 1977 844 936 15953 2084 11 1395 
1 1482 1259 2317 489 16034 659 493 366 1315 1373 2025 15510 1360 1096 1583 
3111 1228 1228 555 280 16496 1638 28 2883 1203 421 1 472 2230 641 1361 
1 1323 1323 1621 429 713 636 978 661 996 1468 639 1584 464 1414 774 
1661 1825 1932 1934 1983 1915 31 2138 2461 1951 2019 3 1934 2142 1947 426 
1649 1999 2003 109 1328 2275 341 599 17 1997 1996 433 1978 1855 1795 728 
1292 388 1277 278 2741 1516 268 1330 14 11 2 275 1283 406 1228 1842 
1240 470 1188 116 1026 1344 1189 1093 36 37 1546 966 1145 2141 1 707 
1372 11707 1477 30 3114 2964 1010 10759 34 1845 1 2 10667 1256 10387 757 
2302 1396 534 119 1564 4409 559 1627 32 38 1 562 10538 1697 10938 1936 
925 2282 53 8 2015 1549 1544 1266 22 1578 683 585 1581 9 786 774 
861 887 116 727 576 1071 1028 878 842 774 1605 776 756 728 15 538 
735 735 119 700 619 673 694 673 735 847 700 619 1251 734 767 710 
1199 1197 119 9 1200 2289 1158 52 1818 1552 1 1146 1141 1200 36 1200 
127 134 128 128 532 2885 840 429 1021 785 738 127 725 2302 34 1231 
112 110 110 110 112 16958 1019 654 110 4645 109 112 112 110 112 110 
104 106 106 109 789 709 852 833 521 1258 611 796 789 864 31 880 
649 1559 28 284 522 1436 1907 1947 815 859 470 873 1220 697 3 873 
695 987 98 909 659 920 834 695 813 1425 747 813 1045 984 437 908 
828 1193 76 1121 496 1565 754 1306 810 813 930 654 764 1418 466 1095 
873 710 33 995 646 1798 630 944 543 565 868 867 961 1196 855 772 
830 1288 49 827 686 1247 637 1035 561 775 631 867 1282 970 544 740 
955 1415 58 1322 487 2975 1082 1394 682 668 719 707 1203 1419 570 1115 
533 1818 82 1113 646 865 548 979 563 651 591 704 787 1066 977 1001 
680 1509 24 783 667 837 669 880 753 686 699 659 665 1021 676 747 
109 1658 79 22 46 1839 1194 34 1217 1709 1793 1495 1201 20 1138 1454 
138 42 25 49 42 1238 73 2540 1300 1916 49 49 1040 2093 531 49 
72 26 29 4 25 1536 15 19 26 49 26 7 1917 26 469 15 
108 739 40 8 22 1490 22 1263 16 43 2313 16 996 12 1142 19 
107 1752 65 675 1229 1991 1086 1959 1210 761 528 829 1052 1582 9 922 
499 1127 54 409 1501 1048 881 1493 644 2223 1045 1045 937 2555 6 1596 
49 1848 25 1068 535 17795 1561 1010 1904 625 1449 1329 606 567 8 484 
125 1600 26 2568 1540 16481 1287 2158 419 2049 464 1490 1307 684 487 1081 
52 2113 38 526 1121 19886 1085 941 1900 1138 615 1118 939 2391 846 592 
145 1310 26 1202 1202 17534 2168 748 1236 1124 1226 1228 1014 1649 5 1266 
644 609 1180 1180 832 835 782 68 2684 1291 1101 581 1008 1242 626 680 
662 940 1543 880 738 1497 464 116 1912 1433 925 837 1050 855 801 44 
568 976 808 58 1534 1596 818 20 2050 1186 858 56 1316 1137 846 64 
735 418 547 1512 475 554 751 92 687 1287 820 820 560 905 670 58 
707 875 957 932 892 1605 745 1418 1401 571 602 672 660 1264 1126 631 
1114 770 126 830 603 611 570 701 884 1140 688 611 1001 727 18 828 
720 738 135 647 535 994 772 638 1069 1146 535 811 639 705 716 745 
718 677 130 864 593 652 714 715 796 654 716 639 778 982 833 864 
887 1778 131 14 871 8805 1051 2904 1796 4242 2343 14 994 1465 36 1021 
636 891 126 603 609 527 567 768 638 744 638 609 530 654 777 564 
990 718 122 819 693 657 466 713 1063 1337 654 665 777 827 24 473 
654 807 160 875 566 605 710 752 698 959 665 627 665 654 695 832 
632 1321 159 768 653 842 383 907 665 789 855 634 885 808 527 1029 
1212 916 52 802 610 1092 1062 1090 736 3812 907 704 606 929 19 1092 
719 690 158 695 485 1202 851 1183 660 595 660 661 687 705 1009 865 
1014 748 15 658 729 660 486 1143 662 662 660 715 837 1000 730 880 
844 1612 154 613 615 1169 548 813 959 1328 659 811 881 1036 574 882 
996 1226 1115 475 696 10246 1179 2240 621 2195 1040 1 2606 1038 6 1431 
1268 849 871 1406 613 2030 1445 589 372 692 693 794 940 1642 670 634 
872 901 1151 746 658 827 1033 951 629 843 665 876 882 629 906 691 
704 1021 974 1416 665 942 868 927 815 1434 477 1209 1152 990 749 806 
1101 1059 1322 780 568 1262 962 924 616 742 650 699 1614 687 1346 681 
1131 1145 1 1032 781 3855 1071 2305 512 7627 1 773 1250 2137 12 2329 
774 1644 84 4 831 18540 40 64 424 933 40 1 57 63 474 12 
101 35 35 5 794 17563 103 2570 2435 18 38 1 101 103 599 35 
1412 11021 106 5 92 18399 92 1801 1963 92 92 1 92 92 811 92 
527 29 61 6 1262 18200 69 35 1759 5101 69 29 29 125 384 29 
597 1720 98 10 2829 1496 92 1119 993 963 27 1 35 92 1594 27 
899 1413 99 6 1199 1404 138 1415 2020 1643 32 1 1911 123 1725 32 
91 20 123 11 560 17851 3124 23 35 45 902 11 873 2717 56 70 
24 111 105 24 901 17576 1425 1935 44 1795 896 29 29 24 44 24 
117 1620 80 10 2152 2836 1135 668 41 52 1496 38 1133 2034 41 38 
99 9 125 9 975 3450 1067 845 37 2724 597 11 1227 1769 25 6 
969 2306 75 4 477 3116 1159 4 64 1385 926 374 1055 1054 53 4 
1186 5 118 5 1641 2316 2087 1483 22 103 1985 388 1868 1676 52 5 
1114 908 1030 520 597 816 870 700 789 1168 1126 893 632 914 1188 858 
964 1217 650 28 569 1064 542 733 530 880 1094 773 940 38 567 755 
1023 1031 814 847 592 1136 991 818 991 817 847 814 1030 128 965 824 
976 1343 93 832 1278 2327 1610 581 660 1134 1172 471 1610 92 699 706 
993 1165 726 733 504 1047 906 1057 626 1109 862 1046 1048 126 815 654 
1337 3980 45 15 1174 5162 103 454 1355 4905 1435 15 1349 10 813 607 
90 754 661 688 630 831 90 524 538 88 687 822 902 812 662 979 
22 72 77 22 622 441 102 6 77 72 506 77 671 1794 52 29 
30 98 23 97 531 948 97 97 97 96 795 635 524 1323 544 97 
28 100 37 107 465 577 107 3 107 107 1313 717 994 942 693 28 
537 756 555 514 817 511 627 678 105 105 534 689 621 537 559 514 
27 106 93 720 613 909 98 1559 106 98 408 838 768 98 687 608 
1442 878 47 852 609 1057 1075 861 705 1616 654 1374 1158 1019 12 858 
755 881 58 1004 738 1531 1072 1202 836 662 614 882 1015 875 462 1203 
1096 1236 26 606 628 1063 775 1305 669 1292 726 838 1115 856 906 1334 
1263 956 66 890 638 1451 1069 518 690 929 690 1060 959 2828 3 716 
1589 763 53 500 804 2311 1756 1051 1213 5082 372 1 665 864 13 807 
750 889 164 825 730 501 689 661 757 602 590 839 1389 821 784 710 
465 988 575 158 506 1019 919 597 34 1019 1253 1535 1135 4416 805 1154 
801 1325 1376 819 687 919 584 684 801 1204 1188 663 583 570 789 1503 
625 581 645 88 3421 2028 984 809 25 3339 4539 2 374 4574 1147 519 
637 758 709 689 1089 1214 728 745 20 1123 970 545 738 4574 555 1111 
813 782 761 996 793 727 711 1313 1151 881 808 784 609 700 709 784 
651 874 848 986 627 630 473 852 1027 1270 634 1148 858 877 718 611 
1046 1157 150 633 581 1139 100 869 644 6299 637 613 875 866 1199 610 
129 1097 82 20 631 941 599 771 537 1606 688 2872 621 596 339 30 
938 1032 118 694 599 569 703 742 906 970 579 871 599 804 707 1227 
729 893 123 765 673 1079 771 594 845 617 771 841 639 1291 1148 885 
823 1251 99 646 615 727 889 1161 764 764 764 578 682 1014 830 1083 
910 1038 104 558 569 958 912 569 840 1120 671 613 598 764 488 608 
776 780 897 730 651 1087 919 1385 561 691 690 561 599 106 1039 1048 
743 743 1017 695 580 972 519 494 665 90 782 705 972 97 514 29 
30 964 37 12 484 4028 116 3090 341 114 45 679 1161 99 1229 18 
29 10570 1 11 1863 11 83 1823 694 41 1163 1465 1115 99 1092 11 
114 1 34 7 114 113 113 1298 773 114 1394 1609 506 114 744 114 
18 1086 38 9 1260 9 1089 2610 943 30 2820 1195 1508 128 1592 9 
1 2241 1215 496 620 1692 1722 1063 869 8590 818 665 944 3086 634 1253 
3240 3085 1892 1591 2104 1809 1048 1016 1626 1617 2959 304 1983 1936 5 1363 
3054 2118 654 719 654 1958 2165 1714 867 1256 1469 1031 609 907 13 744 
1627 2446 548 1826 1990 2219 1456 1825 1972 1518 818 715 1943 1948 8 1360 
3203 826 467 419 1390 17243 836 2869 968 1761 1347 823 15793 17248 13 953 
1181 1157 1383 486 1214 1236 1522 1304 1274 1218 1209 482 1209 2534 7 4462 
118 970 118 999 561 737 118 729 887 1774 487 774 1045 899 118 1018 
983 900 112 644 710 770 491 952 617 926 545 574 855 737 707 608 
110 35 100 110 617 844 110 37 481 680 678 756 685 819 110 852 
113 41 116 41 535 41 110 71 29 109 41 41 1832 1423 116 4 
686 684 117 609 525 949 640 650 874 805 631 880 685 984 825 626 
694 926 56 908 507 744 547 931 705 899 841 752 665 996 737 695 
618 1169 652 1154 74 2395 525 10 1175 16 1058 1036 1152 1314 3209 1398 
579 1222 742 880 149 526 922 11 1882 725 746 746 987 842 781 419 
772 876 950 1490 128 935 122 27 1480 945 832 787 824 699 780 610 
908 871 1234 778 124 705 124 596 674 723 952 738 871 1074 648 659 
924 688 403 4099 116 1530 116 69 2378 116 1562 1 846 116 2108 682 
923 844 719 1640 119 790 119 1062 1268 654 772 665 654 119 1180 1332 
655 655 152 1083 686 871 748 695 797 679 706 684 562 938 744 708 
657 1266 86 660 614 1218 625 738 1008 578 666 1106 542 959 786 656 
1106 783 161 1064 658 1917 595 1453 596 769 996 640 791 505 1110 522 
1424 1786 129 803 770 1634 660 1212 657 1217 591 835 764 824 1075 544 
764 982 164 848 653 1237 614 830 724 1341 827 724 1440 847 748 654 
764 610 158 776 461 804 875 1082 1120 1068 1069 741 1255 550 1156 1081 
634 1043 1250 1234 668 1218 1290 705 1137 1730 1151 1019 897 117 725 536 
778 1001 1204 733 705 1494 651 827 1069 736 1231 960 700 1307 661 844 
634 835 733 605 623 857 635 931 807 795 544 738 660 583 649 768 
864 695 998 863 730 668 622 66 1492 1028 916 699 760 792 637 656 
605 758 1115 1031 530 1111 633 68 782 1212 989 962 716 759 591 812 
1847 662 1100 115 577 3225 717 16 2410 1256 70 70 804 117 3065 101 
824 716 635 972 554 704 635 582 963 794 646 726 716 938 923 960 
720 991 921 921 635 1085 1064 674 491 1175 768 585 723 630 547 845 
897 859 712 949 581 921 18 964 1017 804 859 921 717 1019 784 712 
1043 1066 969 14 1048 1027 971 969 1489 969 985 1305 970 2390 1019 14 
63 1973 637 789 2068 1908 995 1041 1427 39 1356 862 994 1013 944 35 
718 776 656 609 713 729 990 1149 739 1264 654 1029 1212 1264 626 961 
84 583 586 7 512 1062 29 1361 831 35 762 761 718 37 851 739 
20 840 1137 1000 586 1021 43 611 567 54 650 1000 607 1484 613 845 
23 626 1126 23 569 999 23 971 680 27 770 991 686 1001 366 925 
730 928 1123 892 521 1248 21 1042 670 149 681 738 615 524 806 1138 
12 1363 1363 10 567 801 10 536 816 98 773 1026 757 426 681 10 
934 1031 682 1030 566 1120 532 938 812 55 736 589 639 1148 732 796 
98 1846 116 346 1386 3838 1179 1364 664 3347 1 1124 1028 1601 27 1185 
770 689 118 901 524 894 409 524 434 1196 886 787 511 801 118 787 
105 705 121 6 1415 2495 1034 633 2943 1557 3066 292 828 2005 4 2058 
1376 2268 49 3175 1922 1258 939 460 499 1586 2995 765 964 2502 8 439 
1749 1731 41 544 1690 2051 1760 595 1318 3508 1715 936 764 840 8 1914 
1039 1005 17 580 543 872 1810 2318 1682 1541 1724 789 1029 2423 6 724 
29 659 60 848 689 909 33 919 685 738 729 594 817 987 617 822 
20 1366 82 429 509 1520 56 74 685 686 984 606 560 1160 82 21 
12 968 87 928 591 931 101 816 661 561 814 681 999 591 48 635 
42 706 109 695 642 1155 42 1178 533 705 681 608 709 928 1050 845 
16 891 108 954 648 687 105 29 588 588 595 909 811 755 119 771 
35 1997 59 4 663 1931 59 4 1086 676 44 4 610 646 14 4 
857 659 810 1081 865 755 1771 490 732 1965 938 674 673 681 1165 1319 
4832 515 626 3776 2545 157 2425 116 1352 4619 4009 1 11710 1431 945 1 
4747 426 823 1905 1792 114 1769 110 2194 1328 4191 391 11916 4389 1422 1 
587 814 729 856 1284 728 648 14 683 821 1113 530 572 1432 483 597 
1829 4817 1510 2800 2200 109 1049 1389 1279 1527 1352 798 449 4393 1062 33 
867 848 1509 1181 1451 1053 1140 517 809 1174 717 530 805 4394 1105 1179 
94 688 84 911 719 1100 1138 1517 643 1009 852 616 919 991 1054 1211 
855 1496 30 856 773 2390 539 1110 987 1094 1046 998 648 857 15 1371 
646 1212 110 816 726 876 518 1176 650 933 579 1201 787 742 1157 709 
809 647 35 809 413 2149 1078 1132 1117 837 608 722 1184 716 852 808 
1267 972 39 596 659 981 818 740 974 1097 944 824 1246 596 914 596 
565 993 46 1010 1140 1994 410 2646 1449 3085 1557 838 1177 938 3 632 
79 987 98 9 818 534 126 723 739 3220 689 812 1037 1374 557 732 
36 1048 153 542 849 1009 34 745 432 617 644 763 942 1002 52 756 
39 915 87 545 660 826 138 1039 631 809 673 896 562 1171 773 851 
12 41 61 17 574 813 112 894 509 38 28 635 969 13 57 815 
726 725 129 885 562 850 144 635 648 1039 573 935 572 1729 608 795 
36 40 40 40 625 40 118 40 1029 40 40 40 40 40 40 40 
803 1289 120 1180 601 2433 1560 1309 629 841 841 1289 1454 757 854 974 
866 875 94 807 690 1362 1467 1191 1023 1137 1220 582 834 817 1150 587 
1263 1722 109 1248 851 2762 796 2319 1470 553 1752 1762 600 2030 1556 2657 
1625 1330 126 976 776 979 998 1065 1262 611 674 976 673 1242 776 620 
693 1048 98 947 601 1155 929 1377 1032 1391 1165 783 601 827 1025 1255 
907 1084 96 900 818 1034 1117 1850 1174 779 621 703 866 1501 1185 590 
1326 883 783 928 659 1819 760 755 652 1393 520 828 756 1416 634 754 
1602 679 216 1109 734 2060 1079 1106 648 1252 802 882 1041 1490 940 849 
358 357 1084 357 580 1098 358 358 648 360 358 357 581 1002 582 1358 
1655 1231 1541 698 509 1235 857 919 798 634 797 960 798 796 1167 1165 
1368 1154 1050 850 694 1122 696 581 721 1251 657 684 795 850 1095 696 
1407 1196 1219 850 699 677 760 648 597 729 672 699 929 850 859 1031 
1354 572 147 843 1114 1486 1466 35 36 1073 777 1008 1114 1113 51 1109 
2340 1314 35 1342 1741 2102 1103 2490 2175 1427 1209 835 1285 1614 70 1094 
2098 746 66 57 18 1433 1922 39 1909 10154 1027 28 2223 1097 32 643 
1754 910 48 662 611 961 611 577 1094 633 1035 1036 1228 1094 615 1096 
967 910 63 916 696 923 487 874 764 1030 593 611 593 819 850 648 
981 747 152 864 578 631 1056 809 670 653 592 746 1255 740 36 960 
66 49 24 5 2862 1184 24 24 27 24 24 24 850 24 24 5 
23 1089 33 21 671 620 69 28 856 1772 21 21 1390 1382 47 21 
770 625 1033 728 564 621 639 786 551 1283 779 851 725 610 696 1255 
845 15 36 15 598 1618 39 748 545 1275 505 770 557 3235 740 45 
791 715 71 698 739 651 713 665 710 710 663 670 680 698 683 658 
73 1140 60 8 553 1669 22 39 35 22 784 1181 680 2859 897 17 
1 680 696 804 483 884 850 1186 915 791 653 861 691 907 534 861 
1 891 773 773 630 1108 643 556 902 878 774 728 889 996 962 530 
1 812 1 1204 484 886 418 897 721 815 887 836 1106 1046 696 762 
1 1276 765 806 464 613 627 915 554 1341 641 765 987 848 824 809 
1 1357 1 452 939 10082 831 2978 600 3637 684 1033 515 1177 881 994 
1 985 785 1324 693 586 743 792 594 1310 577 1005 614 1782 924 810 
822 1536 1093 490 41 2432 444 40 3332 13 1026 357 378 74 1035 701 
562 16 1203 1563 72 17 503 51 2670 7 2006 806 361 150 2223 2182 
920 794 865 740 578 682 940 852 1588 1207 621 628 778 1279 1061 579 
759 871 920 624 123 32 737 1271 1790 1269 683 509 735 124 857 675 
1454 1459 830 982 39 1431 116 10 1290 8 769 582 842 116 3525 843 
743 1033 1366 766 630 1157 934 650 991 1035 913 847 729 588 957 688 
969 748 863 646 579 1029 546 731 1442 784 972 798 506 132 625 643 
846 1018 660 660 730 781 536 699 1396 1076 683 620 620 812 741 682 
862 860 613 958 603 1002 586 627 916 1037 830 885 714 62 586 657 
730 730 648 689 639 803 640 690 1151 860 572 605 634 649 1259 648 
882 466 876 45 47 1517 287 34 1641 11 330 1 494 34 625 695 
653 1074 907 1637 34 3501 404 404 3374 11 2057 1 390 2245 1548 649 
2502 922 446 69 1594 1473 1381 1517 4003 1303 1288 90 1731 4423 1172 1518 
381 688 832 1763 887 2233 360 32 2033 1029 1 108 11241 4423 907 1 
1488 787 597 1905 1803 22698 1315 1494 3007 675 1521 785 11225 1402 1130 1 
1551 350 445 1461 1607 22400 504 1404 3899 2091 1 1 11473 4425 2631 1 
2399 701 900 36 1945 1727 934 1758 1531 2034 1683 19 578 4428 1015 1 
2268 581 689 26 998 21829 405 117 2303 1757 1863 64 53 4434 18 37 
117 2600 61 14 1545 1527 117 1851 1107 631 15 2081 1772 50 81 35 
39 2034 61 4 974 2560 18 903 911 1753 35 1241 1013 26 89 7 
20 2426 64 5 1722 3069 76 2156 379 1897 5 884 1651 51 41 5 
879 997 1101 569 539 988 477 1361 916 604 915 609 663 620 986 749 
930 655 1119 737 555 682 866 778 940 601 823 634 855 725 513 958 
1013 1051 111 4 641 930 34 704 516 624 964 641 794 43 702 559 
33 2073 1100 1112 534 1035 115 777 115 115 753 580 669 49 647 115 
675 899 1174 980 535 601 94 718 632 104 659 675 435 98 1357 789 
19 1210 561 875 831 939 108 838 530 702 695 616 879 677 514 820 
675 941 989 933 668 741 1032 934 662 988 823 557 876 895 469 600 
18 1462 1384 717 809 2423 90 609 672 90 933 669 600 1404 1109 13 
557 850 723 737 581 570 143 1124 512 900 756 898 536 750 1103 732 
3248 3007 3293 3180 3248 3220 9775 3220 6577 6315 3248 1 1 6677 3409 6677 
3375 1115 3375 1369 3383 3319 3541 2642 1 1776 3310 1 1 3319 3415 3133 
1 1462 1055 605 2346 2305 2096 2200 1 919 2012 1 1 2290 1 2346 
1 726 849 713 1394 756 1274 1280 1 797 3389 1 1 756 1 756 
1 911 1564 853 1418 739 1542 1240 1 1122 2295 1 1 1925 1 1550 
1 807 3537 641 6917 3234 1 763 1 6763 6520 1 1 6784 1 6925 
2314 1913 114 3222 2690 15 3074 635 30 1150 23 741 1496 13 66 479 
1348 1978 34 2185 2162 17 46 3478 17 619 17 17 815 17 1700 1957 
447 2908 46 4729 1082 1227 51 1202 1277 1062 832 1145 1099 51 984 789 
762 1312 712 762 547 807 633 594 634 653 749 681 999 650 601 700 
1107 650 47 700 519 700 724 896 700 700 650 601 1012 734 515 683 
689 769 96 828 505 700 667 1009 667 575 667 842 678 667 701 625 
970 924 129 740 529 1031 653 681 752 728 653 778 740 807 554 617 
894 897 126 554 583 590 1052 876 606 788 602 760 597 994 500 662 
81 2796 135 4 72 956 1052 46 21 1873 1295 1 730 3708 18 1304 
755 773 130 648 646 883 605 817 605 959 852 900 736 928 600 682 
637 840 138 719 672 603 1053 639 667 1120 731 916 604 1063 882 664 
827 1753 132 132 596 896 576 35 132 1034 1006 861 1154 607 132 851 
1314 998 112 372 1667 1513 1548 1207 2111 1936 1438 1156 1548 1855 16 732 
1493 2245 99 365 1061 19009 4520 779 1889 6 1464 1 892 2971 6 858 
1765 1328 55 1754 814 2081 1970 2188 1953 2022 1306 1 1838 1961 27 1000 
1458 1752 121 5 531 2223 1028 1836 1854 438 419 1 762 1119 30 1203 
1216 2093 20 7 1184 18697 714 1399 466 7 2943 1 893 2393 20 1806 
1908 1 140 5 1768 1601 1027 1934 1254 1336 2869 1 1390 1284 17 2217 
1948 1207 1550 1139 562 2214 715 1825 712 747 709 757 775 1332 3 693 
903 982 1041 1553 727 1201 1487 1393 1509 1317 1012 645 1418 1616 1 1842 
1 2827 1334 3900 496 1391 1074 576 414 9172 1616 442 664 1315 1173 1170 
1 1224 630 801 631 630 630 603 649 744 744 1046 1276 682 778 652 
1 799 1261 833 504 708 562 513 979 1170 674 1074 1007 834 935 690 
1 808 1284 1078 520 1195 1066 1066 869 583 758 945 820 1372 719 750 
715 1072 103 21 508 1010 92 1236 576 715 629 628 591 67 59 1046 
1511 1152 107 34 617 1875 96 40 816 24 41 41 876 24 89 776 
737 1455 936 906 679 751 153 885 732 1323 982 690 678 36 595 936 
814 1750 753 897 455 889 608 1042 679 1368 608 735 742 23 380 1016 
687 610 1034 899 679 1237 139 904 484 896 689 579 1019 52 525 873 
948 987 611 560 560 613 628 746 768 1602 670 745 766 85 669 816 
31 54 954 954 543 1250 54 823 631 54 782 752 864 54 54 752 
680 2786 833 837 800 7 36 7 508 82 1905 1307 893 2020 1059 36 
65 1296 26 5 1745 1728 41 8 2339 43 1477 1 1902 1082 667 28 
26 1112 1038 1519 980 2174 937 1184 2481 94 1411 830 1064 1129 937 21 
1226 1925 1290 1572 1572 1995 34 1656 1802 32 1684 2132 1249 1547 754 53 
19 19 787 21 1108 3114 21 90 1603 98 2549 19 705 2556 1466 26 
493 759 640 185 6 2960 620 426 40 47 245 415 1042 129 17 796 
518 758 847 304 835 2262 461 769 9 9 918 568 1346 136 5 961 
805 1387 33 798 412 998 449 47 663 663 690 519 999 653 712 501 
694 1141 96 1009 723 1239 651 753 609 1141 624 567 973 1017 767 750 
1019 1035 18 8 643 1854 725 1472 518 923 481 1145 1006 1573 479 1022 
962 824 98 688 526 938 520 736 559 831 892 706 633 750 747 745 
762 1032 86 704 691 638 734 931 559 743 594 627 526 1268 723 638 
30 871 95 716 863 508 704 551 1050 1025 451 454 710 1008 767 863 
735 988 112 550 602 1005 112 1036 817 636 663 723 656 1023 495 656 
707 777 118 1016 565 1275 407 704 606 704 857 587 815 704 760 589 
100 38 101 38 492 620 110 32 32 110 38 734 621 38 110 700 
38 38 88 38 1525 38 111 17 38 88 38 38 548 38 88 38 
22 22 34 35 1081 22 26 23 22 35 22 22 834 22 14 3 
88 1428 107 6 1186 19061 28 2464 36 45 1682 69 1028 2703 1145 6 
1472 1380 16 5 23 1270 1344 32 1340 1135 1653 27 992 1467 38 2386 
1841 1245 24 1337 853 2460 1019 1389 902 807 1314 546 1270 795 34 879 
1315 1141 93 936 682 1053 1236 622 754 689 832 879 790 1507 32 1004 
756 1546 33 832 520 1503 873 878 723 867 812 616 461 828 48 965 
642 617 69 643 616 734 658 1202 538 606 616 616 619 984 678 763 
858 817 78 816 759 857 540 790 863 575 1036 663 730 662 1008 754 
