450 1312 1387 170 1822 9715 577 62 693 1414 1111 400 1138 1477 596 1094 
562 789 667 576 610 704 594 685 1447 1235 593 634 968 1473 631 1006 
475 1208 545 690 672 1709 1039 70 452 1116 1009 713 637 1471 490 987 
707 648 944 736 789 1537 782 72 811 561 907 648 852 1497 1148 849 
529 877 1044 707 702 983 681 156 771 1105 918 643 537 938 836 550 
570 1480 736 127 1856 805 635 1091 1132 927 697 814 571 1473 1076 949 
634 2039 931 949 830 843 918 935 31 783 1126 685 484 1476 764 822 
429 1234 640 968 1131 996 570 877 27 1214 765 416 776 1473 751 869 
395 622 537 855 536 831 968 876 48 744 906 832 1000 855 604 819 
709 786 843 652 542 689 622 1097 26 1086 786 1167 847 670 622 760 
1117 42 1053 111 2262 1540 1041 1064 27 1040 1539 7 1091 2231 113 42 
542 825 1412 188 1409 771 686 116 25 2087 3645 429 602 1462 509 545 
805 290 729 536 3351 2428 1188 680 778 819 10391 1020 10615 1484 1194 371 
727 1302 550 391 1565 1571 830 1467 2760 9756 10000 1045 10290 1584 1272 1144 
1120 2054 1089 87 3157 1518 418 1436 1659 920 1457 989 1015 1775 1076 710 
585 965 340 187 1945 2033 502 1843 1536 67 1464 1724 1904 2304 414 1367 
1897 913 400 306 1878 2445 680 2384 1748 793 1878 1873 1854 2059 1656 1873 
648 1695 383 72 1380 1412 710 627 1568 10674 1052 369 9858 1350 539 1341 
674 1231 137 633 751 770 146 742 687 905 885 602 595 41 469 667 
18 29 130 32 395 29 130 1047 967 882 33 38 536 32 51 805 
23 41 54 22 1993 18 155 32 2883 1931 32 32 36 32 54 17 
712 561 147 626 560 619 147 833 641 1161 939 786 551 844 927 1190 
830 780 138 990 523 779 131 42 633 718 666 683 829 30 88 641 
1220 1441 136 43 789 1530 136 36 681 2962 27 27 946 35 513 1971 
29 19 81 19 43 19 29 1317 2561 22 19 19 5 5 1235 21 
29 21 21 21 24 9 21 691 1035 17 9 21 9585 4 1233 26 
50 22 50 22 38 10072 22 931 1033 22 22 22 9505 29 43 22 
916 9816 126 28 31 9935 28 688 1050 9868 28 1036 9501 7 1313 1352 
39 36 91 36 23 21 21 632 834 9757 36 530 1011 20 1034 1475 
40 30 11 20 30 11 20 739 1272 9922 11 20 9782 36 40 1283 
40 13 33 13 29 13 23 986 1113 10081 13 13 9917 34 1375 13 
336 777 85 814 28 1201 85 692 560 892 16 541 883 29 58 1096 
134 9534 134 33 33 9425 134 579 907 9553 33 33 994 17 36 714 
20 9748 107 35 35 9780 58 505 1824 9773 35 13 9560 13 44 524 
20 9303 166 3607 23 8984 67 620 441 9098 21 21 9248 8 29 518 
30 9236 176 3348 29 9720 40 391 1036 9110 10 10 9529 32 51 1036 
115 18 35 18 20 18 18 29 470 32 18 18 9688 29 52 18 
668 632 38 38 20 792 39 806 863 851 913 20 911 26 64 830 
845 903 38 1140 25 933 44 39 1161 1233 659 476 1126 15 49 943 
989 1056 28 31 16 1071 31 958 573 1098 31 31 19 25 50 762 
35 26 26 26 20 26 33 26 35 26 26 26 26 42 31 26 
49 15 16 15 21 31 32 15 45 23 31 15 32 21 37 15 
26 17 26 17 22 17 26 34 38 26 17 22 17 22 48 525 
76 4006 117 12 76 3185 606 30 1676 1179 2597 23 1233 12 12 651 
834 834 149 694 747 1072 976 659 860 821 725 619 852 900 837 694 
655 1197 115 751 657 723 750 651 847 1012 655 723 653 752 750 522 
737 973 121 816 518 948 762 826 727 826 494 794 868 625 783 621 
564 1000 125 1307 511 667 922 945 751 1401 1212 812 705 631 24 572 
839 1027 123 931 765 803 1057 626 829 752 463 940 829 1021 444 1019 
658 2139 62 1078 1405 17987 891 795 663 2117 918 436 806 726 764 1401 
746 746 94 1181 1535 17939 1183 1025 1923 2277 718 224 706 746 1086 1399 
65 1996 71 12 25 2120 983 975 23 1735 12 418 468 681 11 1315 
25 768 112 443 51 17978 977 977 16 21 1911 21 479 728 14 1234 
1329 1285 56 797 546 541 831 740 550 551 625 721 1263 965 17 1095 
878 824 99 826 824 1004 1289 1454 670 1128 1129 735 734 1070 1656 735 
104 104 104 104 104 104 104 578 104 104 104 104 104 30 30 104 
94 80 80 80 86 1749 624 585 94 80 80 621 1003 32 32 1047 
731 94 94 94 94 372 374 741 94 94 94 94 94 33 33 94 
108 29 108 8 81 17626 8 1360 36 81 29 1005 108 36 29 571 
97 97 97 97 97 18806 1063 625 31 97 97 97 97 589 31 903 
75 41 112 75 96 18408 1535 444 41 69 112 602 721 41 41 827 
776 792 130 647 622 789 760 713 641 948 521 655 713 1431 712 718 
134 965 131 487 742 2172 526 1181 525 1029 586 739 799 1136 3 535 
605 801 138 1016 895 576 1260 663 826 546 750 540 497 1476 29 803 
1222 4833 34 3 795 2212 972 2844 622 995 615 1 897 2592 19 1167 
1113 896 146 828 537 1172 909 1021 687 638 905 838 740 878 866 599 
717 603 50 603 844 17198 1167 656 1352 1693 663 464 1001 1436 851 527 
