2324 4781 4781 5363 4397 3623 3803 7266 2817 4314 6394 3331 3885 3860 2787 4161 
2645 1152 4931 3146 3462 4632 5883 3822 3662 3896 3462 2488 3269 2873 3935 3731 
4285 4465 4251 4475 4285 4465 3411 3484 3484 4987 5008 3536 3432 4504 5711 4285 
3503 3981 3621 3948 4020 4196 3735 4388 3295 3206 3111 4282 4115 3792 4535 3924 
1271 4009 4009 3726 4977 4094 3457 3457 4314 4957 4308 5922 3833 3159 3879 3879 
919 5040 3418 3418 5128 4484 4484 4177 1493 4485 4048 6227 3418 3418 3375 4231 
1182 2500 7560 3098 4076 4490 3651 2284 2987 2254 3822 3798 4127 2987 3222 3822 
3622 2747 4558 2959 4241 4490 4362 4088 3773 2887 3622 3622 3612 3773 5284 4278 
3858 3927 3238 2890 3858 6489 3692 3692 3692 3555 3555 3555 4219 2320 1756 4909 
2959 2461 5956 3623 2564 4558 4558 5068 3077 1241 4575 740 3077 2115 2199 4218 
4043 3119 3490 2913 4505 4654 4800 3863 3939 3882 2745 3151 2736 4437 5048 5048 
3178 2007 4619 4619 3249 4939 3993 3993 1778 2335 4249 4147 2408 4569 4599 5363 
4272 4346 4134 4607 4644 4318 3585 4232 3585 3264 4360 3646 3577 3585 4784 4381 
2705 3882 3830 3764 4479 3553 3631 3631 3631 4044 3727 6163 3328 3631 3631 3727 
4478 3909 3902 3982 4087 5413 3670 4804 3727 4641 4573 2955 4279 3846 3902 4185 
4124 4106 4008 3904 4124 4650 3822 3504 3504 4746 3842 4066 4008 4124 3815 3635 
4143 4731 3739 3786 4674 5447 4143 4871 4831 4752 4816 33 4112 4831 5355 4560 
4172 4197 3885 3978 3909 4977 3648 3955 4172 5239 4016 9 3909 4100 3984 3838 
2803 3137 4462 5086 2803 4275 4099 6220 2394 6220 4000 4000 2999 2394 3788 2380 
3618 4385 4577 3451 4923 5076 2759 6328 4029 4716 4096 36 4386 3235 4174 4219 
3436 3856 5027 4955 4740 3744 4857 4273 2640 3644 4993 4192 4590 4660 4038 4993 
4950 4414 3206 3805 4950 4950 4403 5601 3059 4809 4950 2816 3062 3206 2994 5246 
2926 2530 5456 2537 2926 5380 3129 4089 1977 5438 4781 4410 2270 5456 4151 4500 
4804 2032 6537 5032 3538 4238 4932 5032 5645 2618 4804 5721 2631 5645 2717 5977 
3015 3083 3016 3338 4489 2752 4559 4647 3827 3135 4225 5 3159 4422 3983 4303 
3332 2578 2507 3523 3332 4322 3883 2485 2507 4809 2870 34 2539 4531 3038 2449 
2522 2413 3353 3353 3463 4073 4001 4623 2413 4740 4567 42 2026 3426 3556 1047 
2050 3354 3700 3302 4454 4969 4347 4874 2722 4685 4356 6 3210 3650 3893 4658 
3209 3624 3018 3049 3963 4872 4112 4188 2726 4004 31 3209 2373 3518 3177 3812 
2865 2383 2576 2991 2995 3324 2310 5405 2300 3050 11 29 4731 4735 3662 385 
3246 1668 3371 3692 2690 3970 5229 3692 2954 4213 4370 2769 2954 4838 4838 582 
2411 3888 4878 3670 2878 3380 2827 3508 2515 3352 4039 6414 3034 3078 2501 2500 
2289 4017 5662 4667 2819 4270 4294 4255 2326 3885 5206 2733 2793 3713 3885 3991 
3890 2296 5147 2539 5493 4088 4828 4828 2539 3342 3342 3207 4467 2539 4419 4419 
2657 7547 5850 3978 2539 3055 4731 5696 4963 4439 4614 7547 3477 2749 2424 4195 
2301 2817 7206 4610 4027 3923 4007 4007 2372 3268 4475 4027 2348 3254 3921 3810 
818 2204 4865 3977 3314 4829 2444 5001 872 6236 4570 5614 2335 4865 4398 2433 
4115 3862 2948 2098 3092 35 3583 4379 2820 4808 3862 3519 3809 3256 4808 3862 
2291 1767 2853 4888 5119 5435 2888 2986 2986 5435 5435 4947 3711 6000 4960 4347 
1626 3822 5875 5938 2247 2803 2320 5215 3033 3088 2129 4973 3234 3033 3998 5233 
2701 2901 4315 6414 2549 26 2454 4288 2006 1770 5516 5515 3128 6415 3917 4211 
2775 2081 2658 2658 3218 4340 2214 6497 2377 3230 6662 6662 3872 2652 3425 2081 
3997 4228 5041 5041 3232 4440 5797 5038 3122 3757 3232 4144 4557 4024 5200 5241 
1034 2227 1222 2140 2629 3492 3026 3809 1594 3151 4170 2481 2389 2140 3207 3207 
4422 4088 1028 3128 4633 4050 3910 4163 3726 4050 4321 3526 2533 3726 4275 4275 
9 2748 4566 4289 4570 3485 4606 4418 4704 3944 3485 45 2405 4418 4560 4450 
4551 2597 3532 2555 4376 4376 4967 3755 3755 3996 2366 24 2378 4984 4348 4376 
3675 2669 2503 2503 3838 4066 4145 4263 4064 4286 3767 52 8 4263 3965 4322 
3494 3684 3471 2704 4119 4208 4966 2866 3020 3709 3557 3691 3799 3525 3620 3494 
3582 2250 3180 2872 3582 3360 4099 3405 1966 4465 3582 2872 15 3180 3180 3481 
1438 3128 4897 2436 2450 2989 2636 4621 3467 3588 2699 2699 13 3467 3588 4472 
2169 18 1761 1533 3262 3810 3245 3245 2982 4142 2169 38 19 2451 3512 255 
3443 3812 3298 3973 3439 3989 3956 4561 2894 4502 3557 48 7 3925 4015 4015 
2985 4456 3660 3680 3883 4101 4149 3777 2985 4207 4149 75 2352 4288 4318 3808 
3298 4306 4850 2322 3257 4518 3950 4756 3284 5413 3818 3298 4620 3754 4306 4885 
2832 3231 4071 2878 3685 3847 4542 4542 2878 3939 5349 5349 4287 2878 3857 3970 
2335 3220 5221 4170 2600 5098 4081 5579 3887 5654 2600 5098 4152 4582 5394 4159 
2372 5972 4616 4616 3880 5599 4516 4897 4488 5966 5087 5087 5588 4616 5432 4128 
3740 5817 5647 3515 4877 5441 3514 4932 4234 4285 5567 5567 4676 6041 4755 4639 
3261 2674 2981 2981 4849 2127 5927 5927 2111 4428 3186 4849 3301 5402 2760 2760 
3409 3132 5328 2946 3053 3660 2532 2945 2532 2572 3787 3433 2477 3510 2795 2710 
2413 2821 4671 3697 3041 4257 1906 3099 2700 4915 3662 2872 3400 2445 2874 4335 
4436 4361 3388 3825 4121 1753 2688 3652 3444 3766 2833 5 4034 3444 3511 3511 
3433 4455 3623 3701 4129 3995 3605 49 4312 4242 3106 4358 3106 3580 4083 4460 
4177 4061 4605 3457 2878 3641 2720 49 2888 3678 4744 3 4929 3614 3332 4400 
2578 2020 4906 5207 3190 3074 6257 44 2928 4471 2555 6400 2565 4375 3304 4361 
1924 4399 4047 4921 3807 5028 3987 5404 1673 4727 4961 1924 2691 2915 3633 4310 
2137 3352 3334 3645 4166 4630 3457 3897 2137 4419 4419 26 3261 4050 4419 4873 
3707 3501 2645 3787 3984 4581 4229 4146 3925 6238 4504 27 2988 3839 4865 4606 
3723 4287 3708 4011 4257 3370 4227 4278 3678 3707 4257 21 2686 4143 4287 4287 
3864 2994 3849 3849 3790 3980 4562 4562 3849 4870 3464 13 4402 3849 3864 3959 
3779 2270 4681 3910 4182 4808 4864 10 3544 4923 4367 4 2914 2314 5542 4377 
5120 3740 3761 3693 3343 3864 1993 4099 4251 5085 3539 3539 3765 2872 3669 5091 
912 4625 3668 3668 2791 3683 2918 4830 3668 5519 4864 4121 5009 5036 2977 4864 
1686 4444 4951 2953 4545 5338 4143 4951 3801 2379 4545 4545 3075 4951 5355 5355 
3668 4296 4286 5512 5815 4537 3740 4146 4445 4663 4595 4322 4291 4422 4782 5133 
3473 3873 4470 4496 4570 4920 4296 4525 4670 5135 4570 4570 4625 4670 5080 3680 
3914 4928 3830 3830 4342 4342 4327 5074 2432 4903 4928 4928 4973 2432 5625 5961 
4027 2360 3799 3943 4027 4169 3014 6147 2102 7438 4027 3512 4169 4277 4027 4027 
3280 5158 5627 3441 3540 4262 4655 6472 3786 4934 4934 8166 3396 5158 4556 6000 
3638 2473 3973 2681 3173 5567 3785 6955 3657 3402 3645 3390 3495 3784 2633 4955 
4397 1727 5430 6822 4330 4068 3757 4224 2960 4463 4463 6158 4133 4826 4152 6543 
4168 4956 3652 4352 3072 5093 6639 5466 4193 5466 5466 3392 2840 3934 4956 4956 
3480 2323 4745 4745 2947 4463 4846 28 4828 3976 4391 4515 4031 3887 3190 3925 
1231 4347 4347 2143 2252 4337 4654 2738 2577 4654 5037 4034 3326 4302 3289 4064 
1325 1998 2241 3479 2477 2780 2905 3050 2184 2992 2439 2763 2426 3050 4166 4323 
1177 3181 3280 3280 2412 3580 3381 3686 1913 3996 4003 2337 3721 4578 3181 3358 
1509 2396 2404 1752 3136 3193 2002 2973 2970 3683 5725 2075 7 7 2843 2586 
2212 1661 3477 2784 3012 4312 3151 3477 2354 4026 3539 3012 2354 3477 4114 4432 
1337 3183 3271 3126 2079 2399 3284 3003 2494 2399 2399 2282 2881 3033 3137 3879 
3293 3665 3554 3655 3293 4280 3190 3554 3293 4790 3406 3243 3276 3554 3398 3398 
2683 3566 3479 3177 3647 3414 3432 3533 2938 4705 3648 3648 2938 3367 4345 3648 
3184 3184 4669 3303 3594 4645 3479 3479 3235 6092 3594 3530 3235 4852 4221 4281 
3338 3351 3247 3506 3360 3336 3302 3506 3333 5903 4023 4998 3185 3338 3338 3338 
2315 2815 5548 6491 3575 4774 3006 4107 2965 4859 5212 4404 3253 4404 3999 4644 
1256 2944 4153 3526 2781 3725 3013 5006 2717 5314 4245 2918 3012 3114 2781 2781 
2158 4549 3871 2200 3740 4416 4328 4021 2513 5125 5033 4382 3759 2513 4387 4801 
2467 2493 5669 4376 2785 3725 6318 6318 2186 4246 3356 3356 5669 5669 4342 3240 
2422 2843 4807 6735 3228 3864 3011 3676 3228 4242 4783 2422 3602 4807 3333 3040 
1024 3577 3211 3304 4983 31 2426 2950 2714 3387 5214 5705 2714 3487 2936 5245 
3724 4812 4098 4098 3075 4394 2666 5121 2578 3607 3607 4953 4098 4404 4157 3724 
634 5495 4766 2569 4524 3902 2992 4558 2992 4558 4601 4373 4369 2321 2 4373 
4024 4460 3891 4743 3631 5174 3366 4840 3753 5210 3842 4812 4470 4772 4460 4389 
3698 4379 4058 3200 5361 4778 4279 4058 3199 5361 4778 4522 3849 5392 4484 4533 
3892 3910 4185 4607 4092 4416 4203 3821 3257 4851 4740 4296 4092 4607 4740 4471 
3686 4540 3130 3355 3686 4246 3679 3453 4189 3850 5546 3355 4189 3950 4458 4458 
3856 4324 3140 3307 4259 4634 4301 4854 5306 4175 4891 4491 2817 5107 4175 4454 
2085 3428 3599 3960 4570 3909 2775 4472 2547 117 4174 1600 3615 2687 4348 4560 
3994 3019 4098 3059 3994 4392 4392 4414 2553 4414 3144 3648 3832 4098 4414 4414 
3622 2894 4807 4496 2968 4353 3513 4725 2879 4350 3377 3377 3448 2299 4350 4350 
4299 2813 3532 3512 4429 3917 3923 4088 4088 4429 4983 4774 4297 4088 4400 4256 
4196 2017 4400 3958 4196 5097 27 4447 2851 4523 4196 4196 3794 4014 2373 4832 
2692 3969 3924 3981 4579 4417 4367 4115 2448 4946 4946 2818 4050 4906 5164 5164 
4262 4161 4287 2869 4379 4496 4774 4774 4774 4469 4379 4379 2869 4906 4272 4262 
2641 4426 3669 3669 4577 4613 4463 4463 4293 4778 4419 3096 4293 4447 4577 4419 
2715 3978 4109 3792 3996 4627 4512 4716 4716 4627 3395 2687 4716 4716 4485 4485 
3817 4269 3608 4300 4176 4648 4985 3866 4470 4641 4641 3074 3231 4379 4641 4641 
4146 4495 3921 3921 4341 4341 4329 4202 4247 4341 4341 4284 4335 3921 4341 4341 
2830 2523 4897 3947 3603 2392 6891 46 2418 2467 4760 2053 3041 2418 3483 4760 
2936 2594 5471 3198 4065 4588 3462 43 2936 2665 1978 1732 3541 3264 3093 2865 
2633 3074 3268 3268 2365 2278 3189 43 3268 2850 3599 2622 2469 3268 2483 2634 
4922 3843 3727 3707 2134 3435 3189 3723 3646 3949 3903 3018 4112 4055 3798 3992 
3396 4026 3656 2971 3626 2809 3344 4423 2767 2870 3525 3409 2767 3344 3004 4119 
2651 3944 3559 2225 2651 2736 2875 3001 3051 2450 2736 2574 2041 2493 2478 4856 
4666 1705 11 3007 2528 4666 4989 4713 1812 4989 2809 4665 3937 3939 3191 3406 
1303 2032 4029 2224 3534 2870 2963 3275 2479 2660 3357 3357 2788 2479 2818 4480 
2333 4285 2454 2916 2959 4285 2754 5638 3545 2591 2591 2591 3429 2454 2476 4285 
2620 5097 18 2674 2138 3052 3457 5541 3179 4621 2138 2138 2270 3179 3235 3735 
3289 2860 5028 2329 2666 2534 2303 3068 2497 2890 2718 2718 3154 3068 5040 5040 
2312 2144 2952 2092 2681 2678 2108 4143 3133 3802 4562 2672 2479 3098 2751 5122 
2835 2157 5209 4575 4681 3140 4301 109 5047 4672 4682 5493 3075 4482 4371 6268 
5415 3831 5682 5205 3388 3347 2729 99 3333 5103 3347 5415 4524 3333 2581 4921 
2929 5116 5631 3208 2734 2798 4120 110 2993 4712 4903 4903 3323 3910 1785 5755 
2888 4671 5897 2942 2888 3681 1755 100 2976 4102 4102 6011 2587 3354 2977 4900 
3288 2616 5380 5863 3309 2020 5316 107 2020 2912 6054 4439 3433 3236 2162 3934 
1726 2776 5999 3693 4231 2996 2980 103 2496 5032 5032 3600 2667 4048 4125 5168 
1467 3312 3119 3420 3549 3281 3551 3650 3234 4194 3905 3312 3894 3234 4895 3774 
3344 2992 5729 4109 3576 3062 3062 3646 2992 4048 3664 3664 2992 3174 3000 3589 
1787 3513 3337 2854 4162 3105 3523 4152 3016 3352 4584 2854 3497 3016 3758 3944 
3486 3161 3888 3955 4045 4707 3374 3651 3257 4176 3751 3323 3751 4188 3262 4245 
3502 3215 3037 3037 3814 3312 3312 3037 3041 4326 4086 3814 4398 3392 3962 3467 
3789 3427 3773 3789 3789 5441 3448 3658 2824 5317 4328 2620 3315 3880 2270 4328 
3587 3215 4050 4092 3587 3725 3491 3491 2817 3980 3743 3725 3231 4146 3743 3486 
2318 3062 2768 2768 3265 5026 3689 3217 3385 4006 4933 4933 2719 3385 4075 3546 
3864 2606 3727 3686 3095 5191 2680 2736 3555 3046 3002 15 3785 3785 3455 3705 
3942 2800 3868 3868 3824 5457 2900 3369 3757 4111 3677 33 2564 4863 4347 3614 
3574 3754 3308 3308 3574 4571 3112 32 3529 3628 3796 94 3728 3698 4684 3662 
3130 3296 3274 3274 3614 4939 3232 34 3383 3751 3744 36 2107 4638 5032 4444 
1623 5525 3712 5405 2664 5423 4173 4893 2037 5139 5509 5161 4544 5481 5525 4479 
1795 4201 3267 4185 5065 3563 2931 4962 4292 5047 7169 4106 3031 4292 4952 5126 
2125 3837 5431 2673 3780 5254 4038 3867 2708 4583 4648 2287 3432 5431 4483 3780 
2990 2302 3467 4196 2486 3957 2326 5261 3246 5799 5005 5005 4449 4449 3978 5288 
3930 1744 5288 2861 3930 3016 5289 5289 2535 7805 5069 3930 3391 3317 5402 4347 
3442 3816 3667 6020 3897 4403 2952 3252 2952 3995 3951 3712 4328 3849 4963 3442 
2079 3428 3467 3518 1024 4715 2982 3497 3561 1897 3713 6 4143 3467 4807 1853 
1785 4740 3773 3773 4251 4586 2272 3228 3334 4476 4573 6 4576 3292 3773 873 
3396 4653 4407 3571 4719 4005 2727 2984 3571 4875 6013 3226 3525 4818 2212 3633 
1103 2300 3429 3429 2773 4393 3786 4028 4001 5201 2992 5932 2798 3190 2495 5104 
1649 990 4602 4924 4321 3162 3706 5073 2452 5073 4766 4153 4111 4930 2 4602 
3099 2267 5228 3086 3099 4924 4310 3778 3086 5018 4039 3037 3781 3086 4182 4718 
3380 5817 3726 4343 4330 4330 5474 3815 5223 4330 4613 3380 3457 5223 4704 4039 
3746 4868 5004 2836 4301 3922 3922 4065 2569 4721 4940 2029 3326 4565 4721 4554 
4484 2657 4278 3017 2821 3717 3472 4115 3379 3379 2821 3031 3941 3236 3489 3275 
3678 6001 4117 1656 3678 3925 3925 3925 3925 3925 3925 3678 2383 4117 3925 2553 
4072 2992 3438 2076 3775 3941 6058 4010 2790 2200 5406 2658 2789 2789 4698 3922 
2876 3453 8 5995 3245 3042 2875 2720 2576 2788 4807 3035 3377 3108 2876 2876 
3249 3258 5898 3998 3057 5102 2838 2991 3537 4729 5102 12 3258 3998 2912 3676 
3519 3937 3191 2813 3652 4996 2608 3202 3519 4996 4185 42 3519 2821 2846 3519 
3027 3684 3354 2930 4308 4136 3433 3730 3693 4239 3455 44 3276 3592 4246 3309 
3067 3750 3309 5378 3193 5452 2543 7321 3339 6034 6256 6256 2845 3309 3968 5104 
2817 5225 4815 5438 2817 2605 4269 4269 2837 4316 4316 7126 3178 4815 4063 4316 
4386 2593 8 2566 3944 2906 3952 3479 2225 5986 39 46 4384 4200 4824 4532 
3934 3414 3601 3681 2345 5621 3934 3904 3904 3904 3748 38 3859 3904 3912 3604 
3352 4442 4045 2212 4604 2906 4824 4628 1661 4167 4015 2906 3631 4824 3288 5197 
3722 4102 3541 3577 4252 4152 3214 3101 3101 4252 4252 4252 3121 2024 3839 3839 
3090 3747 10 4263 4465 4244 3560 4365 3176 4576 4785 3963 3423 3835 3810 3687 
3004 11 6 3087 4049 4380 4644 3461 2477 4579 25 25 2925 8 4043 4687 
3218 3818 4105 3193 3601 4154 3712 4153 4153 3593 6198 4569 3561 3937 2057 3835 
3079 3606 3726 2819 2735 4039 3184 4525 2854 3159 7263 6521 3941 2819 3604 3543 
3573 4454 5399 3563 3591 3281 3091 39 2718 4674 4778 3780 5158 3220 4454 4745 
3229 2758 3876 4862 4026 4135 3219 5130 3633 3739 5576 2592 3202 3633 3650 3988 
5499 5091 7677 5532 5708 4302 6144 4679 2770 4302 4302 4404 4015 4922 3431 4146 
3447 3955 3955 5952 3447 4199 3080 5082 3820 4369 4292 8 3142 5046 4459 4274 
2703 1962 4426 3241 2041 2337 2873 41 3579 2073 43 2191 3852 2652 3596 3663 
948 5201 6078 4862 2466 3397 3901 6078 5561 4632 3569 2553 4636 3980 3926 5635 
2198 2545 3229 3247 3067 3798 3051 4567 3572 2068 3267 2965 2938 3572 2733 3411 
2963 3063 4848 2963 2963 3451 4811 4811 2991 7288 5550 3645 3281 3267 2953 5359 
1586 2177 3218 3056 3330 3621 3014 3359 2363 4093 2812 3682 4410 2346 3158 2812 
1742 2425 2411 2411 2672 3481 2892 3201 3834 4551 4551 4283 3834 2411 3001 4150 
3877 2966 3827 3827 4235 4650 4331 4236 4236 4325 3792 83 4236 4289 4197 4235 
3788 3732 3430 3217 3788 4284 4102 3285 3984 3923 3750 31 3399 3699 4649 4204 
4446 3826 3188 3188 3963 4702 4221 4221 3629 4017 4861 135 4077 3658 4861 4446 
4332 3642 3720 3491 4460 4090 4090 4090 3157 4358 3223 90 3486 3691 3272 4412 
3930 3513 3796 3796 130 3831 4238 3711 3864 4243 130 130 3581 5026 4102 4002 
3484 3987 3087 3357 4251 4650 3754 3754 3655 3754 4127 51 3881 4342 3317 4623 
3513 3750 3628 2279 3624 4537 3750 3628 4236 4290 4446 3513 4221 4231 4294 4023 
606 1980 3894 3105 2955 4827 5928 5928 2830 3210 3962 5122 4995 4527 5368 3752 
4073 4442 5825 3873 2729 2996 2572 5641 5050 5083 5880 6961 3314 2572 4553 4553 
3613 2198 3110 2473 3018 3523 3473 2220 2220 4470 4470 4590 4063 3549 5487 5117 
3533 4318 3641 2647 3597 2575 3310 3607 2699 4609 4260 3506 3761 3942 4219 4609 
2919 3304 3764 4359 2466 3993 5255 4766 2308 5357 4300 4300 4596 4359 2411 4300 
2191 4230 4485 2369 5226 2217 2948 4284 2282 4016 5059 6 3845 4335 4404 4388 
4001 3990 3345 3864 3849 4131 2959 4725 3864 4462 4805 16 3980 4575 4727 4805 
3654 3706 4383 3475 3654 5769 3536 3729 3596 4322 3226 6 3729 4248 3557 4158 
2249 3668 3668 5335 3739 4660 5128 6873 3756 5505 4883 10 4021 4489 3531 4477 
3221 3785 3899 3557 4812 4812 4597 4394 3899 4925 4597 4812 2403 5700 4597 5075 
2767 3115 4363 3428 2076 4167 3376 3861 2339 3706 4660 3771 3984 1916 3531 4391 
3471 3194 5603 2696 3471 3004 2828 3872 4142 3627 3471 3471 2695 4142 2493 4095 
1970 4452 4998 3685 3052 3052 2968 4651 2649 8090 3052 3052 3485 2649 3047 4779 
3259 3435 4532 2674 4003 3004 3744 3744 3369 4212 4561 2630 4588 2899 3834 4034 
3967 3093 5715 3003 2874 3760 3385 6078 3460 3458 5126 7686 2966 4224 3167 5126 
2435 4134 5263 4899 4582 3757 5804 5842 2422 5842 4582 4415 2682 2219 3285 4039 
2171 3261 4016 2568 4448 2963 3559 3226 2733 4345 6497 3242 2319 3013 3423 5827 
2423 2236 6071 2643 4359 4299 4201 3454 2611 5224 5040 3909 3718 4851 5708 4443 
4089 4015 3931 4444 4089 5234 4846 4846 2887 4846 5068 13 4000 5007 3611 5124 
4280 4971 4684 4467 4280 4274 4846 5194 3711 4383 4846 36 2684 5194 4526 4526 
3649 3110 3975 3975 3754 4617 4389 4389 3726 4617 4067 3880 3406 4169 3975 5120 
3280 4920 3682 4003 4540 4540 4309 4309 3569 4366 4920 4024 3349 4127 4895 4920 
3964 4789 3596 4352 3808 5403 4566 4566 5403 5403 4566 5200 4001 4616 4566 5399 
2369 3384 3558 2769 4618 3958 4414 3558 2211 5116 5116 3563 4632 4752 4607 5116 
3034 1944 3962 3962 2622 4390 3345 3962 3962 4009 2622 1518 3115 3962 2622 2622 
4094 4796 3820 2555 3730 3790 3820 3820 3820 4796 4796 2555 3766 3820 4796 4796 
4132 4004 4010 4010 4007 4004 4010 4010 4010 4740 3904 4204 4010 4010 4010 4076 
4071 4062 4068 4068 4059 4255 4050 4068 3981 4289 4062 4113 3884 3885 3859 4070 
3835 4485 3804 3748 3835 4101 4193 2483 2483 3835 3835 3835 3748 2483 3890 4609 
2666 3833 3899 2388 2666 2442 2872 5516 3385 4711 5168 2666 2872 5359 3223 4289 
2493 5502 3382 3382 4239 3412 3412 3531 7752 3651 5119 5119 5116 2080 3224 5349 
4440 6953 4358 1747 4440 4363 6314 6314 2710 5193 5193 6284 2691 4749 4493 4493 
3483 4387 3165 3165 4158 5491 2437 2501 2643 3928 4181 4181 2842 6347 4553 3999 
4282 2953 3775 2313 2950 3927 3373 3771 3804 4625 6182 3232 3680 4614 3824 3785 
2362 4209 5314 5314 4695 4465 3473 3473 2772 5275 4570 5091 3801 5314 3421 4695 
1280 3251 3969 4209 4338 4005 5237 1531 3290 3664 4482 3396 3981 4210 3822 1681 
685 3287 4339 3411 1875 149 3225 3655 1224 1648 4048 4 3909 4235 5993 2 
1484 2245 3727 3883 4952 147 3243 4976 3998 4749 5280 6402 4352 3998 3590 5059 
3041 2092 4270 5222 3541 185 4455 5222 5447 3877 4222 5726 4050 4305 4133 5479 
1176 1972 5511 3867 3600 3204 3645 29 2768 6019 6019 6052 3920 2709 2711 5234 
3733 1593 5531 2538 3626 152 1665 31 3161 2339 2339 6851 4078 2538 2126 4353 
3869 2691 3300 3372 3869 3456 3612 3353 2730 4041 4065 4869 2876 4256 4295 3612 
3201 1874 5862 1929 3201 2088 3836 1385 1385 3010 3254 3073 2932 2290 2679 3201 
3753 2675 10 3739 3753 3771 3466 3466 11 11 2670 11 10 10 3986 3755 
3791 2950 2959 4175 3747 4510 3927 3927 3292 4521 3894 3894 13 24 4521 4521 
3498 1684 4698 2687 3577 4273 4399 4399 3375 4154 5819 6842 3033 3375 3604 4511 
2433 3233 3867 4133 3662 4653 4157 3118 3392 1926 4318 4233 2959 3856 4250 4250 
3677 4014 3594 3406 4391 4391 4149 4579 4391 4391 4429 3954 3864 4500 4579 4657 
4107 3744 2540 3115 4510 4257 4257 3888 3870 3569 3514 3853 3586 4009 3569 4343 
2239 2288 3701 2240 4938 3939 4110 4706 4466 4068 3568 2237 4555 2239 3639 4355 
3823 3979 4376 2342 3968 4719 4304 3939 4304 4719 4719 3968 2448 4015 4378 4722 
2406 2207 3595 2146 4189 4213 4785 5038 4554 4213 4213 3364 2251 4507 4213 4213 
2644 3959 4154 3943 1684 5459 4891 4131 2617 4918 4918 5459 4314 2009 5524 4616 
2429 4098 5225 5740 2588 5214 5214 4858 3226 4858 4098 2134 3250 3495 4098 4551 
4402 5628 4141 3946 4473 5628 5193 4848 3758 5193 4771 4473 4758 5278 4402 4402 
3128 1372 5104 3971 3128 4300 2790 3971 3971 3773 7014 3061 5150 3971 4294 4518 
3870 5070 3961 3170 3772 3462 3447 3634 3870 3679 3679 3153 4121 4120 3739 3868 
4167 4164 3986 2856 4167 3751 4662 3625 4134 5494 4167 4167 3750 2792 3862 5907 
2930 4281 5552 2097 5506 5669 6034 6260 3933 5598 6260 2943 3448 4421 4421 4421 
1371 3379 4291 2630 4748 4748 3067 46 4228 2416 4748 4385 3335 4228 3961 5495 
4508 4508 7324 2794 2926 2444 4814 44 5632 4814 5119 2393 3126 4160 3792 4508 
4317 2583 17 3397 2378 3530 3588 40 3083 3700 3176 3176 2260 2100 3448 3271 
3071 3498 5486 6323 6687 3498 3112 42 4107 4677 4702 3472 2550 3681 3763 4067 
2621 2621 3368 2635 4441 4546 3991 42 3277 4546 7997 7997 3466 4546 3275 4985 
3537 4273 3465 3465 674 4419 3702 3702 3427 3881 3947 3947 4218 3465 3465 3465 
3597 4022 3482 3482 668 4497 3160 4022 3533 4022 4497 3252 3424 3681 4831 3882 
3115 3603 3901 3644 3263 4577 3326 4329 4382 4134 4099 28 3640 4141 4632 4226 
3527 4670 4397 4570 4649 4670 4111 4072 3194 4484 5392 5 1779 4570 4670 4696 
4243 2933 3813 3704 4279 4650 3039 4029 3264 4222 4222 3913 5077 3985 4345 4243 
1324 2531 20 1571 1619 1289 3180 1417 1228 2448 3371 1390 2536 1401 3271 3373 
4422 3829 4149 4149 1392 4476 3415 4168 4024 3871 4344 4344 3626 1410 4587 3855 
4178 3670 3759 3524 4178 5422 3524 3640 3791 3229 3469 18 3883 1505 5136 4178 
4096 3699 4182 3552 4096 5256 5248 5248 3982 3381 3381 3292 4242 3982 3699 4089 
2840 3183 4845 4202 2840 4066 3743 4358 3801 4467 4341 4341 3345 4467 3534 4467 
4836 2955 6530 3898 5060 2641 2150 4810 3826 3020 4911 4198 4957 3315 4827 4810 
3639 3327 3559 3559 3871 3565 3408 3796 3241 3130 3636 3636 3895 3130 3796 4703 
2558 2731 4222 3734 4537 4430 4475 4028 2668 3914 4069 26 2500 2668 4069 4775 
2686 1583 4766 4766 4547 4435 4475 3584 2609 4564 3652 36 3465 3871 4368 4026 
2353 1622 2667 3823 4138 2798 4346 4346 2798 4346 4530 4463 3119 3497 4724 4724 
4262 2409 2842 2719 3836 4510 4742 2654 3864 2539 3877 3877 2485 4340 4711 4277 
1761 2503 4537 3049 3961 4157 4286 4662 2537 4128 5060 1761 2513 4537 4537 4925 
3719 2615 4461 3699 4287 4082 4082 4766 4251 4461 4082 47 13 4295 4461 4289 
3611 2666 5029 3658 5720 4530 4964 4015 4015 5498 4826 4530 4015 4015 2634 3283 
5746 3355 5429 5110 5746 5746 4924 4507 3826 4470 5746 4159 4466 3826 1922 5746 
3606 6156 5153 4195 5494 5384 3034 6063 3700 4598 4173 4952 3349 3349 4808 5581 
2613 4044 5145 3800 3734 5229 4445 4050 2922 6013 5020 5020 3227 4731 2032 3776 
3134 3287 5593 3713 4543 5391 5462 5462 3710 5462 4910 3658 4221 4402 4968 5772 
4396 3880 5258 3994 3356 3793 3424 5514 5186 3424 6309 5712 2701 4175 4175 4165 
3889 2211 3913 3883 3889 4474 4317 3913 2764 5014 4712 4712 4038 4038 4878 4233 
3777 4587 3773 3773 2365 4748 4011 4011 4011 4748 4857 3517 4011 4011 5093 3820 
2921 4124 5158 2547 2731 4052 3986 3986 3986 2731 2731 2792 3960 3986 5019 4373 
2664 4437 3786 4064 4072 4541 4351 4351 2785 5029 4496 4932 2766 4488 5029 5029 
3332 5020 4101 3332 2989 4207 4731 4325 3235 4325 4929 3967 4460 4325 4325 4364 
2676 2315 3849 3849 4227 4231 4588 4308 2324 4877 4877 4077 4062 4751 4877 4877 
4092 4050 4009 3696 1415 3687 4175 3093 4070 4265 4638 3674 3764 4070 4322 3140 
3273 4652 3850 4247 3774 4518 3659 3369 3174 4595 3980 4 3943 3874 5070 3859 
2985 2985 5386 3850 4862 4763 3886 5074 2182 4054 4862 4 5380 4059 4913 4459 
3373 3975 4324 2110 4067 4021 3225 3325 1946 3549 4456 4880 3503 3766 4043 3373 
1314 4722 3796 3528 5116 2139 2758 6077 1314 3436 5901 3141 2927 5509 2585 4784 
3916 2102 4135 4036 2086 4846 4263 4192 2551 2829 4192 4475 2021 2102 3040 4288 
2433 2426 6184 4286 3674 4034 6915 6184 6184 6558 5565 6650 3373 6184 3935 4826 
2613 5022 3878 4430 2973 4260 3262 4373 3448 4084 5835 3515 2322 3878 3878 3893 
3848 4179 4381 4748 4310 3540 4309 5115 4020 5125 4846 4758 3458 3295 4381 4020 
2108 5088 6066 2866 3961 2360 4729 32 2371 6071 5088 4102 3571 4198 5989 3665 
4472 4878 4032 3995 3607 5170 4421 3995 4714 5382 5820 4240 4338 1252 4872 4502 
4390 4107 3838 3838 4390 4964 3862 3862 3815 4964 3832 3916 4112 4946 5096 4863 
2475 3473 5155 3035 4158 3545 5495 5495 4093 5338 5338 4340 4093 3292 3597 5233 
3771 3600 3122 3103 4842 4842 3899 51 3770 2958 3949 9 3671 4217 4454 4548 
3893 4219 4889 4850 4324 4306 3907 144 3893 4325 4324 3 4246 3838 4540 4213 
3152 3825 4537 3673 4338 2765 3218 5213 1922 4338 4338 2 5131 3326 3238 5046 
2962 3313 3976 3976 3596 2377 3626 3626 4495 5225 4625 5797 3396 3976 2310 4033 
2703 6527 4604 6154 4480 3490 2564 4799 4000 2419 4448 6396 4050 3157 3075 4393 
4168 2694 5117 2659 4446 4406 4486 5588 2659 4552 4899 3513 4223 4279 2700 4899 
3311 2880 4842 4900 4864 4392 2831 2831 2831 4764 3252 2482 2831 2482 2389 2389 
3200 2615 2908 2908 3369 4789 2508 3586 2773 3112 4607 3722 2036 2773 3340 4607 
3035 2687 2944 2681 2752 3847 3907 3907 3907 4700 4068 3953 2924 3907 4886 5247 
1706 2778 5358 1828 4072 5683 6241 6839 2225 5282 2987 2987 4858 2801 4274 4032 
2505 2505 4361 2647 2505 4957 2742 6565 2826 3165 3342 7251 4731 1655 4038 4294 
2265 3533 5546 2366 2441 4450 2224 5476 1974 5317 3753 2674 3460 3102 6218 4777 
2350 1746 2295 2295 2842 2842 2923 6087 2548 6087 6087 4433 4411 3073 3747 3747 
3106 3877 3078 2745 3025 4811 4558 3700 3318 3482 4726 6 3186 3371 2175 3262 
4556 4737 5023 3287 3414 5009 3089 38 2445 5550 3414 8 3464 3647 3461 3217 
3240 2921 3837 2566 938 107 3735 49 2225 2638 2844 4448 2991 1602 4091 4467 
4149 3802 2949 2666 2686 4184 5525 43 2700 4562 3367 13 2717 4515 4868 4868 
2914 2559 2890 3223 2915 2673 2915 97 3288 3025 2914 25 2686 4124 2606 2915 
3656 2749 2798 2832 3656 3728 2659 43 2927 2562 3676 9 2613 3328 2798 3656 
3459 3550 4345 4153 4003 3472 3632 4340 3260 3634 4242 35 4003 4169 4345 3348 
3866 2974 4173 3752 4515 4088 4174 4530 3333 3435 4088 21 3941 4173 5025 3866 
2681 4228 5838 5183 3751 5587 4011 5569 5183 5838 4192 5846 3386 5183 4185 5743 
3473 3891 3458 3648 4238 4575 4123 4289 3976 4575 4404 25 18 4197 4051 4237 
3890 4515 3781 3947 3947 3947 4299 4070 4070 4309 4540 3947 11 3461 4864 4065 
1975 1976 4530 3774 3528 2047 3582 4472 1848 4188 3181 3585 12 12 1975 4797 
3427 4172 4096 3025 3649 3220 4223 3698 2029 4172 4172 2312 2848 2658 4172 4016 
1773 2377 4479 2975 2632 2784 3620 2809 2472 2761 3593 2560 3268 2472 3583 2838 
1505 2730 3123 3123 2931 3713 3087 1790 2076 3314 5579 2801 2844 3123 3444 5745 
2010 4644 4151 4151 3948 4233 2175 3478 4587 4636 3778 4888 4319 1732 3922 4668 
4100 4954 3171 4050 4094 5177 4693 4693 3834 3742 4986 4986 4177 4016 4865 5295 
1187 5012 4250 2083 2728 2146 2649 4374 1187 5289 6050 5012 5549 2585 5652 3751 
2985 4261 4383 3405 3644 4614 3353 3353 5085 5216 4918 4918 1776 4087 3808 5188 
3272 2556 15 3871 4466 4997 2623 4750 3791 4799 4799 3964 3932 4750 4750 3483 
4049 3820 3697 3964 3943 4842 4119 43 3938 4242 4452 11 4324 3938 4139 3943 
4293 2574 4712 4712 4484 3571 3469 44 3223 3790 4532 2 2878 3262 4530 2574 
2886 5164 5050 2458 2886 5696 3877 3877 4947 5113 4777 2 2961 3700 4528 5185 
2963 2711 4603 4026 2713 4783 4354 4884 4225 4783 4364 4364 3444 4603 3186 2963 
2763 2396 2503 2503 2826 2565 2812 7740 2382 4586 5946 6284 4012 2812 3115 4489 
3789 3938 4182 3929 3789 4069 4170 45 3635 4499 4579 2 3789 4296 4458 4476 
1978 2774 5042 2861 3336 2361 2876 5104 2227 5238 4080 3283 2142 5290 3465 3380 
4166 1634 3919 5927 2905 3129 3573 4499 3171 4050 3805 4732 3659 2700 4524 2905 
2782 3513 3820 3820 4442 3622 3410 3293 2347 5930 3830 3832 3133 4389 4246 3577 
2617 2927 3686 1801 3574 3544 3806 5983 1801 3165 2824 3862 1490 3686 3197 3589 
3658 3748 3748 3591 4003 4807 3794 3729 3801 3794 4417 4555 3801 3748 4115 4594 
3654 3786 3793 3793 3654 5320 3815 3655 3094 3925 5134 4033 3270 3793 4701 4099 
1916 3178 4478 3784 3378 4827 3400 4171 3133 4171 4438 4438 4478 4171 2727 4070 
940 2291 3626 3537 3720 4975 4676 15 5800 5412 2396 3086 15 5888 3099 4478 
2881 2859 4079 4828 4417 5362 4794 25 1841 3772 3772 3661 4087 3673 3772 4601 
3873 2436 5889 3056 2553 4975 4273 38 3380 5076 3497 3056 3056 4998 2480 3497 
3168 2287 5032 3207 3207 3793 2961 16 2064 4125 3989 2753 13 2064 3909 3465 
3300 2429 2484 3057 3300 4462 3270 11 3375 3089 4855 2116 12 3375 2793 5202 
3292 3292 3732 3800 3626 3746 3804 3800 3752 4547 3481 3481 3493 3848 4265 3920 
3684 3822 3742 3742 3684 4291 3869 3804 3804 3552 3712 3712 3804 3570 215 4134 
3684 4306 3676 3684 3684 4236 4063 3541 3568 4092 4092 3734 3785 3568 203 4092 
4034 4431 3727 3800 4034 4065 3861 4034 4034 4669 3977 3985 4034 3817 4137 3973 
3974 3974 3709 3872 3974 4104 4005 4005 3576 4035 3985 3985 3670 3974 3905 3905 
3702 3410 3726 4616 3702 4915 4346 4458 3997 4352 3880 4599 3315 3997 3902 4266 
3054 3679 6032 3619 2730 3528 4747 133 3285 3919 5884 3372 3285 3059 4421 4486 
2047 3982 4719 4014 4611 4439 4774 33 5036 4765 4243 2047 2484 5586 4433 5354 
2621 3760 4969 2621 5238 4724 4651 33 2621 4724 5238 657 3035 5204 4831 5203 
2543 4199 657 3805 5045 4755 5085 5219 2707 5488 5488 2543 3316 4824 4869 4449 
2671 4074 4693 2587 4429 4759 4759 4759 2671 4759 4879 3086 13 4759 4759 4759 
4605 3767 4333 4294 4534 4636 3990 5381 5381 5381 4420 4450 2374 4631 4605 4605 
3712 4909 5294 4496 3619 3487 5561 3295 4836 5037 4560 4883 2591 4496 3718 3712 
4105 3999 3172 3170 5087 4664 4002 3352 3867 4512 3820 3820 4001 2726 2941 4105 
5153 1449 4283 4047 5153 4310 5335 6073 2701 3633 4370 4263 3064 4037 3463 4551 
3201 4016 4621 3477 4146 5328 5328 3804 3467 3523 5186 6145 2852 2763 2972 5186 
4044 4136 3494 3494 4024 4347 4162 4922 4232 4174 4040 3124 4922 4232 3402 4200 
3587 3443 4629 4629 3704 4385 4402 4086 4878 3728 5418 4416 3910 4680 4391 4493 
2609 2609 3198 3097 2517 4346 3183 3189 2994 2310 4346 3445 2930 5276 4178 4136 
2938 2572 2678 2685 3313 2840 2659 3 2524 4129 4541 4827 2509 4322 2418 3674 
1546 3570 5378 6602 3240 3653 5200 6487 2398 6725 5540 5540 2751 5143 2201 5434 
2557 3198 5498 3690 4252 4751 3434 6330 3267 5905 4239 6834 3172 4829 3580 4796 
2909 3140 2810 2708 4627 3418 2932 12 2835 6295 3423 4856 2093 4960 2345 4446 
2553 2818 4001 3856 3314 3733 3733 5120 2876 3733 6299 2 4027 3549 3193 4967 
3534 3324 4310 3435 4024 2827 3097 3373 1592 3089 3089 12 3343 4310 4121 4311 
3911 2953 4556 3618 4473 4739 3939 5084 4571 5137 6400 36 3248 4476 4556 4347 
1805 1526 5870 5397 2282 4746 5339 5464 3009 5339 6330 1805 3009 3009 4719 4136 
3115 4438 3860 3860 2926 3518 4700 4937 2366 3048 5357 2579 2691 3514 3871 4362 
4362 2542 18 2812 2855 3596 2641 3547 7488 3952 3583 3583 2053 6039 1405 4201 
4114 4157 3516 3950 4114 4633 4283 4097 4491 5137 37 6 4111 4337 4229 5148 
3161 3154 3279 4044 3354 3783 3898 3492 3354 4833 3681 3681 3244 3346 3164 3354 
3294 3165 3338 3572 3294 3585 3294 3294 3294 3298 2959 2959 3279 3279 3460 3055 
3319 3168 3313 3390 3980 2897 3313 3333 3313 5461 4412 4412 3313 3539 3315 3144 
3295 3223 3299 3166 3295 4408 3483 3223 3276 4979 3295 2898 3276 4277 3720 3295 
2965 3444 3407 3530 2965 2839 2999 3244 3666 3093 2965 3533 3558 3674 2965 2965 
3223 3383 3593 3060 3208 3147 3208 3208 3147 3341 3308 3530 3060 3528 3411 3411 
1360 4219 4033 3817 2340 2628 4821 4821 3501 5708 5708 2428 2345 4379 4859 4859 
2673 5111 4407 5011 3292 4419 2450 4415 1433 3785 7958 4294 2273 4007 3481 3024 
3111 5428 3404 3443 1558 3933 3342 3584 3111 2819 2931 3413 3805 934 3404 3244 
4173 4212 3789 3083 1719 5207 3968 3776 3980 4230 2980 18 2096 788 5643 4224 
3068 4482 3382 3382 1677 4742 2871 3996 3206 4710 3991 5 3551 4984 4718 3894 
3530 2818 4172 3135 4229 4229 4920 3144 3530 3801 2979 5 3396 3531 4028 2818 
2896 2384 3922 2545 2896 3922 4047 48 2636 2244 3356 2896 2772 2636 2630 4085 
3451 1531 17 2203 3522 1898 4526 121 2368 3781 4002 2789 4709 2847 3199 3199 
2780 4927 2992 3010 3241 3178 2330 115 2397 2366 5177 7138 3886 2675 2675 2675 
2818 4038 3281 3816 3279 3891 4686 47 1642 4236 6202 2884 4077 2527 3329 3277 
1706 5162 4369 3270 2667 4783 3050 108 1626 3314 5514 2812 2203 4916 3074 4304 
5063 4060 5103 2336 2145 2898 3440 112 2869 4374 5396 2898 2651 2993 2457 5762 
4115 4154 5274 4988 3864 4823 3852 3852 3753 5080 4466 4466 3358 3152 3763 4466 
5558 4627 4030 5475 3815 4640 3830 114 3787 4824 4786 5474 4367 4343 2348 5874 
4422 2418 6287 5399 3076 3897 4061 110 6532 4878 4491 2666 3663 5395 3960 4491 
5502 4542 5111 5258 4477 3417 6456 107 5545 4609 3652 4522 2783 4269 2345 3618 
3877 2662 5297 4111 3549 4124 3043 105 5640 4971 4971 5181 5654 3021 3305 4096 
4193 2932 3620 4756 4193 35 3001 110 2977 5036 5036 4193 5439 3620 3193 3586 
3230 4594 6165 3584 3230 3131 3619 5317 3854 2826 3301 3301 3482 3854 5021 3302 
3756 3181 5724 4814 3965 3729 3738 4546 4885 3973 3944 3944 4374 5423 2 3735 
5182 6361 5567 3311 4463 3510 2787 5544 2617 3824 3510 3906 3621 2787 1855 3824 
3387 3287 4333 4214 3387 4260 4097 6151 4616 4333 5330 5271 2626 2621 4333 5330 
5690 3231 5754 4427 3155 4356 5638 5638 5638 6013 3853 4089 3217 4969 2942 4620 
3037 5579 5126 5465 4065 3761 4443 5267 5080 5018 4897 6388 3162 3512 6512 4897 
508 2006 3582 5132 5652 4015 3709 5550 5973 5535 5535 2502 2995 4394 5056 5190 
2390 4157 3641 3641 2390 2440 6928 5566 1876 7338 4556 3266 2746 5645 6396 4196 
2852 3244 4696 2892 3912 3712 4448 4696 3068 2498 3171 3628 2807 2630 3171 3627 
2215 4052 5197 2016 2215 4433 5136 3204 913 1781 5554 4243 3930 6017 4052 4324 
1295 3310 21 3320 2766 3743 6040 6041 2495 5306 5306 2934 4318 4664 2717 5306 
2042 1804 3455 3455 3685 3922 3313 5042 1778 4776 5398 3840 2971 3455 5042 4530 
2160 4933 3925 5890 3620 4286 2915 4642 5681 4981 2484 2484 3826 2839 4068 4804 
2237 2997 3817 2551 4107 3918 4561 5521 2864 2533 3047 3047 3673 2431 2176 4155 
3271 3161 5107 5453 3916 5187 4368 4521 4521 4521 4564 3906 4467 3028 4042 5592 
1841 3249 3663 3164 4064 2423 2855 3483 3343 4038 4424 5576 2935 3343 2312 3153 
3094 3902 3248 4477 3945 4335 3739 35 3260 4653 3844 3844 3663 4477 4180 3962 
4851 3309 3513 3406 4391 4666 4219 4620 3007 4123 4597 2904 10 14 4595 4636 
4252 4301 4153 4153 4308 5307 4252 4252 4252 4486 4301 5 4147 4252 4405 4440 
1843 1922 4719 4719 3716 4907 4646 4646 4169 4228 4228 1578 2859 4817 4462 4064 
2292 2847 4514 2857 2209 3886 4145 4334 2648 4502 3711 3711 2794 4530 2664 244 
3930 4051 4445 3730 3930 4365 4002 4002 2731 4245 3759 3627 2391 4213 2912 4263 
3511 3259 3615 3615 3827 5146 3350 4285 3615 3951 4599 3827 2725 3615 3116 4476 
2637 2869 19 2460 2637 4632 3676 15 2361 2951 2512 3057 3119 2361 2864 3244 
4443 4326 3823 3251 4253 5294 4693 4853 3968 3851 3641 3866 3968 3617 3641 4253 
4005 3746 3967 4220 4005 4716 4304 4006 4006 3910 4760 4420 3270 4005 4528 4215 
2852 4210 16 3705 3662 4174 3431 4459 3306 3695 4257 4214 3705 3830 3912 3912 
3813 3603 3286 4033 4606 4403 3342 4226 3286 5568 5568 6419 3603 3286 3792 3792 
3804 3664 5487 3844 3959 4816 3562 4705 2383 4674 4541 3385 3718 5959 3844 3669 
2418 3537 3613 3613 4264 4823 3794 4407 3213 3982 4711 2 3797 4654 3537 4837 
3679 1851 4464 3795 3314 2701 3057 3795 4932 2269 3905 2938 2774 3646 3058 3116 
3588 1635 3198 3898 3446 1730 1807 1807 1807 1730 3446 4732 2111 3562 2558 1635 
4002 3993 4565 4434 1951 4643 3514 46 3866 3514 5122 6 4204 2122 3621 5122 
4013 3947 4259 3598 4624 5043 3863 44 4273 3863 5102 22 4734 4474 4524 4357 
4834 3925 3925 3941 4293 5278 4698 44 3519 4503 4236 14 3941 3941 3941 4524 
2178 2926 4632 3855 4649 3929 4484 5377 2670 6198 5229 4060 4217 3880 3295 3295 
4418 1542 3871 5608 4230 4295 4295 3871 4224 4893 5436 4313 4104 4224 3766 4967 
1383 3172 4586 6353 3479 5399 3874 4478 3491 4005 4005 4553 3446 2352 3265 4135 
2473 2473 4285 3822 3949 4181 4043 3822 2748 4645 4967 3890 4174 3520 3269 4428 
2595 3393 4853 4202 4776 4628 5372 5372 3119 3301 4135 4306 3119 4425 4333 4474 
3148 3418 4261 4619 4017 3696 3169 4037 2777 3976 3976 3554 3650 2859 3741 5051 
3321 2220 3614 2740 3965 3819 4216 4216 3178 4334 3267 3819 3716 3640 3267 3351 
1081 4133 4817 2872 3324 3144 3416 5952 2716 5831 4052 5617 3695 5952 3123 2950 
3354 5292 3205 4221 4221 4282 4243 4861 2401 4282 4282 3706 4257 4389 3625 4842 
2818 2818 3944 3426 3146 2821 4604 3894 3894 6465 5096 3146 3093 3894 4600 3862 
3681 2316 5771 3071 4010 4010 3419 4996 4001 2276 4136 4010 4000 4001 3494 3280 
4262 1524 4237 2354 2899 2520 4278 4082 6120 4224 4477 3536 2884 3991 5256 5530 
2196 4517 5203 2402 2586 4353 3918 5076 766 4303 4940 4854 2370 5116 4608 3547 
3255 4430 3249 3517 1279 1034 4616 3885 2907 3708 3742 3642 2668 1244 4490 4561 
3523 3850 3573 3573 1526 4596 4800 3245 4078 3805 3805 3210 3759 1393 4735 4511 
3660 3769 3850 3792 1300 1537 3431 3033 3426 3720 4898 3480 4118 1215 2412 3966 
3147 3254 3406 2786 1752 4283 4053 3813 2786 4071 3556 3556 3976 4053 4272 3477 
2915 4479 4103 3513 1092 765 3658 3658 3445 3196 3787 39 4119 1439 4101 4065 
4408 3523 4232 3612 3985 4218 4232 4232 4232 4232 4540 8 12 4232 4224 3599 
3534 22 2889 3073 3589 4422 4216 3928 4198 4123 3412 3774 21 4141 4138 3435 
4030 6078 3755 2819 3454 4277 4301 3841 3895 3755 3932 13 2819 4227 3755 4467 
4494 3106 4113 3242 4032 3975 3975 4334 2754 4769 3340 36 2532 4252 4113 4113 
3189 3129 3541 3574 4312 4422 3990 3326 3695 4442 4442 42 3230 4040 3990 165 
3725 4634 3061 2757 4044 4012 4237 4223 4223 4237 2751 51 2676 4237 4473 211 
4383 4761 5252 5353 4433 5005 4542 4892 5485 6635 4596 4596 2678 5485 5161 5161 
3539 1785 4641 3876 3539 3300 3293 6562 3290 4642 4642 3448 3290 3290 3751 3691 
3365 940 5136 4386 3365 4047 5883 5136 4483 3381 3365 3365 4468 4483 3599 3365 
2695 1688 4542 2845 4889 2658 3460 3460 3436 2895 1688 1688 3606 4542 4255 1688 
2707 1400 5596 3005 4152 3956 5103 5103 2579 4480 5021 5021 3208 2431 4972 5021 
2768 3858 4966 3825 4066 4066 3033 4808 3038 4416 4984 5616 4846 4966 3858 4984 
3718 3648 3452 3696 4675 4666 3812 41 3812 3584 3584 20 4020 3799 4786 4348 
4555 3219 3651 4096 4555 4755 3615 39 6199 4916 5127 5 2571 6199 3240 4750 
2745 3366 5156 5211 2918 2875 2182 7567 3053 2875 3940 4874 4175 4305 3581 4931 
1672 4258 5656 4092 4056 4411 5887 42 5241 5647 5582 4 3991 5656 3421 5495 
4334 2578 4999 5382 2886 3376 3376 5514 5570 4759 5423 5 3117 3720 4353 4194 
3312 3670 5285 5837 4168 3360 2848 5837 3296 2907 5234 5711 2602 4019 3099 4488 
2214 2637 5206 3941 3917 5066 4008 4008 2927 4363 4632 3126 3372 5206 3458 3917 
3064 1337 6029 3785 3778 6042 4839 6260 496 3730 3778 412 4041 4563 2314 6400 
3183 2681 5399 4181 3309 2425 4156 3899 3312 3902 2818 3241 2559 4197 4508 3929 
665 985 5690 3369 3205 5942 3881 3205 3544 4643 3220 786 3241 3369 1560 4785 
2186 3467 5442 1509 5210 5522 1612 2186 513 5296 5219 379 2852 3250 2464 5219 
748 5642 4920 3071 5149 5179 764 3669 3701 4808 4845 4845 2878 3669 4050 4087 
2527 3442 3427 3149 3651 4344 4134 4134 1410 5633 2696 5 3782 4316 3454 4781 
4781 5427 3147 3287 2661 4835 4500 5948 4763 4500 4417 4795 3859 4500 3231 4541 
3904 2880 2978 2615 4576 4454 2716 43 3426 3426 4454 3902 2355 2978 3221 4454 
4079 4498 3573 4093 5089 4315 3535 43 2481 4716 4289 17 4066 4522 5105 3693 
4125 3375 3759 8 3706 4609 4472 4472 2624 3511 4446 18 2942 5068 4282 4819 
3659 2922 25 21 4614 4255 5129 3168 2831 5035 4685 8 3488 4302 4596 4255 
4273 4356 4494 3373 3137 4578 2630 3943 4173 4808 3773 3706 3994 4086 3324 2500 
3891 4453 3742 3678 3678 4934 1937 4336 3999 3669 3669 3678 4692 3995 4085 4019 
3951 2719 3395 3290 2667 2998 2895 3290 3801 3182 3339 3339 2900 3801 3223 3782 
4338 4213 3371 3496 4189 4111 1616 4014 4256 4418 4516 4137 3992 3496 3103 4310 
1714 4088 4082 3850 3454 4188 2149 4636 1714 4412 5266 4663 3071 3932 4820 4505 
4718 4420 4375 4375 4570 5352 4085 4981 4266 4147 4802 4502 4092 4649 5481 5481 
4082 4116 2885 3282 4936 3878 4021 4294 4165 4912 4004 36 2859 3282 3574 3459 
3497 4440 4654 2796 3199 4596 5239 5204 3339 5239 5239 5 2576 5046 4026 4183 
2896 3148 3420 3566 4368 3680 4356 4802 2325 4674 4326 140 2954 3841 3294 126 
4257 3215 3435 3446 4257 4281 4698 5036 2984 5222 4384 54 2848 5053 3435 4257 
3051 3011 2821 3338 4489 4271 5766 4647 2525 4463 4358 5 3159 4077 4181 4303 
3720 2578 2507 2457 2631 4719 3883 4416 2545 5095 2870 43 2507 5095 3038 4245 
2622 3493 3827 3214 2824 4773 4902 4902 5068 4422 4795 3960 3379 3214 4493 4808 
2402 4016 3175 3520 2405 4461 2651 3812 4308 2229 3960 4 2210 3624 3827 5490 
2750 3514 4495 3508 4439 4876 5112 4326 3173 4495 4495 9 2750 3978 4503 4495 
3905 3773 3859 3795 4602 4762 4556 4556 3859 3963 4148 9 4385 3859 4817 4902 
3827 3521 3632 4076 4050 3375 1852 3681 3681 2368 5761 2287 3788 3540 4145 4486 
3532 4242 3532 3068 4451 4235 4246 4233 2614 4668 4451 3638 3476 4233 176 4242 
3403 2471 3966 2885 1326 1992 2837 3779 2629 2629 4407 4529 2172 2885 4276 4276 
4517 2553 2834 3399 3102 4473 2671 3042 2505 2639 2706 4473 2420 4712 4693 4370 
2172 5404 3895 5089 4391 3671 4604 3409 2466 4604 4654 4391 2637 4604 3797 4520 
2551 3716 2862 4921 2294 3525 2003 3782 5826 2239 4386 5466 6332 4474 5262 4908 
3979 4126 4057 4057 1301 4560 4126 3477 4132 3783 3914 4065 3995 4057 5265 4463 
3780 4103 4146 4146 1465 1773 3994 3662 3882 4146 4775 3571 4032 3882 4319 3916 
3680 4285 3571 4038 4213 4237 4041 4041 2730 4041 3197 10 3810 3586 3353 3379 
4669 3551 4525 3458 3762 4331 4189 3832 3656 4215 3373 3867 4104 3933 4496 4669 
3523 3104 3320 3311 2354 1341 998 3428 2394 3052 3309 3038 2980 1777 975 3368 
3372 3268 3569 3842 3913 3138 3866 3234 2954 4089 3814 3030 2624 3223 2981 2981 
2746 3411 3411 2823 3534 4954 3397 2512 2512 6437 6437 3589 2168 4795 5672 4859 
4081 2643 3292 4079 2145 5707 4538 5783 3774 5707 5707 4884 3929 4099 3383 3641 
3049 2320 5375 4546 5682 4498 4546 4546 2545 4386 4792 5191 2175 4546 4546 4792 
3707 3818 3198 3198 2180 4744 3436 4240 4365 2180 5347 5347 2073 4942 3707 3707 
2419 1023 4758 5285 4372 1400 2895 4368 4368 5427 4495 5441 3157 4368 2921 4495 
4402 2090 5346 5789 2840 2401 5018 4504 4616 2325 3623 4284 3736 4616 3105 4644 
3149 3503 3236 4312 37 4487 3694 37 37 37 4269 6 3772 3564 4314 3503 
2412 2637 3619 5629 3303 4915 4196 36 2829 2500 4984 4913 3428 2911 3809 4984 
3106 3357 3902 4094 3934 4581 3666 34 3106 3468 3211 14 4094 3363 4159 3928 
3250 2802 4641 5465 3011 3177 2349 6055 3579 2171 5035 5245 2966 3579 3026 5439 
3227 2854 4959 4931 3227 3993 3406 3454 3920 1659 1659 4830 3053 3681 2801 3052 
2691 5063 4427 4039 3706 3190 3884 4257 4881 4252 3282 2 3757 4257 4233 4233 
4287 3757 4552 3664 3951 3913 4311 3652 4267 4801 5593 4165 2689 4552 3158 3810 
2914 3705 3662 3662 2516 1915 2545 4707 4707 2284 6300 4133 2191 2702 2864 4224 
2658 2318 4618 2730 2730 2967 4137 4618 3517 4809 3001 35 3558 5650 3068 3068 
2487 2420 5030 2002 4454 3925 2921 5249 4406 3452 2124 34 2898 3026 3511 3925 
2740 1686 3598 3027 2882 3936 3499 4627 2981 3943 5511 2735 3799 2696 4702 4518 
2600 3931 3287 2746 2760 2760 2646 3644 2949 3546 4065 3388 2247 3279 2 4065 
2453 1546 3324 2470 2767 2779 4975 5269 2692 5269 6998 2767 3324 2525 3512 3512 
2903 1939 7359 2222 2706 2706 3671 4340 625 4058 3494 2619 3507 2779 3926 3494 
2379 2055 2355 2355 2921 2799 3156 3989 2553 2721 4882 4525 2925 2188 2998 6655 
2648 1105 5552 2743 2370 2370 3067 33 2334 2244 3306 2370 3393 2693 5544 5544 
3557 3249 3445 3445 1215 46 3100 4360 3557 4856 2976 3 2976 3445 4560 3556 
3270 3160 3624 3448 1164 135 3533 3915 2835 3859 3859 2 3996 3545 4337 3569 
1171 3246 3925 5257 3134 131 2801 3976 3275 4305 4618 3151 4052 4817 4277 3925 
1082 1082 6061 6061 3460 119 2687 13 6061 3782 3460 3811 3373 6061 3150 2878 
1890 4903 3444 4241 4412 5021 2858 4661 4387 5606 3622 4229 2907 3744 4903 4281 
3720 4108 3906 4132 3024 110 2676 2990 2940 5799 3024 3192 5060 5898 4996 3906 
1750 3245 4010 1847 3250 50 3063 4770 2493 5762 5762 3237 2698 5464 2563 4316 
3680 3987 3039 3613 3680 38 3886 3215 2851 4573 5083 3393 2954 2862 4666 4688 
2780 2481 3590 3590 3578 4319 3855 6120 4457 6120 4916 3334 3590 3590 3724 3339 
759 1952 3791 4124 2459 2865 3710 7323 2130 4623 5772 6663 3024 2986 3708 3708 
1860 1714 4139 2074 2142 4709 3942 3340 2481 2707 5010 6509 3338 2481 4149 3204 
1249 2635 3454 2665 3305 62 3629 5258 2244 5558 4883 2665 3526 3454 2675 3982 
3507 2322 4494 2617 2892 2885 4216 8338 1694 6291 3356 646 2442 2846 4119 3875 
2315 2723 3968 1782 2079 5455 3293 4203 2315 5376 3863 4164 2965 3554 4268 4673 
3454 6602 4264 1972 3454 4792 5126 5126 2806 5126 4384 4452 3847 4264 4264 4842 
3558 2343 4247 2512 2542 4303 2448 4331 2481 4140 5953 5953 4203 2917 3280 3467 
3574 1745 3092 2913 2555 2070 4106 4689 2070 2073 3894 4148 3893 4133 5139 3201 
3458 3030 3458 3458 3458 5145 3465 3416 3416 3102 3443 4490 4183 990 3775 2813 
3165 3310 3443 4950 3165 3110 2908 41 3955 4284 4284 5551 3007 3994 3911 5388 
3166 3500 4219 5925 3208 4777 3344 121 3432 4606 4606 4606 3686 4219 4219 4913 
3183 3565 5122 4951 2718 2924 2188 119 4437 4586 4041 3660 2549 4437 3565 4041 
2273 2524 5443 5748 3121 3874 3125 121 4010 3423 5825 3676 3580 4010 3381 3819 
4031 2148 4440 5521 4167 3830 4641 5173 2792 6237 3830 4722 4731 4991 2812 4416 
3734 3557 3548 4076 3806 4474 3771 3548 3689 3847 3650 5 3810 3823 3919 3561 
3533 3967 3181 4254 1506 5730 3067 3067 3292 4525 4451 2283 3641 1149 3846 4564 
2237 4026 3904 4973 3805 5746 2589 3121 2569 4880 4712 2917 3121 4880 3215 4235 
2919 4453 4194 4256 1308 5589 3694 3253 2351 4664 3909 3091 3739 2843 3940 3940 
4197 4105 3666 3587 4238 4704 3785 3950 5002 5296 5416 21 4173 3622 5730 4749 
3080 5172 5764 5793 3080 2610 3335 5963 4810 4781 4762 6053 2663 4810 3523 4881 
3858 5875 3967 4455 3569 5151 4378 5271 3409 6246 6003 6699 3535 4614 5234 3707 
3069 3341 5482 3816 3018 3815 3593 4599 2929 4599 3380 5886 2834 4999 4131 3395 
2858 1992 4891 4194 3317 2590 4207 4194 5041 4706 5308 6259 3637 4194 3328 2858 
11 3109 4449 3073 3169 3428 4321 38 2828 5014 4836 3 4082 3901 2814 3716 
1723 4616 5830 5903 3838 4973 924 5928 2498 2099 5201 4481 4860 2988 3186 4796 
3662 3964 4138 3129 3639 4359 4359 3446 3756 4576 3928 3662 4052 3756 5363 3500 
3708 4047 3578 3750 3708 3746 4181 3578 3690 3869 4404 21 3918 3578 4183 3708 
3903 3989 3677 3111 3903 1601 3800 3389 3835 4300 3389 3636 4086 3061 5375 4176 
3773 4004 3041 4008 4008 3715 3738 4008 3812 3801 3773 3773 3773 3994 4743 4743 
2421 3583 3615 3615 3274 3243 4447 4332 4669 4804 5038 5038 4479 4399 5100 4983 
2469 3172 4863 3718 2471 4802 3637 5544 3951 4075 4295 5307 3125 3951 3078 3866 
12 3884 4036 5478 3484 4243 4571 4003 3778 4003 4277 3024 3641 5038 3640 4556 
3123 4004 3093 3024 3123 3195 4221 3024 3093 4719 5963 2573 2851 3093 2897 2858 
3717 3827 5506 4039 3648 3248 2961 5506 3933 3248 3248 3101 3314 5506 2800 2800 
3754 4492 4938 2630 4034 2179 2889 40 3127 5466 5466 2767 5088 3698 2187 5424 
3195 4154 3785 3350 2377 1899 3391 41 2622 1899 4867 3039 3052 4091 2644 4039 
3650 3518 3834 4124 3189 4412 3985 3650 4315 3732 4172 2996 4315 3728 4377 4129 
2521 1662 4748 3534 2258 44 4707 2644 2644 4861 5397 2895 2874 2644 4585 4861 
1974 2146 3183 2437 2880 2929 4556 4556 1336 4926 4542 5504 2973 3114 3157 4057 
2647 2612 4223 1894 2385 56 3064 6295 875 2385 4094 1880 3033 3099 3569 3955 
3599 3172 5975 3066 2752 3229 2396 5616 2375 4828 3599 2440 2375 5083 3441 3860 
1199 2487 4142 3326 3485 3319 3649 4631 3744 3875 2786 2593 2314 3326 2771 5443 
3223 3806 2994 2442 3197 38 3177 17 3693 3890 3170 3020 3089 4128 4398 3229 
4661 4351 3914 4337 4314 5209 4749 5111 4249 5111 4087 4319 4468 5112 5456 5143 
4504 4270 4111 4111 5020 6359 4409 4574 5332 4917 5633 5633 4600 5558 4845 4912 
3630 4062 3703 4859 5333 4397 4021 6 4021 2982 3981 4259 3851 3851 4071 3716 
3489 3215 3713 4638 4638 4638 3483 44 3748 5104 4163 5415 3592 5167 4200 4200 
2937 2955 7180 3761 3405 3156 5220 4517 4517 3638 2605 4888 3937 4517 3338 3236 
4818 4881 6536 4552 4485 4790 7264 6302 3658 3598 5924 4838 4485 4800 4707 5924 
2657 3976 5378 3227 3888 3831 3636 5378 3351 3226 4778 4778 5581 3636 3425 3976 
3531 3558 2872 4617 5931 5092 3866 6555 5976 5206 5014 6008 3602 4778 3681 5014 
2579 3216 4812 3403 3723 4858 4450 3610 3610 4057 4270 4196 3133 3610 5334 4327 
1459 3667 4001 4081 2624 5010 5010 4551 2007 5010 5010 3341 3089 4371 3368 3964 
2942 3901 3901 5484 2942 3687 4239 6448 2351 4239 5188 4947 3005 3901 3901 5188 
4344 3031 3662 4464 4344 4682 3854 3922 3454 3854 3854 5899 3450 3454 3794 4719 
2822 3879 5707 5707 2822 3604 3280 3078 3078 3887 2822 3604 2460 4125 3807 3669 
3086 3876 4231 4049 3539 4704 3840 5173 2190 5173 4734 3186 2858 5173 2516 3760 
2473 2529 4338 4338 2473 4760 101 5396 2204 2920 2920 102 3075 4072 4250 4183 
2610 2835 6121 2007 4011 3910 89 2538 2610 5306 4832 94 2675 4672 3257 4872 
3116 2787 3516 1783 3482 3905 82 3482 3501 2523 4620 82 2695 3501 3605 3470 
3439 2662 3654 2657 2996 3899 4121 6050 2411 1974 2751 2003 2426 3016 3038 3692 
4176 3460 2814 4237 3357 4375 4375 3818 2488 4375 4353 5085 10 4375 4084 4176 
1823 3906 3443 3275 3523 3897 4818 4818 3275 4840 3845 1743 3439 3275 4542 4772 
4502 3917 5852 5552 4202 4202 4749 5852 2813 4744 5261 36 4877 4877 3999 5277 
4685 3390 5108 3713 5515 4498 3181 4202 4318 4698 4663 37 4318 4318 3872 4119 
4035 3909 3904 3773 2673 4431 6364 6475 2437 4694 4035 33 3472 3180 3534 4035 
3505 3752 20 3792 3800 4939 2930 3792 4500 5044 32 21 4500 50 2984 3800 
4697 5788 2896 2385 3763 2976 2976 3921 4543 1840 4642 42 3594 2896 3921 4273 
2661 5404 4649 3721 3783 3392 3676 3676 3344 4766 4766 12 3733 3344 2913 4855 
4556 3620 3485 3075 4292 5068 4291 4577 4541 5187 3620 4552 4952 4311 16 4400 
3805 4401 4228 3429 3257 4506 3556 3358 4793 4151 4151 4151 3805 4793 4414 4255 
4351 3951 4073 4004 3886 4161 4605 4265 4073 4159 5039 4004 2978 115 3951 3951 
2713 3080 4263 1378 4287 3619 4250 4462 3154 4261 4287 3616 1983 3756 3717 4065 
4191 4156 4117 4162 3750 4976 4493 4493 4441 4962 4618 4351 2783 4839 4300 4647 
3547 1649 3859 3700 4172 3748 3744 4434 4092 4434 5774 4022 2629 3630 4064 4777 
3894 136 4031 4280 4062 4460 3806 4009 3806 136 136 136 4017 3806 136 3738 
4030 3653 3770 3770 4030 4228 4099 3770 3770 4216 165 184 3770 3975 170 4126 
4164 3709 4031 3979 4164 4165 4701 3643 3643 4244 4139 36 3426 4073 4402 4402 
3594 1727 3886 4728 2816 4785 2840 3886 3920 4785 3062 3062 3663 3319 4124 4124 
3871 4540 3871 3813 3932 4452 3841 4589 3974 4449 4878 4014 3932 3858 2961 4186 
4086 4878 3561 2222 4367 5399 3413 5497 3785 2678 3020 6 2901 3584 3589 4264 
3485 4009 3438 3544 3288 4997 4997 4575 4362 4993 3470 109 2387 5048 3293 3293 
2889 3870 3080 3671 4144 5643 3784 3717 2631 3803 3698 24 3542 2930 2720 3537 
4003 3832 3970 4190 4003 4730 3820 4158 3932 5028 4908 3667 2968 5022 5116 4357 
3030 4049 2737 2737 4197 4417 4417 4197 3352 4163 5021 15 3731 3352 3009 3009 
2981 3300 2988 2988 4123 4855 3936 4207 4207 4867 4448 21 3307 4207 4855 4621 
3309 3437 4478 2648 3885 6256 3309 4038 3309 3087 6105 29 3896 3087 5271 5295 
3534 2689 6254 3976 3453 3349 2787 4281 2396 3014 4595 3534 3083 4550 2727 4740 
3612 2681 5092 4617 2261 2913 5622 5622 4047 6838 5334 4114 3412 4670 4617 3615 
921 3485 5515 1799 4042 4988 4271 4271 2791 3357 3693 2266 3496 4611 4543 3608 
3475 4562 3537 4181 3148 5035 3974 3916 2128 4817 3719 3719 3114 3546 3703 4562 
2368 2377 3863 3863 2368 1743 5221 3296 2389 2387 4601 2697 2993 4539 1710 4601 
3670 3719 5199 3219 4197 4199 3211 5202 3249 4199 4481 6343 3848 3980 2893 6204 
3376 3221 5112 5112 3376 3436 3969 35 3244 5042 4455 4455 3752 3244 4379 4251 
4752 652 3171 3686 1796 3431 15 33 3385 672 36 4196 2747 2825 3529 2999 
4508 5320 3112 3882 4509 3271 3978 4462 3836 3484 4509 4390 2679 3112 3625 4889 
3599 3726 5159 3674 4739 4012 4012 5121 3599 6453 5327 5379 3599 3726 3793 4612 
3656 3956 3375 3469 1256 4482 3918 4070 3670 3639 3059 3949 3843 1354 4566 3956 
3978 3715 3895 3111 3718 3718 3715 3632 3796 3715 3718 3641 3652 686 4781 3715 
6032 2518 3913 3657 3046 4864 4141 3913 4377 3245 4808 5224 2632 3247 4242 4864 
4137 4368 3799 3924 3924 4913 3569 42 3924 5101 4346 13 3924 4415 4201 3717 
4307 3821 3224 4314 4307 4554 3893 43 3456 3928 5204 4214 4454 5074 4307 4307 
3358 4361 4192 4283 3866 5023 3610 3830 3358 4053 6165 4039 3830 3830 4569 4361 
3962 3737 3469 3563 3808 4475 3595 3962 3962 4117 4117 3902 4220 4159 3476 3711 
3786 3853 3253 21 4245 4533 3945 3678 3715 3237 4533 4533 3548 3678 3989 4079 
5220 5644 5644 4473 4558 3962 3036 4994 3361 5800 3454 6337 4230 4473 3182 4050 
2925 4454 18 6595 5402 5877 3130 3956 2925 5305 4044 3749 3991 4454 2936 3356 
3220 3038 17 3922 3910 5407 2894 3467 3467 2396 5189 5553 3639 3467 3220 3038 
3097 3912 17 4967 3962 3612 2973 21 4967 2327 4769 6142 3149 4967 4183 3696 
3622 3423 16 9 4110 3781 3165 46 3538 3470 4368 11 3782 3797 4585 3538 
3337 3588 3999 3055 4374 4281 2757 43 2667 4465 3552 10 3956 3956 3588 4239 
3545 3581 17 3478 3425 3462 3620 3586 3338 3400 3486 2 3581 3478 3393 3566 
3718 4332 4072 4072 612 4628 3765 3765 3513 4117 3251 23 3866 4072 3788 4332 
4145 3356 12 3796 4375 4375 3685 3384 4903 4148 3527 2 3821 4814 5530 3965 
3435 5547 4965 4965 3435 5547 4279 4279 2990 6292 5547 4785 4497 2990 4868 5547 
1991 2791 4985 3260 3789 4470 5288 6138 1600 3673 6039 4781 3960 4028 4023 5090 
4630 2929 5675 3910 4630 3907 5149 5566 3124 6144 4448 6101 3184 5514 3510 4663 
2326 3966 4503 2239 4626 4548 4868 5186 4765 4402 4168 2505 4067 5097 4218 4168 
2240 4397 4390 2240 4424 4135 4135 3822 2240 4643 4643 2240 2329 4390 4129 4643 
5112 2046 4637 2166 4232 4232 4421 4549 2166 4985 4232 2163 2046 4522 5101 4527 
2195 4094 4343 3745 4210 4210 4151 5289 4341 3491 3491 1981 4341 4324 4094 5403 
4887 4238 2165 3634 4243 4243 4230 4211 2165 4927 4927 4303 2844 4211 4927 4927 
4233 3866 3740 3440 4233 3838 3804 3356 4469 4671 3389 2881 4008 3356 3866 3866 
3214 3199 4320 4050 3915 4917 3214 43 3214 3710 3606 4 3878 4250 2796 4220 
4279 3958 3203 5014 4279 4315 4909 4508 4333 4553 4725 3394 3916 4788 5183 4639 
4332 3663 3910 3502 3180 5213 4702 4702 4196 4531 4387 3487 3910 3530 3214 3180 
3777 3353 3711 3711 3777 4874 3913 46 4182 4739 4520 4077 4874 3711 3113 4186 
3360 4076 3750 3168 3721 3937 3153 44 2601 4801 4186 3927 4219 4593 5068 4737 
3692 3488 4197 3995 5014 4378 3657 4614 3368 5093 4406 4901 2389 4614 3995 3905 
3730 2289 12 5587 4254 4698 3620 4479 3358 4408 4638 5 3674 4056 4403 4449 
3889 3613 3 3625 4511 5686 3639 3889 3889 4569 4460 5 3889 3889 4742 4116 
4067 3634 4248 5040 4360 4374 3029 4237 4237 4954 4569 41 4248 4248 4908 4859 
2883 2339 3480 3643 2438 3573 3662 2612 2612 1380 4618 3 2626 3480 4851 2883 
2153 3702 3874 5734 2516 5051 4304 4871 2778 2356 6117 3 2408 3721 5526 5014 
2488 3919 3825 3141 4130 5263 4335 4154 3015 3858 6401 47 3570 3015 4166 6131 
1225 4971 5302 6095 4048 3970 2960 5111 3391 4350 4372 7475 3065 3391 3214 3214 
1671 3482 4827 5905 3167 3324 3659 6333 1250 5384 5384 5740 3155 3069 3006 3482 
2596 4063 5776 6030 3378 3166 2746 6030 3013 5666 4904 4904 3427 4521 3884 5262 
3745 5227 38 6864 4062 4062 4164 46 3450 4492 4492 3630 2363 4866 2653 4050 
2877 3179 9 3837 3178 4896 3038 5221 3913 2823 5920 4895 2877 4322 3904 3368 
2787 2930 6778 5922 2787 3382 4200 13 2210 7310 4185 6352 3810 4200 4231 4215 
4244 4227 4672 4295 3902 3880 4415 8 2778 3779 5746 5 4110 4110 3310 3875 
3974 3850 4401 183 3835 5030 4260 41 3424 3676 4344 9 4288 3845 5052 3934 
3301 2298 3269 2195 2838 3954 2740 5364 1998 3666 4124 3065 3078 3571 3408 4295 
3515 1651 5287 2679 2308 3831 2674 3787 3051 5730 5730 4566 4306 2818 3413 2706 
2755 3751 4249 4249 2843 4041 2901 4281 2901 2901 5483 5483 3490 2636 3900 3900 
3159 1985 5783 5556 2919 3924 4772 5020 2681 3227 5162 7535 4011 2652 2491 5162 
3501 3678 3475 3624 4034 4818 3602 3475 3531 4074 3830 3784 3475 3624 4672 4220 
3666 5275 3499 3810 3647 5720 4666 3932 4722 4171 4208 4208 4216 4183 4511 3666 
3293 3890 7855 4192 4240 3992 4600 6218 3758 4600 4600 4029 3823 4675 4355 4534 
3051 4857 5096 2888 2473 3187 3346 3189 6497 5294 7000 2603 4577 6497 3629 3629 
3243 3235 3704 2963 2682 4332 4826 6688 1768 4292 6583 6241 4678 2958 5494 3397 
4278 4428 3546 3663 5685 5730 3469 3487 3487 5730 5280 4148 2507 6058 4680 4680 
1587 3959 3015 1676 2575 4005 3697 3319 1676 3698 2575 2575 3086 2859 3026 4383 
3277 3101 3488 4523 3277 4311 3556 3133 2710 4388 2958 2379 13 13 2958 4298 
1913 3496 2591 3295 4625 2636 2636 3912 1512 3721 3721 1864 2923 2546 3877 3721 
2471 2514 2821 2727 3518 3432 4015 5255 2590 3822 2590 2590 2590 2817 2272 2971 
3004 2883 3034 2441 3004 4008 4447 3587 1617 3603 5145 2974 15 16 4239 5145 
1559 2699 3312 2521 3123 6015 65 2521 2521 4972 5279 2507 2831 2521 2791 3257 
3112 3546 3250 4632 3112 3725 3725 4497 3709 4561 4779 4990 3799 3250 3546 4077 
2786 3595 3245 4010 3049 4916 3109 6496 1854 4294 2770 2770 2155 5147 2831 5671 
3998 2393 5482 3396 2930 5398 4505 3479 3278 4707 4029 5398 2850 3940 3554 3998 
2486 2779 4593 3143 2486 4091 2258 4808 2020 4660 2486 4444 2940 5271 5271 3650 
3808 3438 2998 3164 3965 3962 3137 3130 3294 4964 3503 3078 3863 3187 3087 5001 
2727 2780 6116 2773 2271 4513 2283 4757 2392 3447 4147 5283 3424 2283 3356 3304 
3978 3860 2905 4794 4027 5368 4262 4259 3712 5368 5641 4854 4259 3745 4703 4703 
4743 4055 4064 4064 4937 4646 3954 3954 3954 5267 5101 5101 3947 3954 5174 5613 
4915 6022 4509 6133 4915 4959 4959 4806 4429 5790 4206 4206 3395 4959 4328 3991 
3732 4157 4928 4705 5053 5211 4136 4669 4862 5343 4973 4871 3848 4862 5430 4946 
3110 3877 3901 3806 4389 4718 3973 3844 4799 4608 4608 4135 4389 6452 5392 4348 
3832 5319 3879 4015 3832 5181 4617 4222 3832 4872 5319 5319 4412 6396 4340 5319 
2426 2095 3775 2705 3791 4056 4191 4191 3548 4191 3459 1279 3443 3548 4014 4014 
1219 4173 2888 1219 1860 3858 3703 3703 2494 2875 2807 1686 10 3384 56 2807 
2928 2807 5128 2505 3573 2821 4603 2266 2330 4459 3087 3087 15 2685 2681 2928 
1771 1992 3086 2016 2950 3784 101 2440 2623 2175 2559 1770 17 2623 3693 5386 
1334 3684 3442 2037 3609 3661 2678 4201 4201 3885 5684 1333 19 4201 2825 3204 
3395 3103 2890 2542 3656 3348 4338 4424 2899 3487 3660 3395 19 4069 2825 4033 
4299 3612 4080 3575 4226 4472 4146 4146 4146 5413 4504 4622 4146 4028 4228 4599 
4364 3472 3701 3701 4364 3177 3719 3860 4615 4250 21 21 4553 4394 4216 4583 
4343 3927 3474 3027 4093 4188 4122 3799 4122 3799 4188 29 4086 4071 4160 4126 
4209 3581 3129 2907 4209 4500 3574 4289 4017 4309 3830 48 3847 4753 4192 4192 
4135 3838 4118 3457 4278 4783 4277 36 4010 4553 4154 6 3721 3881 4427 4250 
3425 3498 3030 3892 4572 4807 4487 35 3425 4980 4452 13 4340 3680 4029 4063 
4247 2500 17 3879 4247 17 2496 16 4022 4624 3518 4316 2582 4968 4760 4566 
2235 2420 4178 3155 4227 4321 2465 46 2769 2465 5140 24 4017 4885 4694 5115 
2283 2485 3730 2329 2832 47 3222 47 3050 5361 4516 3 3319 3730 3674 3444 
2156 2468 3653 2971 2035 351 3336 8 2370 4021 5126 5034 2470 1148 4665 5506 
3447 5120 3582 4304 3631 3914 2503 48 3297 4299 4852 4852 3225 4910 4522 4389 
1830 1957 3568 2577 2666 63 2437 106 2083 4439 5585 3806 3171 4409 3024 3129 
4015 1251 4449 4449 4840 3653 4693 4344 3647 4624 3939 3939 3389 3647 3818 3885 
4740 4884 5239 5710 3742 4631 3402 5122 2268 5123 5123 6232 5603 4515 2976 4828 
3592 4963 4483 4263 4406 4317 3024 5124 2879 4669 3592 6095 3918 4263 6362 4305 
3165 2948 4513 5343 3165 4593 3162 4053 3171 4009 5430 4118 4030 3317 3534 3962 
3214 3759 5823 4068 3709 3846 3730 3187 5457 4476 4899 3709 4068 3660 2997 4671 
3780 4343 5444 3516 4001 4915 4918 4154 3749 3853 2760 3082 3433 5189 3358 4378 
3329 3570 2598 2938 3176 8 3128 3341 3932 3128 3341 3156 3932 3932 2598 3329 
3904 2789 3580 3251 2847 3119 3577 3580 3580 4052 3580 3580 4044 3698 2447 4439 
4844 5637 3458 3458 3458 4558 2927 4556 3878 3238 3875 6 3467 3878 4904 3030 
2639 4737 3144 5255 3589 37 4025 38 1954 803 3036 8 4926 4218 2470 4862 
2129 2921 2903 3669 1895 2303 3491 49 3376 3751 2524 4448 2414 1799 4091 4467 
4149 3802 2907 3030 2686 2686 3268 44 3437 4387 2686 5 2717 3020 3439 2838 
2176 2424 2986 3618 4215 4494 4536 4764 2893 4494 4336 153 2885 2893 4163 3126 
3331 2916 2917 3555 4257 4366 3576 4411 3610 4406 4016 8 2917 4507 4507 4406 
3815 2043 3743 3630 4093 4093 3759 3700 4293 4637 4093 6 3661 3712 4489 4462 
3428 1674 2672 2672 3488 4114 3170 3439 2931 3874 5680 1174 3276 4701 2926 4558 
2595 3558 3799 3799 4362 4665 4041 3799 3483 4723 4044 21 3049 3799 4047 4719 
3574 2406 4151 2468 2690 3654 3517 4558 2679 4417 3169 38 2679 4558 5093 4520 
3238 3771 3438 2834 5600 5600 3257 43 3551 5468 4929 4 2843 4788 3438 4768 
2871 3438 3188 4349 4020 5031 3173 43 3250 6492 4020 40 3343 4719 3438 3726 
3972 3290 3639 5021 4075 3901 3475 43 4809 5827 5349 10 3693 5021 4033 4836 
3631 4567 3756 3844 5953 4069 4188 4852 5010 5230 5774 6548 3419 3756 5028 5230 
5798 4709 5233 5699 5265 2872 3832 5575 6607 7328 4409 3600 4158 5575 3303 6009 
4546 5480 4712 3698 4419 4477 4384 4833 4373 3810 5534 5534 3171 4306 6465 5480 
3366 3021 4576 5150 5136 4542 2495 5225 2104 4640 6917 7281 2572 2581 2988 5158 
2850 2051 4104 3895 3999 4422 3436 5971 3895 2640 5188 5188 3215 3895 3654 4356 
4533 4352 4903 2516 4533 4533 3062 7192 3066 4477 6789 4533 3066 3066 2453 4434 
2747 2658 19 4016 2187 4020 2378 36 2753 4527 4791 9 3925 3808 4116 4563 
3656 4099 3645 173 3555 5148 4395 38 3923 4759 4303 10 4411 4113 5326 4489 
2862 4700 4514 3109 4537 3991 3415 4041 3289 3588 3297 3297 3156 4472 4280 6285 
1717 3806 5951 2572 4012 3334 5963 5963 4214 3880 3635 6164 2465 3578 3464 3806 
3126 3931 5734 3456 3280 3655 4514 3593 4860 4738 3655 4722 2708 3476 3803 3655 
4712 3551 4769 3094 3932 4465 5944 4173 5841 6768 3330 3391 2915 4994 3852 4969 
3735 3318 6715 3091 3876 5555 5521 5521 4351 5555 5040 2802 3195 4066 3212 4219 
2 4416 2472 2136 2896 4040 3615 3615 4988 2819 6037 3890 5655 11 4416 4092 
4647 2084 6754 2020 3519 5364 3608 6754 6345 4734 5516 5999 3936 6345 3457 5516 
