606 49 782 743 707 838 607 607 729 1040 700 743 1018 737 1198 1116 
1330 58 1250 6 1805 1 2478 1270 1063 541 526 1270 3773 1270 1250 1330 
1300 25 1466 8 1485 1859 1615 1296 1389 1227 1659 1360 1219 1239 1300 1240 
6 30 1132 6 2135 1 977 820 906 1 866 2 2907 1080 5 1226 
268 22 756 5 1052 1 1328 507 2110 1188 1155 2 1234 1237 1 1221 
6 44 951 6 1664 875 875 953 1255 906 1036 932 940 932 940 932 
689 1414 626 1086 913 2141 885 709 1 607 916 1 999 1026 1015 1046 
738 699 598 1003 996 778 1254 734 658 888 757 697 657 668 1231 663 
741 570 570 710 997 825 710 710 1198 846 710 710 1295 1129 988 707 
593 526 577 735 772 718 1027 911 1039 1055 699 1056 575 1055 1382 1213 
613 636 660 1019 1021 1025 736 929 781 1063 732 820 1305 893 1162 814 
2911 1651 441 1197 793 766 7083 6381 1 494 827 827 722 880 1197 706 
1119 1052 2025 981 2681 1107 1490 2512 1 1 439 1 2051 1040 1040 1040 
1189 748 499 709 1213 2620 1862 1189 1 1298 1121 933 2213 1074 1013 1299 
1185 1107 778 650 1546 1493 1548 1513 1 374 1582 1107 812 1083 1083 1307 
567 595 564 880 2334 645 1662 972 1 590 1338 829 2526 842 842 691 
1006 941 1186 839 2448 932 861 861 1 936 1224 867 1353 952 1159 880 
1127 567 1228 772 1541 964 782 782 1 456 665 1565 3055 1088 1377 789 
993 873 1 1270 1434 746 746 795 1 1225 958 906 2371 1047 1314 590 
1032 440 661 756 688 608 737 737 1200 797 772 772 768 797 592 908 
926 562 562 786 613 718 695 606 936 596 562 719 762 1069 983 562 
691 596 589 737 990 174 1760 1760 1081 1697 1420 782 744 1086 1724 691 
682 650 745 926 743 771 926 839 765 831 911 609 953 1002 1002 1338 
689 869 938 811 669 868 868 700 904 904 868 866 869 811 931 700 
735 753 753 980 695 753 753 909 870 881 753 695 992 1278 1176 753 
717 941 875 632 618 619 754 704 772 563 876 774 651 943 762 898 
936 641 1249 1908 1249 1249 829 1196 1 496 1116 1116 1853 1335 1263 1261 
1109 1446 1194 1731 2683 1637 2251 911 1467 1200 1266 637 1318 1313 1229 1316 
1256 673 1340 1292 990 178 1328 935 1 1261 689 1324 1248 1223 1223 976 
1481 1223 1464 935 947 1564 387 736 672 736 2169 851 1223 1482 565 1223 
525 1317 1293 1836 1358 3025 1278 1526 1 753 930 1608 1899 911 1028 911 
445 593 1321 737 541 249 601 601 1 405 1147 593 528 320 320 593 
299 383 881 522 1317 1 799 774 1549 465 1250 1254 2911 853 644 615 
804 116 1136 1017 1587 1 1226 1104 1073 1065 852 868 4610 1201 1092 1135 
815 1104 1047 738 738 978 787 653 1045 795 738 738 1045 918 1007 658 
859 673 642 673 649 649 673 856 1009 894 673 649 776 769 873 903 
972 573 571 895 1023 1023 712 750 972 1019 745 901 1012 972 1028 712 
763 722 683 862 952 717 717 717 884 1719 862 582 631 631 683 656 
606 941 692 803 713 1036 841 746 869 741 713 1036 753 741 1376 1339 
780 787 1694 941 761 800 800 773 871 730 780 677 871 966 1263 893 
1776 868 737 477 705 2003 2003 1113 1 836 952 1 2629 2085 2085 1 
1016 724 648 1062 648 637 1219 1219 752 866 685 898 1366 1265 1740 1319 
885 714 894 704 820 705 705 767 1025 712 712 732 1131 1136 680 894 
738 1046 1 2721 2854 2629 522 652 1 652 909 1 2076 2130 3261 1 
816 627 817 900 1041 908 706 664 706 709 667 861 1404 700 1085 700 
617 56 803 803 767 746 1059 808 1002 635 946 818 1194 735 885 885 
728 12 934 937 766 765 739 544 753 595 739 628 1013 1208 875 932 
817 749 775 804 528 740 641 742 691 1277 777 742 725 644 644 1006 
667 50 945 656 1081 998 842 722 667 834 656 694 1519 839 1009 702 
1039 45 13 813 993 879 567 993 863 540 1062 806 947 918 939 864 
919 768 790 803 737 1139 578 803 1 585 756 811 1249 1146 1779 915 
2615 694 482 1086 766 1237 621 621 1 848 937 1430 1755 1063 1357 1 
717 504 1072 806 1133 862 749 886 759 657 690 997 877 1133 870 818 
809 766 1114 763 761 980 724 724 748 1058 651 731 748 961 1351 713 
774 716 825 924 718 792 558 760 774 1003 771 760 882 777 779 1117 
363 723 1404 689 1104 358 1082 1106 1 846 1113 818 1106 822 577 1119 
1063 21 1068 681 767 767 767 1044 902 690 1021 797 1075 919 919 940 
929 33 793 882 913 882 897 722 900 722 792 809 829 897 897 1054 
779 606 774 605 1052 950 950 774 853 675 950 1087 1046 1047 950 771 
713 731 836 836 879 899 694 694 946 768 612 851 836 836 612 694 
639 48 631 785 1104 634 634 800 860 813 766 898 687 946 836 800 
1083 59 955 688 1107 1325 788 683 1646 1067 1005 1344 1011 992 1005 675 
752 1186 878 686 1084 796 633 753 614 512 518 816 926 880 1091 456 
491 891 587 711 1177 1011 533 613 627 636 753 1353 1234 1244 1244 840 
225 495 894 1492 1834 1 1843 1022 973 649 963 789 1852 1662 789 772 
472 453 661 1924 1784 1 1264 1179 1264 1225 787 787 388 625 713 1112 
711 509 671 601 932 932 775 775 801 695 1108 601 1388 1047 1049 775 
642 581 582 729 946 603 795 643 642 626 845 626 863 873 874 642 
705 527 789 728 850 958 726 1071 1172 662 873 728 775 825 1017 1076 
698 865 673 717 939 656 656 654 1111 516 848 865 862 848 848 853 
1000 604 738 723 1384 648 706 707 592 702 839 674 1080 837 837 803 
745 941 727 811 617 945 659 659 1142 1080 799 639 612 941 1113 824 
1212 725 1066 1353 1398 930 1567 1567 1 714 2588 1734 2296 1032 1 1 
1879 8469 1 1066 1793 1108 1740 744 1 1040 826 871 1472 815 868 1 
2612 818 869 588 1352 1609 936 1050 1 797 1368 1567 665 1060 869 1190 
697 571 853 1025 830 796 646 833 1117 680 646 775 993 1194 1861 901 
998 630 1008 790 792 1409 630 790 901 604 881 791 872 710 934 709 
1121 1054 477 2004 2986 2305 1 1687 1 1093 2400 2333 1841 1947 955 680 
962 792 1099 861 633 679 542 685 734 1383 782 1037 889 1205 1060 1177 
751 572 976 669 750 917 731 731 663 621 826 686 684 1225 967 803 
1161 993 834 702 856 876 603 643 825 638 1306 635 878 1167 631 723 
612 733 13 680 729 795 744 786 702 633 728 797 1188 1188 1188 974 
896 1771 4 839 807 909 19 4 833 789 913 811 1134 583 786 886 
646 1213 13 970 845 967 1003 2 976 799 857 1255 818 704 1113 1113 
631 1517 739 562 686 726 631 546 809 563 925 843 859 792 790 774 
1259 917 13 791 871 1106 1000 1340 1584 752 1340 882 1642 2218 985 1124 
1042 724 855 875 749 814 975 808 796 962 887 1175 1515 1093 681 1843 
2753 785 551 533 1476 2013 1164 921 422 443 1168 1566 905 1008 210 1 
813 663 1325 824 814 568 546 546 1016 546 707 756 1254 1205 750 1103 
1024 676 1024 826 723 1056 603 603 1149 667 686 1056 1654 1149 675 950 
1791 590 1 754 1513 2138 7913 426 625 394 811 3632 2125 1906 1407 1 
690 859 722 749 867 1028 706 706 1066 1208 706 1162 887 929 1299 1 
862 637 1279 765 900 866 697 697 768 982 756 1099 1340 1601 965 639 
2812 2115 988 931 2433 2794 897 422 1 1 897 1282 863 930 1365 1 
624 643 738 831 561 695 903 773 697 643 695 1117 687 1148 1090 1076 
874 1303 886 996 890 622 1251 1520 889 631 745 861 775 1164 1936 966 
2617 511 444 2750 10327 9943 344 708 9702 1 1112 1112 2750 536 2353 1 
781 747 745 937 713 792 914 914 1165 934 958 1191 843 1143 877 788 
605 830 522 671 564 561 591 871 1207 605 591 1238 830 830 1268 606 
930 590 971 1062 954 713 713 635 815 1018 879 809 769 1253 1253 769 
678 542 909 605 892 1128 752 753 712 825 908 770 613 1762 1456 754 
841 990 923 804 604 886 966 971 935 929 1033 1325 1374 1515 1006 1413 
585 653 918 823 949 668 668 668 623 623 892 561 923 1505 1223 823 
916 561 668 599 721 837 853 701 970 834 834 802 580 741 741 833 
1418 387 479 540 1713 1355 1537 1568 1611 1327 1049 1611 1568 1195 1418 1373 
947 957 601 1290 947 3071 1348 904 1752 828 1311 779 1931 947 947 746 
1349 1273 1371 1174 2542 545 545 1676 1676 1129 1253 853 2157 1119 1119 1151 
561 1373 1305 1794 1362 1595 494 981 818 763 2014 1245 1489 1250 966 1291 
343 1294 916 1036 1051 813 668 1730 584 770 870 1201 2346 1314 975 1274 
847 764 635 904 825 803 671 671 1010 804 804 672 1102 847 1033 850 
1038 934 740 572 1724 1516 868 868 731 608 805 990 781 877 2699 1007 
859 803 815 815 734 730 788 643 769 867 815 970 1376 1093 918 887 
816 611 742 735 1165 1823 729 735 720 453 743 743 959 1212 829 742 
709 914 732 698 683 683 583 583 808 776 808 883 1118 1118 1042 781 
1036 862 848 1036 764 764 989 1108 583 997 989 987 829 947 911 989 
1865 347 935 1042 739 739 1097 1326 476 873 885 961 521 1097 961 961 
487 734 630 1156 702 1253 1143 1303 525 650 630 809 525 1474 1317 379 
314 974 804 1121 486 940 1169 1153 615 587 693 974 687 1139 892 768 
392 886 908 1156 392 991 1308 1021 620 787 697 565 482 1057 920 363 
733 961 709 853 510 709 1338 1202 534 709 1123 911 620 1066 1068 911 
374 1124 803 1002 422 812 1193 1129 534 772 799 799 595 1091 1024 903 
637 659 932 932 1139 680 680 933 909 888 1006 786 713 1686 966 657 
978 530 868 973 759 733 781 781 640 817 978 674 1155 1078 863 898 
2705 8182 1 1239 10294 10184 1383 951 846 666 1031 734 505 1040 1821 1 
748 748 615 788 2457 775 1 924 748 774 1003 788 847 748 748 788 
948 7293 1211 1075 9246 9530 1 7657 1225 539 2107 1 1707 1255 1255 1207 
623 504 948 701 764 774 695 695 813 1167 752 1132 1122 1035 1062 1146 
862 566 655 1068 807 888 879 879 581 1356 1062 1062 1327 880 880 1084 
738 577 760 626 963 772 707 936 655 649 635 906 857 928 881 637 
635 581 723 684 741 1101 1101 661 1253 790 773 1038 798 581 1065 637 
927 767 746 1066 920 749 1 653 1 1089 770 1 1292 1100 999 948 
888 713 835 690 665 948 814 815 796 718 733 795 676 1051 1035 684 
801 613 557 902 971 557 880 1040 784 557 557 1003 965 658 1012 767 
865 732 576 1174 913 716 767 861 771 736 767 826 784 1319 1319 811 
1177 671 1022 903 814 814 903 903 708 656 719 985 881 1315 1143 1006 
1188 702 973 1062 874 569 687 682 654 935 714 731 1049 1049 1063 991 
685 929 1152 1069 409 1290 389 468 586 1099 800 1001 824 1154 1162 746 
2520 774 1163 634 1355 741 774 774 9469 622 718 718 9542 590 1141 1 
945 683 1037 1004 590 927 590 594 660 652 602 846 664 802 919 843 
463 1658 1245 1069 3352 3352 2016 2127 1 858 1633 802 2572 1134 1180 1823 
1209 498 1102 766 3166 1116 2691 1143 1 1 679 1209 1076 1044 1209 863 
1128 1135 1122 1 3298 1915 2168 1035 1 1 1399 1122 2869 1135 1131 1193 
991 809 1128 757 709 1040 1025 1025 724 1227 896 1198 810 1054 1198 785 
1104 979 1348 1041 1106 1055 1376 771 1163 1941 1478 667 1493 1107 1032 1096 
897 1433 537 1313 1198 1216 1662 1121 1 774 1391 1108 2143 1389 842 1317 
886 786 787 480 743 786 786 785 1065 984 984 728 1065 951 812 720 
708 636 825 822 680 679 1003 879 902 913 929 892 739 899 821 636 
683 702 623 845 738 1217 847 847 567 731 807 862 892 1091 2092 721 
1050 684 552 863 949 607 607 875 728 817 711 993 932 894 1094 1094 
703 693 953 585 720 628 691 716 685 701 707 692 898 887 899 1304 
901 1158 518 1122 854 854 818 591 1 755 602 1158 1755 1075 831 1295 
944 662 651 649 1329 649 652 652 527 1065 652 653 662 860 915 654 
255 1430 954 663 1837 1 1861 1944 1013 1 949 578 4872 596 750 596 
1113 634 678 916 1203 1 1479 1131 1555 1 695 1389 1331 440 1424 1097 
805 798 798 1741 1888 943 1453 1354 1557 1 1111 798 2032 798 805 798 
833 834 831 824 834 837 828 834 914 924 1664 830 2868 834 834 831 
866 1263 1043 1236 902 2083 7363 832 1174 1219 1139 7363 1418 892 1198 1057 
1606 1057 829 467 904 927 1 7507 1 517 904 904 1008 1230 1251 1 
1047 965 861 953 724 703 1000 878 844 844 746 800 921 1372 1490 1357 
1023 1178 358 885 2639 688 1327 903 1 695 903 1179 828 1141 1280 1 
1303 912 611 1157 656 609 562 1070 1 888 659 1329 1207 1078 1378 1723 
929 445 631 972 586 645 912 823 466 629 833 1121 548 1654 2215 907 
1037 635 1174 1254 783 575 669 669 562 990 624 712 839 1149 1053 628 
1295 1477 739 884 1337 539 990 1145 3250 814 1601 1489 2372 1348 807 1302 
951 1118 1252 1390 1899 2618 1121 1164 1008 672 1519 1348 1468 1295 1353 951 
1072 368 1069 824 2155 116 1 903 1 1191 813 1041 1866 1237 1017 1229 
1512 1146 1395 2309 1812 647 682 1775 1085 989 1684 1091 1503 1429 1429 1061 
1257 263 487 708 745 2353 827 818 1 921 1634 1265 1769 1253 1400 1319 
1122 556 1417 970 1974 1501 1542 1438 1603 760 1518 1438 1300 1375 756 1302 
1079 970 1071 1240 594 1 637 724 2913 844 1333 1 733 1130 1050 2958 
859 537 1033 870 671 762 656 656 925 918 1008 985 1148 1070 761 1271 
1161 26 1021 2388 2116 1 407 407 629 407 675 1 2144 1109 2803 1025 
619 900 964 885 760 653 653 757 851 833 822 852 800 1127 1127 996 
790 661 793 845 951 951 698 698 897 683 867 951 661 1081 1041 759 
826 988 699 877 988 915 914 613 877 1684 699 877 920 994 494 699 
771 788 917 873 623 788 641 641 976 641 650 685 1359 1156 1156 803 
1060 564 802 1148 734 587 800 726 983 873 587 587 1134 2206 625 1012 
678 593 993 833 733 733 593 734 791 904 593 956 797 1216 1150 605 
832 745 1129 903 1234 729 643 848 1204 856 853 724 843 695 831 833 
744 665 1153 864 951 1419 629 822 964 1004 645 753 1358 841 1068 753 
1025 991 846 812 980 1308 549 964 880 636 457 698 1201 1070 980 1027 
776 1479 863 1289 1556 277 1353 1353 1 769 1016 796 1022 1249 863 680 
418 1312 1136 372 2012 1844 1403 623 1 1121 1153 539 2246 1010 1259 1273 
1230 826 1229 840 1561 87 1096 1135 1274 1073 965 432 1551 1278 5 1161 
1149 1112 975 1046 1366 1799 676 1440 1197 1166 1487 584 2304 1046 1 804 
1525 1888 873 1209 1018 203 1718 659 1 974 974 882 2054 1014 1121 614 
666 1155 436 574 1648 1648 1594 1594 1 938 1373 2348 1652 1176 1226 1057 
1585 884 548 959 656 969 938 939 553 979 692 816 826 1052 617 947 
839 581 719 590 876 851 628 628 645 1097 831 876 1112 770 1152 701 
928 770 667 877 624 1001 828 828 949 777 828 828 628 1351 1161 1087 
877 582 609 897 617 908 629 629 817 1011 734 582 705 1058 1203 626 
724 760 703 795 704 704 679 679 1137 739 739 795 687 845 1414 882 
834 576 733 885 659 640 584 608 774 721 911 659 805 735 1186 649 
652 755 729 918 747 781 755 755 779 755 604 1133 870 1044 1041 1000 
769 911 1110 656 1309 1133 725 1115 688 687 782 1244 955 1065 1132 911 
719 739 748 748 1236 744 728 725 605 819 748 744 882 652 942 819 
508 925 1099 747 1359 825 825 893 729 932 833 1184 893 976 1254 926 
460 1014 1528 1034 661 602 795 638 659 979 745 745 900 979 1277 1118 
683 683 1131 1219 936 999 714 1056 752 848 864 999 825 880 1391 1052 
357 38 941 1008 1533 1533 1136 971 599 448 868 1691 2948 1227 910 903 
1080 23 901 1093 1889 1181 944 1630 2416 1095 564 991 1102 1111 1111 1104 
1389 49 757 1103 968 612 1013 1200 1385 1081 684 1147 934 997 1103 938 
1268 46 3137 1105 2132 907 2103 1094 2059 707 1331 1564 1036 1060 1299 1127 
797 695 641 803 833 843 843 843 1021 919 803 969 911 695 695 695 
893 653 759 580 948 929 884 787 692 744 788 869 756 991 827 788 
567 1134 649 907 472 1 849 849 1874 1 660 838 1143 1300 1 1130 
638 579 702 572 494 1 955 899 1906 452 1199 1 1941 1181 989 1329 
1152 676 1044 855 1091 1 1324 685 2628 1 1031 1926 1324 2343 1264 638 
1689 468 243 1658 1794 1 953 1571 1658 1196 1516 1516 953 776 1730 1657 
707 671 622 1771 1255 1 1582 736 1824 734 1151 665 1362 958 503 1288 
521 935 1369 1101 2531 1 2528 927 1628 1 1250 1063 1453 1055 1063 1063 
861 562 631 619 620 619 619 619 767 1025 868 868 984 1021 1394 1059 
598 660 743 747 729 630 1077 1077 1047 1077 758 685 1047 1146 883 1107 
593 528 639 725 984 1020 1007 1020 682 1020 677 645 682 923 781 1146 
812 523 581 568 633 1250 568 568 994 1175 1008 810 755 927 1023 1188 
671 788 1294 901 476 1418 901 1010 671 874 1125 892 750 1010 1798 1024 
637 944 687 950 1136 676 831 813 1221 902 568 704 1213 977 1082 950 
663 650 725 685 716 844 685 620 716 753 669 843 725 725 864 641 
845 911 752 695 916 698 704 563 673 955 679 683 759 845 697 658 
1036 612 1046 1038 736 572 572 787 890 864 790 790 828 951 1105 958 
795 946 948 952 918 732 732 1074 700 735 564 1254 2732 919 919 639 
858 713 566 1095 900 1211 741 987 1349 651 856 1388 751 868 692 1155 
1033 1129 852 951 763 1032 1032 952 1499 847 847 1109 915 1040 1037 1035 
1087 628 739 973 697 828 951 951 1136 981 1032 1380 664 1540 906 712 
1345 566 442 787 922 922 890 618 820 1362 859 788 1795 1362 3088 1287 
710 691 925 824 607 945 648 703 813 691 759 728 759 698 737 739 
849 35 870 606 993 780 576 606 908 689 803 803 665 870 1005 664 
1640 33 15 1338 2356 1047 819 942 833 1 828 691 2690 918 1 615 
296 41 12 118 3082 1747 1544 1595 2978 866 1169 1108 1172 946 1108 946 
777 59 12 2798 1704 9578 3932 3012 2587 629 1504 702 4345 686 1 746 
6 25 6 6 1302 1053 2266 2465 1149 878 1742 2195 2102 967 848 646 
464 679 770 558 933 559 679 784 821 675 633 633 1141 814 691 770 
1186 35 723 842 1163 1109 632 753 784 753 631 748 597 594 1137 600 
1004 644 698 738 759 679 502 980 1014 951 1011 966 2239 1002 990 737 
743 771 954 780 736 967 569 569 681 736 616 681 957 957 737 649 
1022 40 1009 546 710 973 892 892 797 1779 1097 712 1087 1121 1076 1038 
705 862 883 954 736 714 904 862 675 848 761 1127 1439 692 1133 648 
17 8 17 17 2085 1 1380 810 869 926 935 1 2821 876 1477 926 
881 84 638 648 555 736 944 736 1023 767 650 879 722 857 857 684 
744 53 1011 812 812 812 812 576 712 643 827 815 936 720 830 668 
7 97 1117 7 657 657 817 1138 661 1524 1145 1070 1115 1140 97 1131 
10 19 3050 10 2666 1 523 523 3982 845 1308 1 1532 4562 1 11 
724 9 729 728 964 964 667 667 561 757 758 590 729 904 872 728 
917 47 695 725 734 625 703 819 731 695 695 839 923 923 988 695 
639 37 681 780 767 647 780 780 736 702 564 799 1058 800 914 914 
966 748 1161 624 1113 603 496 624 688 748 624 624 1051 871 1036 662 
664 48 749 1062 1267 1 2280 839 2105 617 647 1486 1421 1280 609 2322 
1180 18 983 617 2312 1 1662 1199 3070 668 1097 1097 1633 601 1135 2227 
291 36 689 684 950 1 1133 1598 1427 1 867 850 1269 291 997 1460 
677 558 557 559 806 806 558 557 677 1196 559 961 631 915 1084 1008 
1204 61 2680 1140 2627 816 758 610 3280 551 1090 1 1965 1004 1028 1 
1286 1646 570 958 1808 1452 7877 1969 4611 559 3194 1 3178 1189 1193 1161 
824 1019 1131 529 1103 1526 613 613 1100 761 726 722 3908 1157 1071 824 
1055 93 608 719 790 727 648 513 839 788 1450 1 1786 608 892 1055 
789 540 616 521 1358 1804 1281 652 807 657 679 742 1459 466 687 663 
696 696 364 955 1197 2214 810 810 1056 629 733 733 2097 842 842 511 
988 859 1237 1051 1770 909 909 1183 2102 585 1171 1171 1363 1272 556 1188 
1759 659 1258 1167 1312 675 1649 1649 1758 707 905 1268 1029 1271 814 1793 
749 945 1140 426 1092 1902 882 798 1079 728 1028 1344 1873 835 1202 687 
1593 448 1105 802 882 1368 413 1103 1191 736 2228 749 1594 1593 1593 1605 
1437 612 629 441 688 1344 572 1666 1666 955 1437 1437 1550 605 507 954 
1803 756 1 577 1955 2097 1 683 1 472 537 719 612 1036 1118 1 
1635 649 1272 777 2594 437 180 1552 1259 583 580 649 3241 538 1318 1766 
1648 449 531 969 1648 1645 1 488 1648 916 1256 689 2914 1644 1668 1648 
1074 986 1 1131 2779 1658 1 1182 792 1 821 1874 1735 1095 1001 1 
426 634 1130 747 2767 1029 1 539 539 539 1662 1009 2244 1130 1141 614 
961 453 1 1241 2566 1155 1 1344 1346 1048 466 596 2799 1118 1338 663 
2453 1012 1 1820 2312 2026 7592 7592 1393 409 1581 1204 1411 1 3311 919 
1328 7765 1 3943 999 9478 1494 7463 8831 662 554 927 1225 1 1706 831 
759 559 1267 769 998 867 671 671 723 1026 738 997 724 1057 790 973 
779 623 727 894 1013 731 731 592 586 1013 823 1105 611 971 818 1122 
781 635 824 809 602 602 797 898 850 898 767 778 808 682 1177 565 
1870 1418 1 729 2974 1819 1245 1245 865 923 1436 2635 2553 1030 788 1127 
6 22 1023 882 831 1 6 901 2142 1010 1396 1596 938 1000 1 1026 
1967 70 968 1365 2583 9472 1386 854 1603 7514 1129 1343 4790 1007 1 1715 
766 27 957 1321 650 904 930 717 766 595 719 975 961 726 957 1183 
778 37 821 990 1077 736 993 993 835 773 802 926 1164 875 802 802 
730 26 835 850 968 695 660 689 734 1078 857 850 618 764 752 1011 
622 10 648 823 556 556 822 837 700 1169 920 824 702 693 680 799 
1671 1046 1546 488 2247 656 242 884 1589 1054 2003 623 1398 1670 1670 804 
307 867 653 1 1578 1483 1498 1579 1446 1423 1837 1 1949 1564 1454 646 
1562 1258 581 1 2172 1302 1535 1535 1053 1533 922 1 1692 1476 499 1015 
818 666 583 883 754 646 724 724 673 755 755 908 910 803 960 723 
845 686 1094 750 1000 1447 655 797 567 1085 1085 1226 721 775 1710 1100 
899 646 738 591 722 1119 928 928 715 1067 765 900 738 1067 644 783 
805 785 924 982 1111 660 1125 790 691 1014 879 879 691 898 800 692 
1273 1091 1950 944 670 534 1008 1008 1143 515 1401 1 1584 1357 1261 1357 
810 1016 974 1152 1765 919 1243 835 589 1709 951 1 1026 1142 974 1177 
883 904 1186 535 2097 836 907 730 730 845 954 741 849 1173 1227 1184 
686 712 657 852 756 756 1033 646 564 1233 721 981 836 1053 1195 657 
836 751 1022 801 820 1084 1084 643 1211 931 1023 1110 1967 1388 1222 950 
9 41 9 466 1835 1838 1485 1799 1870 6 1382 592 2182 612 1602 785 
6 41 7 630 1782 1222 3490 1994 1033 1202 1054 2207 1205 1199 2388 2390 
5 39 5 888 2566 4 1283 518 1115 1 1660 2433 1880 1114 2859 1112 
1112 1129 1271 1090 1580 1 1436 723 1567 1196 1501 1129 3033 1265 1138 1170 
797 691 1094 707 1044 905 707 707 656 736 650 650 736 782 706 837 
779 745 769 717 1038 810 717 717 817 595 1106 717 937 1171 1092 535 
288 438 915 842 1944 1 676 641 641 700 885 559 2405 1072 1514 788 
426 658 638 1452 1607 1 1786 1610 1027 661 1061 1428 3277 1240 1922 709 
1145 1069 737 829 1774 1 2483 1200 1791 691 944 541 1841 1026 1977 953 
1203 1203 1867 829 1604 1875 1166 1245 599 747 978 938 1966 1611 1271 680 
1706 1033 1 1488 2712 820 945 945 1 1052 1336 1066 2133 1060 987 1 
1015 8027 1 1358 1777 7580 7342 7342 1 712 1003 1340 931 951 1 951 
701 650 1133 559 1538 839 763 763 529 831 705 953 771 1047 813 780 
872 577 892 914 747 940 590 1788 1 1151 1102 1127 729 1098 1 1 
1604 801 1390 446 721 372 1375 919 364 1030 1433 923 946 847 1652 1 
1627 1048 885 905 1474 1451 1676 1200 1 653 1638 825 2579 784 1240 1 
994 727 592 711 994 1036 554 487 1654 905 885 679 1032 994 994 994 
941 951 389 1256 906 1157 764 643 1700 620 949 2041 1238 949 824 1018 
1125 1204 497 1183 657 696 497 497 1965 815 1047 1146 2813 1047 1012 1047 
2062 826 585 2236 2240 2174 981 609 542 700 848 2240 2240 1527 1462 2179 
646 1185 993 847 721 720 722 1101 1163 1067 746 761 699 955 889 840 
809 1432 827 1122 1011 1379 1135 1111 950 724 819 1020 830 943 1459 910 
503 1082 688 657 1671 1423 1549 632 526 1382 1012 896 1109 1112 1078 1 
1488 447 550 1348 2285 1819 1429 1340 1 1340 1482 1 1348 1 3158 1 
533 1335 618 1343 2655 2714 1438 761 1 629 618 1 2762 1 1740 1 
1697 1355 1453 1336 1968 1836 1853 1269 1 906 1659 1 2856 1 952 1284 
903 1010 1707 954 786 941 941 1013 749 850 1396 978 755 876 876 1 
2309 539 656 1033 1766 1386 1537 1441 1 810 1158 1 1972 985 1281 1 
747 509 918 918 784 980 933 806 576 912 900 900 647 792 1129 783 
611 597 1013 785 825 754 849 853 854 612 1014 1226 926 1014 463 597 
1000 545 703 832 1024 895 637 637 776 1275 637 943 790 951 1024 1024 
1007 609 771 778 912 797 609 813 600 996 757 757 600 867 1033 731 
454 656 598 872 1219 786 656 1042 534 857 857 856 845 554 1603 1283 
889 609 596 997 2902 3200 775 775 1 595 720 2241 2579 777 931 1 
872 35 828 826 1047 951 951 596 849 905 824 1550 833 1128 876 699 
962 40 739 1580 1245 1245 333 550 2084 1072 893 1368 1559 1227 1289 1 
633 45 1475 749 688 1477 1693 1324 1823 621 1116 1311 2054 1263 1293 1459 
678 41 633 790 884 1004 788 764 1098 1047 788 837 2163 1155 1155 756 
831 31 775 775 748 778 871 648 932 896 736 754 773 774 774 774 
680 35 732 692 1013 755 781 781 1079 706 675 755 1482 1108 685 752 
7 426 1348 7 1204 1105 3256 1644 1453 638 1105 1456 1629 1118 1086 1133 
1671 28 621 943 1306 2491 1418 1383 1789 884 1692 1782 2641 1306 1494 1671 
1234 1234 1234 1234 1352 1228 1725 2818 1218 4190 756 1042 1234 1234 1234 1234 
657 762 834 886 766 766 699 751 731 742 1049 836 714 799 776 886 
669 857 792 750 783 825 692 692 670 850 669 762 968 712 687 687 
698 664 687 610 610 610 748 748 682 902 899 944 1027 698 926 894 
1046 769 899 686 1077 899 809 757 1101 1187 899 899 1167 883 1594 695 
645 824 795 899 2018 1025 1048 1552 973 572 764 1 1911 975 975 1767 
620 2505 1040 1057 4069 1 1063 1063 2769 7211 1063 1 9221 1022 1030 1003 
3517 115 1083 1057 4571 1 7383 1084 8786 1 1032 1 4237 1045 1115 1083 
562 54 1548 765 1126 924 1 721 963 963 1666 1 1228 1114 1510 922 
444 675 868 572 1392 1 1273 842 1629 1311 1533 1 1378 1277 1 799 
1422 941 898 1176 1515 1869 2419 1176 1248 604 941 900 598 1284 1265 1820 
1006 7839 476 850 589 751 750 750 589 877 1035 1283 2498 1318 1318 1226 
890 1914 1283 753 1331 1493 429 682 809 809 779 874 1249 957 1138 648 
885 672 927 1106 1006 1368 850 1072 772 1267 747 726 729 934 1167 532 
723 814 1208 1084 973 1468 647 936 1322 878 878 654 1014 1 2241 1158 
738 721 822 909 960 721 891 770 861 890 591 799 643 1319 975 660 
870 738 714 646 594 1032 1032 805 607 836 835 1032 1219 1120 1120 678 
793 696 958 782 673 673 782 687 554 793 793 688 1037 892 1335 704 
598 530 677 691 850 740 740 699 1016 1229 740 652 592 1095 651 816 
668 622 806 818 1027 1027 696 696 457 546 924 1006 800 1057 1077 1077 
933 590 639 871 925 639 715 715 822 685 635 695 822 730 775 946 
1005 520 1 384 3035 4673 876 876 2098 898 725 188 1527 930 1662 1487 
664 627 1022 792 1242 686 686 647 1022 1454 723 792 563 937 665 700 
1315 744 4 6 1428 1261 1998 4 1175 798 1782 969 2792 2376 1318 1387 
143 150 5 7 1309 1864 3807 5 2657 865 1393 2224 1869 1355 13 1319 
1048 804 1021 839 1739 844 900 618 971 597 695 904 1033 1187 1359 1187 
1999 140 6 10 2682 10372 4887 1936 779 7946 1664 2900 2488 4191 6 1160 
2928 117 4 3 2648 3807 3973 462 837 1739 1881 2749 4088 5256 4 3 
840 790 822 584 532 630 783 617 687 762 813 805 690 761 761 785 
263 22 1464 1374 950 1219 1219 1525 1313 1170 1408 1219 1713 1429 1231 1231 
1286 26 499 1300 1382 1 1451 1452 1453 623 1299 562 1103 476 1300 1302 
1083 894 1238 1083 2736 2445 1208 676 1 681 2459 504 2730 1083 1081 1114 
2724 539 1298 2735 672 1450 1419 1962 1 569 1717 576 2631 1016 1111 916 
1062 1246 761 1032 2845 1918 1415 1475 1 1 1132 1303 2698 1022 1039 1022 
805 668 828 955 829 828 790 651 1395 817 1040 1163 1118 1138 1359 626 
810 662 1175 880 623 1176 662 662 667 2046 1156 855 924 888 814 663 
1021 543 675 968 828 693 825 825 752 997 997 1021 1218 1271 1297 1253 
3064 1244 567 1386 9 25 3590 25 147 1300 129 1273 10494 1132 1 12225 
452 708 790 4491 1016 62 2821 14 109 709 1332 714 5128 1183 3434 1855 
1951 4257 1 4022 2 59 3292 18 18 1009 2265 1673 1735 1022 1380 792 
618 803 718 880 773 971 686 785 1043 785 649 670 895 608 1052 574 
618 633 571 690 839 632 804 790 796 848 722 1038 1259 1073 644 643 
680 1063 784 705 1063 939 853 841 1057 1063 942 847 800 1023 952 638 
742 664 865 994 1399 1510 661 661 1572 727 801 660 1061 1058 842 696 
1089 784 1103 774 844 797 832 804 614 878 730 770 1358 1115 770 1 
895 1043 716 734 808 1035 792 595 583 811 901 901 1441 1074 1074 1 
1098 742 880 764 756 632 701 701 1182 703 971 850 869 1544 716 701 
732 627 846 845 756 848 607 657 882 657 607 860 1187 1134 959 859 
777 691 851 733 973 733 658 672 919 645 797 981 1542 593 593 1649 
884 656 633 799 842 633 633 705 936 633 633 799 922 1179 883 690 
1006 580 875 876 678 625 831 831 842 644 875 931 627 898 1067 784 
1858 2172 1 769 2755 10232 1 1228 1 680 655 2696 2970 829 1 1 
779 529 647 986 710 1018 850 652 1042 659 529 779 696 692 690 1042 
734 685 650 713 963 765 761 672 678 685 666 684 720 814 908 674 
593 1882 760 1700 10299 976 1 986 1 936 1297 2298 1190 595 3191 1 
609 926 889 874 1264 1578 1578 1578 1429 573 1393 473 1068 1255 741 1520 
817 636 964 895 905 1206 860 829 674 539 747 858 841 975 1081 636 
748 938 964 1173 860 766 832 708 1062 917 777 779 804 1073 1023 781 
1120 892 1216 481 1089 738 785 785 1180 1050 553 884 696 976 898 1213 
978 810 927 703 651 1339 601 703 634 1060 812 703 1064 968 968 657 
946 912 988 713 829 990 711 711 864 796 713 829 721 946 965 1080 
767 732 946 633 712 1026 673 738 817 936 671 563 732 1055 955 921 
629 625 736 661 2065 1921 607 1908 2920 970 756 697 1243 1332 1298 749 
1364 8159 1173 1089 1013 9385 648 648 2376 8072 1113 7628 9775 1064 1150 1154 
772 772 932 586 1294 657 586 617 769 677 1517 671 9082 731 953 1 
695 960 1007 681 811 573 762 709 762 681 709 776 900 1007 1007 619 
2148 1108 685 1024 2488 8674 7737 7775 1380 1678 1678 1 9769 1013 685 1013 
1226 1481 1260 1199 1682 1448 1221 1221 1406 1305 1448 1 1463 1105 1112 1181 
851 1447 736 758 760 1596 696 696 859 1482 697 1443 850 1106 815 1327 
2093 498 887 1501 2729 1480 899 868 885 940 2536 2566 1317 1837 1 1159 
2920 7620 1066 1175 921 181 181 2167 1704 734 1553 858 1447 760 1 1202 
810 823 1202 1301 1834 1241 733 1131 794 708 807 814 655 890 890 890 
704 874 922 928 841 7919 7919 7919 891 601 1606 840 1451 835 835 835 
694 772 835 728 572 598 598 808 1055 1015 598 688 590 1114 1120 1409 
812 812 811 850 860 849 875 431 739 806 849 812 531 810 811 811 
610 896 952 977 838 944 977 977 564 567 1026 894 568 894 801 383 
1067 602 728 1021 765 677 834 953 955 893 811 566 938 606 657 566 
565 520 811 828 974 1206 713 514 450 1012 713 984 1322 1013 1013 570 
515 584 500 997 997 997 515 495 515 869 944 688 515 944 657 466 
1045 794 734 1339 668 1061 592 592 592 592 695 1083 592 592 654 679 
830 735 748 936 861 878 735 735 550 1060 757 1112 890 1014 1199 1265 
1104 291 1336 1101 1104 1141 1721 1140 1 722 2446 1104 1016 1104 1104 1104 
917 889 1070 463 2804 75 146 2696 926 822 663 844 2198 1117 1382 916 
1254 3232 1332 1235 1736 10342 7802 7663 1 7802 1831 7614 1628 1240 1254 1254 
695 629 903 1158 818 1037 1031 902 616 624 1026 710 1386 1081 1 928 
772 835 744 955 594 594 903 903 735 754 1068 928 775 1163 1163 1580 
996 460 1203 816 814 794 541 577 888 1316 851 851 1123 944 1032 685 
1027 580 725 693 868 809 809 693 1240 998 809 1039 1038 1018 1018 1018 
859 722 503 1038 911 917 835 670 650 892 533 1024 919 1301 1168 902 
784 702 511 905 834 702 716 818 860 938 813 946 1127 948 980 841 
1147 839 653 1120 1475 1297 986 1032 874 1449 723 677 944 989 1120 647 
808 1248 1168 778 697 735 779 779 1237 987 800 774 896 1168 810 1043 
788 1035 880 702 675 946 625 702 680 794 705 629 1253 761 762 794 
806 919 1044 702 1153 696 758 588 1063 664 569 569 1020 1020 1066 1066 
753 916 853 685 622 781 800 800 718 617 1142 710 943 1078 927 853 
613 813 733 783 1116 840 692 704 567 622 703 696 936 994 994 784 
695 713 814 676 493 877 662 840 641 659 621 697 1034 651 651 965 
1373 35 1275 517 717 1 1482 768 977 1 724 1 2438 1007 807 582 
1776 556 636 1082 1161 1214 619 619 597 650 688 1172 1082 1050 1082 1 
964 2242 1046 1819 1093 1159 1 665 1811 1043 2067 964 1396 1046 1046 1414 
1083 1095 2123 697 2200 543 1 1791 459 491 2153 470 1083 922 1083 1 
1699 1237 915 877 829 2408 1 539 555 514 707 795 2626 923 1519 1076 
820 592 793 824 595 597 597 863 770 589 781 745 592 592 592 1068 
697 858 806 697 713 713 806 806 1005 861 713 713 1225 757 1128 1208 
861 823 732 625 726 726 624 690 619 687 773 726 1005 1108 1043 614 
771 579 757 869 869 869 869 869 614 701 869 869 921 1086 1354 976 
987 948 914 744 2762 1027 984 920 1 1458 468 1100 1084 1027 1027 999 
763 677 743 900 818 811 634 634 717 799 667 900 683 1100 785 1185 
949 949 1055 953 2865 980 813 813 1 1062 1078 1 1883 1023 949 949 
1087 1231 1210 1389 952 1274 1078 1287 945 1031 883 1045 1389 1389 1389 1038 
1112 797 880 1251 1235 1107 988 988 1041 1100 1928 699 1214 797 797 1535 
1340 1429 1464 1017 1037 1262 908 1002 1163 1161 1137 715 1465 958 1429 1340 
845 391 634 1070 1804 1521 934 1074 1073 981 1388 400 1069 1692 779 705 
1293 1257 233 1113 1812 1717 1293 1293 1011 1113 958 1405 1093 1405 414 1249 
