4 2 3 3 4 2 2 3 2 2 2 2 3 2 4 
2 3 2 2 2 2 2 3 2 3 3 2 2 2 2 
2 2 2 2 2 2 2 2 2 2 2 2 2 2 2 
3 2 3 3 2 3 4 3 2 3 2 2 3 3 3 
3 2 3 2 2 2 3 3 2 2 2 2 2 2 3 
2 4 2 2 4 2 17 7 2 2 2 2 2 2 17 
2 2 3 2 2 4 2 4 2 2 2 2 2 19 3 
2 2 2 2 2 2 2 3 2 2 2 5 3 5 2 
2 2 2 2 3 2 2 2 2 4 2 4 2 2 29 
3 2 2 6 6 2 6 2 2 2 3 2 2 8 3 
3 5 2 3 4 28 2 2 2 3 3 3 2 3 2 
2 4 4 3 4 2 2 2 2 4 4 2 2 2 2 
50319 2 2 4 4 4 2 2 2 2 2 2 5 7 2 
2 3 2 2 2 2 2 2 2 2 2 2 4 4 4 
2 3 2 3 2 3 3 2 2 2 2 2 2 2 2 
50340 3 4 3 5 2 2 2 4 2 3 4 4 4 3 
50343 2 5 2 5 7 2 3 50343 2 8 2 2 2 3 
50338 2 50338 2 4 3 2 50338 50338 2 2 3 3 3 2 
2 2 29 2 2 2 2 3 3 2 3 2 3 2 2 
2 2 28 3 2 3 29 2 2 2 2 2 4 2 2 
5 2 15 3 2 2 2 2 2 2 4 2 2 2 3 
2 2 23 2 2 2 43 3 2 2 2 2 5 3 2 
3 2 2 2 2 3 3 3 3 2 2 3 2 2 2 
2 6 2 3 3 3 3 2 3 3 3 2 2 2 2 
2 2 2 2 2 2 2 2 2 2 2 2 2 2 2 
3 2 4 2 3 3 2 3 4 4 2 4 4 4 2 
2 2 2 2 2 2 2 2 2 2 2 2 2 2 2 
2 2 29 3 2 2 2 2 2 2 2 2 2 2 2 
2 2 2 2 3 2 4 2 2 2 2 2 2 2 2 
2 6 2 6 3 5 13 4 2 2 7 2 2 2 2 
50323 2 2 2 50323 2 2 2 2 50323 3 2 2 3 50323 
2 2 2 3 3 3 3 3 2 3 2 3 3 3 3 
4 2 3 3 5 2 2 3 2 2 2 2 2 2 3 
2 3 2 2 3 2 2 2 2 3 3 2 2 2 2 
2 2 2 2 2 2 2 2 2 2 2 2 2 2 2 
3 2 3 3 2 3 3 3 3 3 2 3 2 2 3 
3 2 3 2 2 2 4 3 2 2 2 2 2 2 3 
50333 2 50333 2 2 2 2 2 2 2 2 2 2 2 2 
2 3 4 3 3 3 2 17 3 6 3 2 4 4 2 
2 2 2 3 3 3 3 3 2 2 4 2 4 2 2 
3 2 2 2 2 2 2 2 3 3 3 3 3 3 3 
2 2 4 2 2 2 2 10 2 2 2 2 2 2 4 
50344 2 50344 2 2 2 3 2 2 50344 7 10 6 3 2 
