0.23546,-0.2164,0.0069234,-0.39705,-0.0069359,0.41629,-0.17519,0.005301,-0.20907,0.35325,-0.13783,-0.48419,0.091347,0.11679,0.47574,-0.34074
0.19305,-0.33612,-0.14413,0.18948,0.0097428,0.38019,-0.27401,-0.067316,-0.15491,0.3254,-0.10213,-0.4098,0.047355,0.0084374,-0.46292,-0.42829
0.20392,-0.14176,-0.25233,-0.15948,0.017046,0.40744,-0.19151,0.026117,-0.16816,0.27476,-0.049619,0.41734,0.05784,0.069013,0.39677,-0.17326
0.26538,-0.099664,-0.0075282,-0.058082,-0.014155,0.45358,-0.13157,0.052163,-0.03025,0.35976,0.0023731,0.10248,0.078318,0.21267,-0.29928,-0.19872
0.32832,-0.30289,-0.25006,-0.33526,-0.067341,0.36588,-0.18861,-0.038604,-0.19797,0.30507,-0.2453,0.25109,-0.020549,-0.066089,0.49137,-0.37839
0.4079,-0.13801,-0.3483,-0.27498,-0.047697,0.33031,-0.066657,0.059575,-0.068362,0.28326,-0.21892,-0.35309,-0.041436,-0.049181,-0.47409,-0.35874
0.029108,-0.074723,0.35274,-0.15765,-0.15222,0.088853,0.025683,0.03118,-0.45807,-0.1184,-0.1404,-0.42413,-0.078527,-0.18732,-0.38021,-0.41437
0.055675,0.06624,0.29679,-0.21395,-0.1668,0.041591,-0.00030863,0.080141,-0.46756,-0.20588,-0.18468,-0.31672,-0.11681,-0.12717,-0.42503,-0.42042
0.10867,-0.0025191,0.36758,-0.17614,-0.18409,0.073613,-0.033132,0.038246,-0.4432,-0.24089,-0.15307,-0.26706,-0.095522,-0.16178,-0.3461,-0.45987
0.064037,-0.19941,0.42587,-0.26964,-0.13271,0.149,-0.076525,0.082318,-0.39338,-0.12072,-0.080274,-0.16093,-0.20903,-0.13337,-0.35815,-0.47273
0.06488,-0.12909,0.40971,-0.33683,-0.11873,0.069468,-0.054891,0.0035493,-0.46286,-0.065918,-0.10605,-0.1108,-0.13504,-0.12762,-0.36491,-0.43215
0.024591,-0.23535,-0.49911,-0.12452,-0.16929,0.041987,-0.12765,0.039109,-0.44897,-0.076529,-0.11559,-0.192,-0.13365,-0.15663,-0.3202,-0.3592
-0.15661,-0.028023,0.25775,-0.099122,-0.027481,-0.049774,-0.15555,0.060613,-0.37482,-0.016149,-0.10591,-0.1061,-0.019069,0.0082163,-0.32759,-0.39768
-0.20899,0.44441,0.051146,-0.15853,-0.15732,-0.19406,0.022539,0.11055,-0.24562,-0.30828,-0.15561,-0.49514,-0.0041249,-0.21196,-0.21276,-0.26804
-0.13086,-0.39582,-0.18178,-0.27403,-0.15453,-0.18856,0.12053,0.13361,-0.223,-0.36398,-0.21118,0.37967,-0.017801,-0.24437,-0.19937,-0.26463
-0.0060059,0.33513,-0.096711,-0.24735,-0.19333,-0.17385,-0.0030947,0.1876,-0.21135,-0.3619,-0.24035,0.3435,-0.019798,-0.21138,-0.064651,-0.21272
0.076629,0.21383,0.12048,-0.13984,-0.14253,-0.050845,0.016562,0.25554,-0.35485,-0.32571,-0.29663,-0.44859,-0.076696,-0.25286,-0.33753,-0.29689
0.036844,-0.071591,0.098613,-0.085871,-0.1225,-0.068746,0.005422,0.15756,-0.37721,-0.24218,-0.23448,-0.30585,-0.040089,-0.18782,-0.13642,-0.36478
0.0040122,-0.10064,0.38196,-0.26125,-0.12929,0.12249,-0.03659,-0.014627,-0.39853,-0.14536,-0.058198,-0.32163,-0.17445,-0.21252,-0.30477,-0.30229
0.052247,-0.12334,0.4134,-0.10103,-0.13156,0.056505,-0.11389,-0.054032,-0.43052,-0.093429,-0.10767,-0.34193,-0.16583,-0.22771,-0.31207,-0.32253
0.012737,-0.14144,0.42919,-0.10076,-0.060446,0.13064,-0.12196,-0.002394,-0.47277,-0.074727,-0.065164,-0.17286,-0.23534,-0.14498,-0.39994,-0.35496
-0.0169,-0.2429,-0.48978,-0.051388,-0.099927,0.10168,-0.18207,0.031819,-0.41606,-0.12344,0.076032,-0.19664,-0.19068,-0.12981,-0.35,-0.38277
-0.00057139,-0.21818,-0.48988,-0.13366,-0.095097,0.11399,-0.21139,-0.0044168,0.49345,-0.15113,0.017884,-0.22056,-0.11043,-0.1113,-0.36186,-0.30541
0.091944,-0.13437,0.44468,-0.062865,-0.11226,0.07758,-0.19243,-0.066181,0.46721,-0.18394,-0.067487,-0.11977,-0.16021,-0.18404,-0.41054,-0.34633
-0.19826,0.0074448,0.49228,-0.26507,-0.097983,0.25527,-0.2325,0.11539,-0.37261,0.015473,-0.034609,-0.013851,-0.013242,-0.058269,-0.32134,-0.35475
-0.17177,0.077634,-0.4889,-0.18088,-0.099997,0.21759,-0.21834,0.028373,-0.38092,0.051379,-0.089375,-0.0015849,-0.030738,-0.047405,-0.35594,-0.35163
-0.15936,0.058574,0.39769,-0.33664,-0.091005,0.23916,-0.15372,0.073476,-0.35742,0.078005,-0.12838,-0.02751,-0.024161,-0.12164,-0.48142,-0.30156
-0.17331,0.097111,0.45303,-0.25443,-0.14223,0.18316,-0.19677,0.033495,-0.359,0.014998,-0.11223,-0.049265,-0.012867,-0.082422,-0.4283,-0.2985
-0.10043,0.04225,0.4519,-0.12608,-0.076641,0.22764,-0.20216,0.061564,-0.39648,0.0017309,-0.19781,-0.020095,-0.035743,-0.044856,-0.40475,-0.31534
-0.13803,-0.054674,0.42819,-0.17852,-0.097624,0.20504,-0.16023,0.1501,-0.32725,0.040402,-0.20722,-0.0089003,0.032106,-0.048748,-0.44113,-0.33154
-0.14878,-0.21533,0.45396,-0.36231,0.033962,0.16057,0.0014931,0.058111,-0.47464,-0.082664,-0.23405,0.036077,0.086985,-0.27269,-0.1827,-0.28394
-0.15003,0.057669,0.47333,-0.41509,0.037829,0.079569,-0.044777,-0.010368,-0.42236,-0.124,-0.22884,0.051671,-0.018239,-0.19388,-0.28929,-0.2544
-0.17015,-0.018059,-0.47534,-0.39877,-0.04358,0.093012,-0.090134,-0.027068,-0.46746,-0.15323,-0.21347,-0.006619,0.039643,-0.12208,-0.25262,-0.24989
-0.077171,0.049044,0.29029,0.46797,-0.00066315,0.086413,0.10036,0.09951,-0.3604,-0.14166,-0.28624,-0.13054,0.067603,-0.18289,-0.40707,-0.34899
-0.025054,-0.14505,-0.42111,-0.36297,-0.14491,-0.081258,0.031568,0.058816,-0.49068,-0.26216,-0.32028,-0.25833,0.067182,-0.34975,0.060376,-0.19808
-0.088716,0.25028,0.26339,-0.44747,-0.065931,-0.0038287,0.055946,0.17075,-0.42871,-0.22164,-0.30178,-0.23314,-0.016416,-0.26704,-0.26982,-0.25423
0.10937,-0.00091756,-0.41774,-0.11594,-0.09013,0.47868,0.0032865,0.0082455,-0.13966,0.11025,0.0025483,0.22982,-0.0086418,0.036119,-0.23222,-0.23505
0.30026,-0.2621,-0.30627,0.34469,-0.074026,0.41533,-0.18231,-0.058953,-0.24623,0.20561,-0.098383,0.24248,0.14188,0.028248,-0.24478,-0.39465
0.29768,-0.21276,-0.24134,0.26959,0.047121,0.37792,-0.24001,-0.048422,-0.28886,0.25936,-0.066794,0.28216,0.18988,0.0053135,0.49132,-0.39644
0.24066,-0.22431,-0.30169,0.14888,0.031472,0.40169,-0.21694,-0.052751,-0.28896,0.23795,-0.0029445,0.38659,0.015307,0.093812,0.45358,-0.30202
0.24507,-0.26752,-0.21121,0.24515,-0.033591,0.3897,-0.20867,-0.064788,-0.31706,0.22351,0.053227,0.45212,0.076958,0.064108,0.44496,-0.30121
0.24852,-0.16277,-0.2585,0.21214,-0.025904,0.43021,-0.23135,-0.04079,-0.34615,0.20557,-0.010118,0.47734,-0.0055888,0.023118,-0.47361,-0.45984
0.023118,-0.013292,0.33696,-0.13985,-0.048618,-0.038859,-0.047054,0.085679,-0.47178,-0.13449,-0.3489,-0.39571,0.033729,-0.012312,-0.23938,-0.36367
0.094234,-0.27679,0.42318,-0.075653,-0.062344,-0.020578,-0.016078,0.074481,-0.46328,-0.20464,-0.32629,-0.35904,0.099889,-0.07368,-0.32879,-0.31358
-0.043422,-0.084474,0.40943,-0.047204,-0.097416,-0.0069109,-0.066369,0.17442,-0.45139,-0.18505,-0.31989,-0.32683,0.061581,-0.068358,-0.34514,-0.36328
0.12519,-0.1386,0.41281,-0.027364,-0.093825,-0.049511,-0.048768,0.1197,-0.49212,-0.17845,-0.3973,-0.29467,0.056201,-0.083986,-0.2955,-0.33645
0.091694,-0.10883,0.3654,-0.084937,-0.045999,-0.057927,-0.12252,0.13508,-0.46126,-0.26633,-0.38374,-0.33343,0.070252,-0.058036,-0.27897,-0.3414
0.086968,-0.22831,0.46679,0.0069318,-0.024169,-0.047755,-0.11686,0.18126,-0.47092,-0.2125,-0.28713,-0.36715,0.0046045,-0.00022522,-0.34336,-0.36054
-0.49911,-0.056689,-0.44222,-0.014723,0.046283,0.23352,-0.14062,0.064133,-0.28889,0.26654,0.046637,0.37688,0.066894,-0.12428,0.44247,-0.43746
0.36039,0.010135,0.47772,0.061643,0.074602,0.26593,-0.18865,0.10245,-0.28519,0.22115,-0.034542,0.43608,0.037462,-0.031385,0.49373,-0.38217
0.40213,-0.47981,-0.44204,0.16249,0.072675,0.21248,-0.015453,0.14457,-0.19535,0.27458,-0.1918,0.42685,0.1804,0.017609,0.47086,-0.39586
-0.47172,0.20453,-0.38171,-0.026084,0.1172,0.14016,-0.22134,-0.054136,-0.24428,0.15833,-0.2806,0.40028,0.20457,0.076604,0.3775,-0.48556
0.38724,-0.20326,-0.48421,0.056209,0.099772,0.18871,-0.082643,0.021725,-0.2182,0.22164,-0.21127,0.46849,0.15187,-0.026847,-0.46383,-0.30523
0.37405,-0.02369,0.49389,0.078635,0.076792,0.25442,0.075461,0.032211,-0.25914,0.31566,-0.17663,0.4652,0.092332,-0.037924,-0.48729,-0.4979
0.07519,-0.038354,0.36822,-0.17407,-0.086885,0.023006,-0.080929,0.06176,-0.48107,-0.16211,-0.13913,-0.27141,0.06131,-0.12209,-0.28234,-0.43708
0.050407,-0.064684,0.35664,-0.1665,-0.088887,0.06126,-0.025404,0.087031,-0.49403,-0.15423,-0.099722,-0.19124,0.08178,-0.14495,-0.34151,-0.48039
0.13592,-0.029833,0.31223,-0.23513,-0.11168,0.092186,0.001222,0.086167,-0.481,-0.18421,-0.11377,-0.24362,0.065022,-0.15313,-0.23188,-0.49546
0.077905,-0.034196,0.24648,-0.13919,-0.08198,0.046262,-0.013555,0.0387,0.46025,-0.23067,-0.059654,-0.19491,0.028949,-0.16834,-0.27241,-0.46221
0.07979,0.1127,0.31647,-0.27689,-0.10125,0.078885,-0.028006,0.07665,-0.45195,-0.24632,-0.063253,-0.27949,0.033608,-0.2218,-0.40076,-0.38122
0.10201,-0.2587,0.34897,-0.16124,-0.11659,0.15312,-0.085521,0.018664,0.47241,-0.19189,-0.067662,-0.18865,0.053627,-0.1032,-0.1918,-0.36898
0.48682,0.41797,-0.30795,0.0078743,-0.069952,0.17125,-0.11675,-0.068217,-0.33969,0.27041,-0.22082,0.35922,0.11531,-0.16838,0.3837,-0.40722
-0.47903,-0.29345,-0.28489,0.09659,0.11067,0.29127,0.15226,0.025245,-0.42814,0.23016,-0.075874,-0.44009,0.24154,-0.016791,-0.32127,-0.25533
-0.46629,0.19969,-0.39692,-0.080633,-0.049152,0.11494,-0.30106,-0.22398,0.39434,0.12304,-0.22901,0.20547,0.11038,-0.078009,-0.43506,-0.38306
0.48454,0.044156,-0.39432,-0.25188,0.0068442,0.14741,-0.071182,-0.10874,0.48186,0.23561,-0.17242,-0.44611,0.17371,-0.0015849,-0.41657,-0.35191
0.40966,-0.23996,-0.29707,-0.13772,-0.020045,0.1612,-0.048022,-0.020412,-0.35986,0.35715,-0.13487,0.45774,0.13974,0.089771,-0.40404,-0.33465
0.37928,0.25936,-0.39023,-0.27667,-0.057206,0.17481,0.073042,-0.035468,-0.3725,0.32578,-0.12958,0.42836,-0.013009,-0.055133,-0.36554,-0.28464
0.20344,-0.34471,-0.2627,0.2109,-0.017525,-0.43652,-0.15031,-0.064809,-0.38151,-0.36054,0.058545,-0.45377,0.039714,0.20824,0.40181,-0.46472
0.23514,-0.39041,-0.34324,0.21053,-0.0018393,0.48696,-0.24346,-0.096844,-0.40505,-0.39908,-0.059187,-0.42865,0.064238,0.18772,-0.1929,-0.4414
0.24107,-0.19363,-0.32911,0.21745,-0.055621,0.46729,-0.15868,-0.12287,-0.36002,0.41853,-0.041211,0.40092,0.17345,0.15528,-0.37844,-0.36489
0.28833,0.02887,-0.47989,0.12966,-0.090392,0.43982,0.0098179,-0.043563,-0.27504,0.38053,-0.015807,0.15552,0.0426,-0.098604,-0.38789,-0.28029
0.41291,0.1285,0.44625,0.10357,-0.14423,0.41512,-0.12951,-0.040598,-0.28232,0.24881,-0.068529,0.16529,0.048485,-0.057723,-0.28185,-0.25079
0.48755,0.17041,0.42653,0.088895,-0.19182,0.36838,-0.10898,-0.077993,-0.31544,0.16434,0.0033783,0.13501,0.26202,-0.10278,-0.40516,-0.23278
0.11258,-0.17312,0.39841,-0.058628,-0.16653,0.020574,-0.074923,-0.039655,0.43897,0.013355,-0.35831,-0.12678,-0.082789,-0.20469,-0.3902,-0.45609
0.088236,-0.41745,0.44856,-0.0040414,-0.19513,0.025679,-0.066932,0.024478,0.4523,0.029333,-0.32898,-0.075761,-0.07788,-0.15295,-0.3689,-0.40986
0.098955,-0.16598,0.41898,-0.17303,-0.18676,0.04408,-0.095422,0.071486,0.4151,0.046604,-0.28864,-0.022572,-0.173,-0.1724,-0.44835,-0.49949
0.10545,-0.37689,0.47857,-0.053998,-0.2098,-0.0046837,-0.10029,0.046871,0.39418,0.014535,-0.27599,-0.10009,-0.10274,-0.16738,-0.39334,-0.3896
0.059583,0.025295,-0.46845,-0.21226,-0.24047,-0.030221,-0.090392,0.05809,0.46607,0.019715,-0.345,-0.091789,-0.1553,-0.13192,-0.44372,-0.39715
0.047751,-0.31416,-0.44979,-0.033153,-0.14371,-0.0038329,-0.1157,-0.0075907,0.49107,0.010147,-0.27991,-0.095401,-0.076141,-0.1245,-0.43061,-0.41388
-0.007866,-0.47903,-0.32376,-0.091514,-0.092703,0.040031,-0.307,-0.10781,0.49651,-0.10934,-0.25635,0.058136,-0.22519,0.053573,-0.37904,-0.31635
0.037545,-0.31053,-0.36024,-0.10999,-0.057652,0.037382,-0.34146,-0.12853,-0.45882,-0.18829,-0.21994,-0.031977,-0.19931,0.0061351,-0.44767,-0.34516
0.041524,-0.40824,-0.44481,0.0068108,-0.064354,0.0014264,-0.33359,-0.10112,0.47608,-0.26056,-0.25975,-0.1195,-0.21842,-0.058282,-0.24293,-0.31472
-0.0090755,-0.33118,-0.35626,-0.12041,-0.051921,-0.060492,-0.357,-0.097766,0.47206,-0.21013,-0.17902,-0.072425,-0.25054,-0.020587,-0.27458,-0.30342
0.061335,-0.33815,-0.40265,-0.068559,-0.0097345,-0.059846,-0.33481,-0.11349,-0.43678,-0.22942,-0.20279,-0.079311,-0.25746,-0.0059808,-0.35281,-0.32814
0.12135,-0.3036,-0.47359,-0.17579,-0.036832,-0.027131,-0.30927,-0.11756,-0.39227,-0.30714,-0.22337,-0.041282,-0.25537,-0.044151,-0.40747,-0.35592
0.37943,-0.019798,-0.096957,0.41181,0.075903,0.46936,-0.36664,0.45546,-0.43884,0.23136,-0.20316,0.35606,-0.068646,-0.18211,-0.35554,-0.37535
0.38812,-0.041762,0.20568,0.32709,0.13589,0.43126,-0.081538,0.27893,0.49377,0.31886,-0.22403,0.14558,0.016587,-0.15327,-0.39564,-0.47288
-0.31753,-0.034734,0.21086,0.38497,0.39557,-0.089266,-0.32959,-0.07114,-0.19763,0.36504,-0.055613,0.41008,0.10903,-0.055621,-0.22435,-0.19577
0.22264,-0.080987,0.29052,-0.08349,0.22382,0.48084,-0.086764,0.021046,-0.41657,0.18126,-0.22703,0.16127,-0.14832,-0.2492,0.38173,-0.42049
0.42396,0.00596,-0.28755,-0.039509,0.06385,0.49716,0.11842,-0.20548,-0.32058,0.12705,-0.29597,0.29657,-0.039651,-0.20754,0.39066,-0.45295
0.40932,0.025658,-0.37391,0.045824,0.043017,-0.34359,0.038079,-0.31448,-0.47666,0.32898,-0.18206,0.3388,-0.055154,-0.10289,0.34239,-0.38674
-0.20848,-0.27274,0.3811,-0.28227,-0.23912,0.054286,-0.26174,0.11681,-0.26428,-0.093316,-0.17258,0.0037787,-0.052722,0.1609,-0.2346,-0.46966
-0.10758,-0.23417,0.40558,-0.18214,-0.27275,0.0029237,-0.15614,0.24785,-0.25104,-0.14178,-0.21251,-0.10824,-0.0386,0.11487,-0.25068,-0.45104
-0.13825,-0.3049,0.36411,-0.27695,-0.22369,0.024253,-0.2181,0.18803,-0.24576,-0.21157,-0.16368,-0.10957,-0.016466,0.11429,-0.23714,-0.49442
-0.11903,-0.2855,0.34852,-0.17647,-0.27119,-2.0854e-05,-0.1668,0.13792,-0.25101,-0.23045,-0.16922,-0.1416,-0.03229,0.051321,-0.2862,-0.48486
-0.20424,-0.27836,0.46847,-0.29176,-0.35271,-0.0063437,-0.11227,0.107,-0.11917,-0.15992,-0.11242,-0.16097,-0.027694,0.019361,-0.25246,-0.41638
-0.11121,-0.28923,0.36661,-0.2456,-0.33027,0.040043,-0.091677,0.18243,-0.19351,-0.20001,-0.13745,-0.18321,-0.00012929,0.028795,-0.25987,-0.47576
0.051617,-0.31796,0.1722,-0.29394,-0.11604,0.093466,-0.10201,-0.027719,-0.43269,-0.42295,-0.18005,-0.068112,-0.19844,-0.023594,-0.18679,-0.38842
0.050228,-0.41435,0.30161,-0.21575,-0.14279,0.11398,-0.077234,-0.0025942,-0.35943,-0.40659,-0.12018,-0.040314,-0.20161,-0.077217,-0.16463,-0.40016
0.093762,-0.16864,0.19398,-0.36304,-0.098826,0.089546,-0.10057,-0.013004,-0.39064,-0.40945,-0.16313,-0.074785,-0.10542,-0.075795,-0.37026,-0.45706
0.054053,-0.28993,0.25631,-0.17834,-0.16673,0.056501,-0.071474,-0.037553,-0.41119,-0.35654,-0.13151,-0.14634,-0.1489,-0.083202,-0.21404,-0.42967
0.025984,-0.38656,0.28837,-0.25787,-0.092282,0.10142,-0.075273,-0.016061,-0.38203,-0.3028,-0.1151,-0.081342,-0.13527,-0.079515,-0.25689,-0.4328
0.10104,-0.15755,0.29876,-0.33443,-0.082397,0.021508,-0.12471,-0.057477,-0.31008,-0.39975,-0.19157,-0.086455,-0.071265,-0.15885,-0.32198,0.47714
-0.20606,-0.05809,0.33629,-0.078164,-0.11622,0.21671,-0.22134,0.16383,-0.35592,-0.052601,-0.13763,-0.17048,-0.04592,0.063725,-0.30746,-0.35383
-0.20935,-0.23506,0.4001,-0.049423,-0.050487,0.20638,-0.27383,0.079127,-0.32286,-0.043868,-0.055742,-0.025408,0.0055804,0.12691,-0.46016,-0.38716
-0.29886,-0.34167,0.47361,-0.043426,-0.083823,0.19021,-0.32731,0.055909,-0.30998,0.04735,0.055133,0.031289,0.052672,0.14602,-0.37215,-0.37567
-0.24253,-0.40521,0.41502,-0.03601,-0.046483,0.14216,-0.21668,0.087131,-0.27141,0.021913,-0.05364,-0.080391,0.044281,0.079306,-0.22144,-0.39506
-0.30845,-0.08238,0.41754,-0.054778,-0.065318,0.12984,-0.2414,0.049457,-0.28713,-0.1186,-0.076529,-0.10392,0.078093,0.022297,-0.30156,-0.39232
-0.12019,-0.12982,0.31763,-0.14812,-0.12364,0.18353,-0.23889,0.11577,-0.23157,-0.20452,-0.17362,-0.17128,0.027777,-0.034613,-0.34348,-0.37565
0.31268,0.033116,-0.4154,-0.077738,-0.10532,0.23574,-0.18138,0.13851,-0.25692,0.19645,-0.0079369,0.2778,0.0078243,-0.10752,-0.37367,-0.056305
0.37272,-0.09468,-0.35911,-0.11278,-0.037061,0.2422,-0.11901,0.16934,-0.2439,0.25611,0.030413,0.33484,-0.027026,-0.046166,-0.34106,-0.33645
0.34376,0.10702,-0.384,-0.018714,0.027373,0.23841,-0.15112,0.17999,-0.21414,0.24527,0.016312,0.30375,-0.057948,-0.1266,-0.31382,-0.45728
0.2809,-0.080195,-0.33457,-0.069368,0.07041,0.24357,-0.074619,0.26339,-0.20421,0.16987,0.030626,0.39501,0.027886,-0.13126,-0.31437,-0.3853
0.2476,0.37937,-0.30657,-0.11166,-0.033191,0.131,-0.12621,0.22246,-0.14926,0.22263,-0.05867,0.24409,-0.14127,-0.18991,-0.20134,-0.38233
0.39405,0.17577,0.48465,-0.054119,0.0042583,0.16029,-0.085513,0.255,-0.14437,0.14502,-0.031422,0.11926,-0.037599,-0.15382,-0.29824,-0.41802
0.41892,0.17,0.25602,-0.27235,0.0085417,0.26791,-0.014664,0.26958,-0.22839,0.13304,0.0072362,0.0064062,0.084791,-0.041299,-0.37894,-0.30254
0.34336,0.073138,0.38173,-0.13109,-0.047943,0.26579,-0.040114,0.17673,-0.22303,0.16917,-0.081613,-0.032236,0.061447,-0.011382,-0.26129,-0.12844
0.34557,0.18385,0.30361,-0.11292,0.021913,0.22721,0.017413,0.15383,-0.22777,0.034421,-0.094671,-0.01232,0.049828,-0.11929,-0.22657,-0.33941
0.28968,0.086142,0.47735,-0.17402,0.012304,0.29757,-0.00053385,0.1607,-0.18913,0.071244,-0.0091005,-0.055396,0.044573,-0.0516,-0.18931,-0.37418
0.32288,0.34399,-0.41628,-0.18606,0.0173,0.28652,-0.13351,0.069797,-0.27796,0.10438,0.016066,0.01147,0.060488,-0.15053,-0.31736,-0.38393
0.33642,-0.054003,-0.49856,-0.17721,0.070844,0.29013,-0.089062,0.14008,-0.23133,0.15142,0.045899,0.045632,0.14344,-0.01275,-0.26384,-0.34494
0.31441,-0.10912,-0.37748,0.077717,0.12053,0.15589,-0.13612,0.10071,-0.25258,0.15745,-0.062986,0.31236,0.21614,0.086042,-0.24642,-0.41435
0.29989,-0.12458,-0.28514,0.086851,0.082414,0.13115,-0.093007,0.047317,-0.26407,0.31595,-0.09224,0.22989,0.18468,0.040173,-0.24656,-0.39796
0.24008,-0.031214,-0.26368,0.096861,0.13856,0.17487,-0.1411,0.043334,-0.24256,0.29672,-0.16995,0.25788,0.12219,0.012812,-0.21401,-0.42053
0.29418,-0.11885,-0.25002,0.11989,0.097916,0.21758,-0.17298,-0.017046,-0.23054,0.38437,-0.1595,0.29295,0.25141,0.056,-0.31814,0.4867
0.29461,-0.28,-0.25561,0.099843,0.096102,0.22665,-0.14202,0.097945,-0.2635,0.319,-0.1593,0.33662,0.22224,0.081876,-0.19544,0.49644
0.2852,-0.20988,-0.27119,0.066094,0.056614,0.19533,-0.018985,0.076579,-0.25823,0.24216,-0.12354,0.3731,0.19122,0.030492,-0.23134,-0.43757
-0.068071,-0.20894,0.36597,-0.23929,-0.24098,0.077651,-0.16557,0.13481,-0.43062,-0.01519,-0.10989,0.078668,-0.041169,-0.22808,-0.24749,-0.23189
-0.11345,-0.32953,0.37853,-0.25029,-0.21545,0.11927,-0.13773,0.12083,-0.41507,-0.022972,-0.030071,0.14057,-0.05854,-0.12624,-0.23819,-0.30488
-0.092332,-0.076892,0.46682,-0.30511,-0.23358,0.12373,-0.16373,0.10047,-0.36854,0.041703,-0.047175,0.12436,-0.11409,-0.17728,-0.31198,-0.34719
-0.17337,0.47739,-0.47141,-0.21365,-0.18272,0.069276,-0.29236,0.10422,-0.39483,0.13583,-0.082639,0.22304,-0.11126,-0.09971,-0.26076,0.027744
-0.14309,-0.2528,-0.47394,-0.25213,-0.13466,0.11587,-0.2727,0.12666,-0.39018,0.14901,-0.090934,0.38258,-0.15404,-0.032127,-0.34642,-0.39287
-0.13055,-0.29006,-0.42056,-0.24283,-0.12147,0.13023,-0.27888,0.19574,-0.45941,0.13251,-0.061055,0.41353,-0.11062,-0.010527,-0.38244,0.46243
-0.19414,-0.44583,-0.18108,-0.14568,-0.09541,0.19641,-0.32676,-0.10839,-0.4407,0.26505,-0.18369,0.30478,-0.032507,-0.030442,-0.22429,-0.38588
-0.07187,-0.40758,-0.31123,-0.17019,-0.099756,0.14455,-0.30013,-0.15338,0.48893,0.22347,-0.1962,0.41508,-0.11571,0.13418,-0.2943,-0.46209
-0.10589,0.3991,-0.24502,-0.065556,-0.14505,0.11409,-0.35843,-0.077125,0.46072,0.24654,-0.16624,-0.47216,-0.024828,0.11686,-0.30954,-0.43572
-0.15703,-0.29709,-0.3366,-0.067466,-0.093337,0.16171,-0.37778,-0.13403,-0.47649,0.28827,-0.17498,-0.49008,-0.083911,0.052681,-0.34861,-0.44408
-0.10048,0.49308,-0.28628,-0.18831,-0.05017,0.13544,-0.3075,-0.03088,-0.44516,0.22112,-0.11694,0.48054,0.010965,0.056205,-0.40907,0.49806
-0.12601,0.41814,-0.33308,-0.14407,-0.093937,0.095239,-0.34926,-0.038575,0.45443,0.23476,-0.10277,-0.47144,0.031777,0.036582,-0.28808,-0.41395
0.012016,-0.25407,0.45413,0.34718,-0.18262,0.17661,-0.26063,-0.040986,-0.29892,-0.0076992,-0.28844,-0.15456,-0.13601,0.0097679,-0.31056,0.48328
0.081325,-0.058862,0.48548,0.34889,-0.20297,0.13607,-0.3083,-0.046983,-0.32206,-0.12688,-0.31025,-0.14987,-0.1567,-0.062644,-0.27296,-0.48976
-0.005643,-0.17623,0.37927,0.48877,-0.16211,0.1604,-0.26568,-0.046078,-0.34453,-0.13207,-0.28352,-0.10325,-0.16327,-0.028628,-0.29123,-0.46426
-0.01994,-0.26218,0.43441,-0.23809,-0.19784,0.12019,-0.264,-0.04906,-0.31553,-0.19841,-0.26293,-0.14146,-0.18668,-0.062348,-0.25627,-0.48464
-0.0037829,-0.34698,0.48706,-0.3724,-0.08842,0.20281,-0.20342,-0.0070777,-0.32122,-0.18169,-0.29435,-0.08281,-0.16481,-0.067816,-0.36146,0.49122
-0.033395,-0.32812,0.46249,0.47015,-0.12859,0.1888,-0.27929,-0.15262,-0.33078,-0.17497,-0.26177,0.0022522,-0.20337,-0.0086626,-0.29645,-0.43168
0.095335,0.098304,0.22854,-0.46996,-0.22111,-0.118,-0.22873,0.15503,-0.45242,-0.34493,-0.24297,-0.23461,-0.0097345,-0.32973,-0.4054,-0.31826
0.074135,0.011457,0.22415,-0.45609,-0.16329,-0.085575,-0.19933,0.17981,-0.44466,-0.38865,-0.3277,-0.2577,-0.078531,-0.35025,-0.20025,-0.31703
0.063595,-0.17553,0.2679,0.46427,-0.18154,-0.024019,-0.17128,0.22957,-0.36011,-0.28883,-0.2268,-0.21279,-0.086309,-0.30788,-0.34922,-0.25862
0.14994,-0.26443,0.38951,-0.44846,-0.18083,-0.0097387,-0.21097,0.16279,-0.38025,-0.2861,-0.30486,-0.082455,-0.13807,-0.22298,-0.39979,-0.34762
0.10423,-0.46983,0.43479,-0.47786,-0.14442,-0.036114,-0.26522,0.13467,-0.33979,-0.19706,-0.29672,0.089441,-0.084674,-0.081354,-0.468,-0.32936
0.099639,-0.40127,0.34424,0.3782,-0.14783,0.030605,-0.22734,0.15765,-0.37763,-0.21818,-0.28964,0.0076908,-0.10748,-0.11035,-0.19737,-0.39526
0.077359,-0.049548,0.45495,-0.28375,-0.151,0.053148,-0.0081371,0.081129,-0.49999,-0.031385,-0.098867,-0.37936,-0.13657,-0.176,-0.44214,-0.42825
0.092619,0.12066,0.34622,-0.23161,-0.20271,0.0069901,-0.11817,0.011148,0.42747,-0.095268,-0.20579,-0.29976,-0.095084,-0.12091,-0.46696,-0.4181
-0.029537,0.046558,0.44703,-0.17002,-0.19819,0.055905,-0.08341,0.045177,0.41522,-0.057498,-0.20406,-0.23027,-0.096715,-0.14186,-0.40781,-0.4265
0.059133,-0.039226,0.3449,-0.21384,-0.17294,0.084157,-0.095973,0.043004,-0.49089,-0.061393,-0.14385,-0.18578,-0.12128,-0.19595,-0.48721,-0.41303
0.05932,0.017888,0.43109,-0.16218,-0.1443,0.066023,-0.10934,0.022272,0.46216,-0.047588,-0.18172,-0.27936,-0.11483,-0.14397,-0.39727,-0.42763
0.091439,-0.0022981,0.42789,-0.19259,-0.1587,0.037683,-0.046566,0.11389,0.49648,-0.065218,-0.13454,-0.28009,-0.081137,-0.14133,-0.48269,-0.42005
0.34886,-0.21528,-0.36064,0.13688,-0.13496,0.34044,-0.040431,-0.035143,-0.22825,0.45551,-0.083769,0.30815,-0.013079,0.12513,-0.25277,-0.29738
0.39043,-0.13609,-0.43721,0.14266,-0.14002,0.38584,0.047546,-0.064642,-0.2403,0.45184,-0.070598,0.10115,0.037887,0.031322,-0.24164,-0.28433
0.39239,-0.17696,-0.46992,0.15033,-0.1705,0.35726,0.0095593,-0.0061852,-0.18146,0.44981,-0.1006,0.096423,0.00010844,-0.026997,-0.24521,-0.21895
0.33044,0.087969,-0.41783,0.13078,-0.19515,0.30966,-0.10405,-0.076141,-0.18381,0.39292,-0.16795,0.16024,0.031677,0.05912,-0.19224,-0.20832
0.33644,-0.035714,-0.37655,0.20172,-0.12873,0.32194,-0.097074,-0.0058515,-0.25062,0.41529,-0.07828,0.094025,-0.018472,-0.030755,-0.16452,-0.24871
0.37827,0.15983,0.45266,0.079452,-0.14326,0.26825,-0.0081371,0.020111,-0.23768,0.27624,-0.060855,0.12375,0.0014556,-0.025938,-0.15189,-0.24038
-0.13132,-0.21323,0.43221,-0.35075,-0.082472,0.082676,-0.3539,-0.019565,0.45022,-0.20247,-0.39453,-0.085717,-0.098771,0.034809,-0.1806,-0.4442
-0.077559,-0.35312,0.371,-0.39841,-0.070227,0.055308,-0.32179,-0.0030863,0.45174,-0.17842,-0.36966,-0.069021,-0.049482,0.034592,-0.26183,-0.44759
-0.06631,-0.33182,0.43659,-0.33287,-0.11369,0.050407,-0.30554,-0.020428,0.49352,-0.15849,-0.31596,-0.12299,-0.024019,0.032507,-0.26658,-0.46147
-0.11546,-0.27304,-0.4735,-0.40093,-0.12981,0.12299,-0.29585,-0.084053,0.44423,-0.10577,-0.30159,-0.076596,-0.077246,0.043555,-0.22324,-0.44332
-0.028115,-0.20786,0.4473,-0.40544,-0.11797,0.0767,-0.29972,-0.10286,0.4734,-0.18287,-0.28866,-0.16529,-0.044535,0.038963,-0.27473,-0.47853
-0.013572,-0.2312,0.4269,-0.42487,-0.14794,0.065514,-0.33716,0.017238,0.43695,-0.2227,-0.35991,-0.14852,-0.044777,-0.037249,-0.23747,-0.42265
-0.11862,-0.39074,-0.42663,-0.22443,-0.13645,-0.057848,-0.21818,0.19844,-0.32092,0.077254,-0.21834,0.10722,-0.048051,-0.19522,-0.33129,-0.37813
-0.16079,-0.32994,0.49631,-0.060605,-0.15332,0.017963,-0.2699,0.13283,-0.32915,0.079665,-0.18687,0.125,-0.023807,-0.13186,-0.41865,-0.41619
-0.17838,-0.14075,0.48321,-0.015657,-0.18934,0.059112,-0.30725,0.072245,-0.36441,0.044251,-0.1351,0.11796,-0.032732,-0.19429,-0.44796,-0.39939
-0.15913,-0.24606,0.46757,-0.14326,-0.17077,-0.012099,-0.27659,0.12564,-0.38553,0.069651,-0.16084,0.096069,-0.0013013,-0.14702,-0.40276,-0.36211
-0.13165,-0.2881,0.49039,-0.10834,-0.18415,0.00075073,-0.24629,0.10001,-0.41179,0.053932,-0.18299,0.11225,0.053365,-0.19577,-0.32054,-0.36518
-0.12341,-0.29046,-0.47164,-0.28818,-0.15419,0.046896,-0.18088,0.10557,-0.38462,0.054103,-0.18896,0.092665,0.040711,-0.19298,-0.4965,-0.29335
0.26623,0.044114,-0.49347,0.15603,-0.018493,0.4324,-0.12032,-0.026588,-0.20595,0.32585,-0.092636,0.36491,0.24124,-0.11918,-0.25017,-0.32003
0.32445,0.039447,0.41823,0.076996,-0.019415,0.396,-0.085162,0.017346,-0.25645,0.25616,-0.12254,0.30647,0.25952,-0.11818,-0.2702,-0.21989
0.23815,0.21042,0.44089,0.16919,-0.059521,0.36555,-0.11098,0.062403,-0.24945,0.2396,-0.023665,0.32522,0.24064,-0.16993,-0.25947,-0.29422
0.25884,-0.035318,-0.418,0.1971,0.043939,0.457,-0.10771,0.017138,-0.21036,0.28342,-0.11329,0.32682,0.20985,-0.18716,-0.28822,-0.26596
0.26352,-0.18983,-0.455,0.11749,0.079707,0.42284,-0.10548,-0.025358,-0.24095,0.3874,-0.036515,0.40498,0.23684,-0.085888,-0.29899,-0.35082
0.29901,0.070777,-0.47467,0.045707,0.016203,0.42169,-0.16265,-0.038037,-0.29582,0.28903,-0.0083665,0.31557,0.18234,-0.059875,-0.24717,-0.3116
-0.23133,-0.28412,0.33717,-0.36899,-0.20779,-0.033854,-0.24124,0.12782,-0.25363,-0.12498,-0.21287,-0.15673,-0.06445,0.13206,-0.17236,-0.38315
-0.25498,-0.33871,0.33961,-0.28252,-0.17759,-0.048547,-0.21788,0.15021,-0.27403,-0.057089,-0.16384,-0.12124,-0.085825,0.061272,-0.19409,-0.28323
-0.25858,-0.31353,0.35636,-0.33773,-0.21008,-0.095522,-0.21091,0.12738,-0.35974,-0.04446,-0.079995,-0.11579,-0.060968,0.1126,-0.22361,-0.33833
-0.24036,-0.38153,0.32524,-0.37366,-0.24383,-0.067082,-0.15186,0.18687,-0.30332,-0.077571,-0.14344,-0.16716,0.0040915,0.11352,-0.15401,-0.3423
-0.17956,-0.30099,0.33388,-0.28234,-0.17387,-0.045474,-0.1918,0.18232,-0.28029,-0.055404,-0.23269,-0.19809,-0.062277,0.064304,-0.18777,-0.32843
-0.28396,-0.30632,0.39605,-0.29802,-0.13328,-0.011073,-0.16999,0.19198,-0.29623,-0.080745,-0.20347,-0.13224,-0.043972,0.057106,-0.15535,-0.33115
0.077192,0.37498,-0.48816,0.29577,-0.46527,-0.33686,0.16243,0.25692,-0.23828,-0.040389,-0.39457,0.27124,-0.045703,0.27803,0.055437,-0.10762
0.10634,-0.065013,0.46127,0.10212,-0.40293,-0.22302,0.24322,0.36469,-0.19864,-0.051304,-0.38563,0.31666,-0.049023,0.1723,0.15631,2.0854e-05
0.000513,-0.49791,0.29667,0.13794,-0.49948,-0.35425,0.31787,0.2936,-0.1519,-0.348,-0.43709,-0.051613,0.014193,0.013505,0.17762,0.073342
0.21031,-0.16979,-0.38727,0.060642,-0.48605,-0.235,0.25915,0.38219,-0.18452,-0.11197,-0.38527,0.28934,-0.060125,0.11486,0.17238,-0.0035743
-0.012466,-0.42827,-0.24386,0.13724,-0.40482,-0.13381,0.18535,0.28125,-0.16942,0.21001,-0.27241,-0.3096,-0.037895,0.35012,0.043626,-0.096148
0.081033,-0.25576,-0.32459,0.17472,-0.48722,-0.18086,0.15174,0.32609,-0.23498,0.17706,-0.32914,-0.4499,-0.10777,0.31187,0.10645,-0.11585
-0.20915,-0.4403,-0.39973,-0.21277,0.087064,0.19504,-0.18215,0.083782,-0.45934,0.066903,-0.24633,0.31977,-0.05175,0.023331,-0.28328,-0.46203
-0.19224,-0.3855,0.49533,-0.25454,0.081217,0.13163,-0.11561,0.061956,-0.40593,0.12151,-0.27151,0.34912,-0.045936,-0.00043793,-0.35606,-0.39195
-0.19824,-0.25171,-0.46538,-0.21398,0.10148,0.12932,-0.15632,0.060872,-0.39342,0.051521,-0.32526,0.24035,-0.094776,-0.026709,-0.35048,-0.39132
-0.20954,-0.11276,-0.48881,-0.29699,0.019202,0.1296,-0.17008,0.10317,-0.39364,0.037858,-0.26711,0.25018,-0.088023,-0.012704,-0.47837,-0.37875
-0.15982,-0.39447,-0.37786,-0.27502,-0.034192,0.069217,-0.1367,0.16182,-0.39408,-0.011315,-0.3178,0.19363,-0.081162,-0.094158,-0.26628,-0.27072
-0.17015,-0.33556,-0.36816,-0.22224,-0.023435,0.12762,-0.19723,0.13139,-0.44007,0.017125,-0.26179,0.13807,-0.083819,-0.11542,-0.33881,-0.32089
0.18677,-0.073968,0.2853,-0.049327,-0.13613,-0.010018,-0.027906,0.17322,0.3087,-0.076529,-0.2268,-0.39782,-0.063383,-0.29212,-0.33385,-0.32728
0.22684,-0.09249,0.24264,-0.032828,-0.10347,-0.0067024,-0.072074,0.062624,0.36504,-0.082209,-0.26274,-0.34648,-0.055679,-0.23088,-0.36949,-0.35483
0.22045,-0.1153,0.23558,-0.28277,-0.063512,-0.031485,-0.097499,0.10827,0.3798,-0.091523,-0.30331,-0.30799,-0.080257,-0.22919,-0.33966,-0.38517
0.18068,-0.18102,0.23703,-0.098208,-0.054812,0.037253,-0.10955,0.15474,0.35842,-0.042174,-0.28027,-0.29063,-0.069247,-0.23379,-0.47024,-0.3309
0.22035,-0.13381,0.27587,-0.14002,-0.088048,0.026647,-0.10871,0.049507,0.34829,-0.044293,-0.2554,-0.23357,-0.066557,-0.24214,-0.4236,-0.3979
0.26618,-0.16258,0.25937,-0.11329,-0.12108,-0.033328,-0.17861,0.036878,0.33187,-0.12733,-0.19131,-0.3379,-0.03468,-0.25749,-0.36866,-0.39348
0.061744,-0.138,0.3494,-0.33614,-0.047734,0.25005,-0.2832,0.17267,-0.29567,0.051375,-0.1533,-0.13748,0.0084666,-0.17398,-0.32205,-0.41439
0.056905,-0.15001,0.35988,-0.30904,0.018535,0.2099,-0.21612,0.082618,-0.23868,0.10891,-0.15188,-0.12255,0.05555,-0.15148,-0.34734,-0.44095
0.073509,-0.25731,0.39941,-0.31658,-0.010523,0.18285,-0.30088,0.078798,-0.28916,0.074648,-0.142,-0.17392,0.048739,-0.1014,-0.26678,-0.39927
-0.043004,-0.23203,0.35622,-0.35444,0.0014598,0.25698,-0.30139,0.038321,-0.25224,0.15619,-0.10225,-0.14322,0.074064,-0.10498,-0.29886,-0.37981
-0.059237,-0.15611,0.41523,-0.1898,0.012587,0.22866,-0.37525,0.0022313,-0.24872,0.16425,-0.065464,-0.044506,0.0042333,-0.18427,-0.26882,-0.43042
-0.065714,-0.40426,0.42723,-0.18234,0.076308,0.29434,-0.39528,0.040131,-0.29889,0.18669,-0.063695,0.050629,0.0050883,-0.054545,-0.32244,0.49472
0.4496,0.24699,-0.29593,0.0034033,-0.034671,0.15543,-0.074631,-0.074815,-0.34184,0.20969,-0.16222,0.12613,-0.022726,0.024244,-0.3757,-0.34253
0.39686,0.011086,0.45045,-0.01871,0.030029,0.24288,0.17321,0.30518,-0.36973,0.26312,0.051375,0.072466,0.032444,-0.061322,-0.36894,-0.34155
-0.4994,-0.030417,0.48875,0.014719,-0.0074573,0.23175,-0.03292,0.083027,-0.34884,0.30113,-0.13153,0.1623,-0.026276,-0.082097,-0.26503,-0.37858
0.20529,-0.3933,0.22514,-0.023327,-0.0013096,0.25859,0.027752,0.13369,-0.33963,0.36312,-0.087761,0.24453,-0.12601,-0.054974,-0.33641,-0.34173
0.48843,0.1042,-0.48863,0.017634,-0.022743,0.25466,-0.095339,-0.018193,-0.24048,0.38664,-0.12114,0.25074,0.0018643,-0.075494,-0.36053,-0.40629
0.4081,0.19794,0.4467,0.11024,-0.019102,0.24481,-0.041186,-0.045465,-0.23176,0.40945,-0.12065,0.33214,-0.055012,-0.13423,-0.42903,-0.36772
0.32721,-0.05092,-0.27076,0.21697,0.025029,0.45099,-0.17488,0.11617,-0.21083,0.37668,-0.046637,0.31094,-0.13451,0.013488,-0.48358,-0.37233
0.229,0.027477,-0.27805,0.1745,0.0055012,0.43502,-0.13952,0.11128,-0.20844,0.35483,-0.042416,0.41959,-0.037003,0.01227,-0.45392,-0.4619
0.28707,-0.12149,-0.24603,0.14455,-0.013684,0.45841,-0.26606,0.046479,-0.1341,0.41028,0.0092215,0.36031,-0.15448,0.050845,-0.35469,-0.46193
0.28998,-0.28885,-0.30308,0.2072,0.046741,0.44572,-0.14157,0.10227,-0.18229,0.28552,-0.062015,0.25878,0.031985,0.079073,-0.46031,-0.42376
0.26487,-0.10014,-0.31807,0.11241,0.010765,0.43561,-0.13906,0.14795,-0.17512,0.33648,-0.06395,0.32186,-0.060826,-0.010644,-0.47709,-0.35105
0.20725,0.11505,-0.24886,0.18942,-0.023202,0.41496,-0.10551,0.14305,-0.15951,0.34984,-0.13185,0.30819,-0.079907,0.016666,-0.44753,0.38805
-0.32207,-0.18829,-0.48358,0.094659,-0.0771,0.22373,-0.18418,0.017838,-0.34889,-0.062094,-0.012454,0.20794,-0.096144,0.0041707,-0.4185,-0.43767
-0.2847,-0.11152,-0.47621,0.025713,-0.093183,0.14822,-0.10567,0.10816,-0.31131,-0.059683,-0.055275,0.11086,-0.17423,-0.050503,-0.38793,-0.41197
-0.35783,-0.096073,-0.43261,0.015432,-0.089416,0.22175,-0.10888,0.092077,-0.33409,-0.013563,-0.028002,0.13143,-0.11773,-0.16421,-0.45861,-0.41828
-0.3379,-0.15236,0.49003,0.060605,-0.06621,0.17984,-0.2383,-0.032019,-0.38227,0.0025441,0.056121,0.094571,-0.054595,-0.02761,-0.31219,-0.42575
-0.31453,-0.17789,-0.33285,-0.49315,-0.045615,0.27904,-0.17759,0.036982,-0.37104,0.17924,0.11823,0.26545,-0.087402,-0.022847,-0.38465,-0.39224
-0.37399,-0.32201,-0.45063,0.18365,-0.10694,0.25217,-0.24712,-0.0086543,-0.44459,0.23078,0.12076,0.38623,-0.1232,0.032611,0.44985,-0.47758
-0.4004,0.19669,-0.23689,-0.4654,-0.27843,0.070807,0.46028,0.36546,-0.032803,-0.42938,-0.44122,-0.21677,0.17481,0.29107,0.013542,0.0067566
0.46854,-0.18775,-0.13683,0.46427,-0.218,0.070473,0.35747,0.34936,0.01763,-0.3496,-0.28471,-0.081542,0.032019,0.29296,0.12634,0.14358
0.41291,-0.28134,-0.13735,-0.41611,-0.29428,0.09259,-0.49126,0.2739,-0.011837,-0.27454,-0.24869,0.061664,0.15978,0.44486,0.035735,0.0019686
-0.42265,0.36574,0.23052,-0.23066,-0.13344,0.28272,0.28539,0.33693,-0.060922,-0.00094259,-0.29868,-0.46617,0.063149,-0.36321,-0.058107,-0.2305
-0.36666,0.19823,0.4164,-0.13327,-0.034379,0.30898,0.1247,0.21799,-0.12963,0.2385,-0.29599,-0.014915,0.055588,-0.21257,-0.27384,-0.26901
0.37899,0.01768,-0.38961,0.053148,-0.01064,0.34423,0.058724,0.14912,-0.12338,0.27846,-0.20694,0.098396,0.054524,-0.15061,-0.38226,-0.29705
-0.046329,-0.29992,0.43543,-0.42018,-0.22388,-0.085721,-0.14656,-0.034129,-0.36992,-0.30593,-0.11794,-0.25529,-0.11188,-0.16419,-0.26542,-0.34932
0.013288,-0.46535,0.45804,-0.448,-0.23745,-0.09043,-0.15696,0.021383,-0.25912,-0.25008,-0.097766,-0.1785,-0.16127,-0.12249,-0.24612,-0.36244
-0.026196,-0.41652,0.44698,-0.46183,-0.19189,-0.1373,-0.13958,-0.02442,-0.3093,-0.23962,-0.10293,-0.089988,-0.074594,-0.076583,-0.24714,-0.36745
-0.066336,-0.39531,0.46337,-0.42489,-0.19285,-0.11871,-0.13992,-0.041511,-0.32547,-0.26522,-0.15076,-0.083486,-0.062344,-0.12009,-0.22533,-0.35892
-0.079999,-0.30583,0.41011,-0.48683,-0.1961,-0.11744,-0.10271,-0.028428,-0.31565,-0.27898,-0.1563,-0.12111,-0.073313,-0.12521,-0.30052,-0.30098
-0.053181,-0.26862,0.41834,-0.47432,-0.25135,-0.097578,-0.14572,0.054366,-0.36312,-0.29941,-0.091915,-0.17688,-0.083319,-0.080604,-0.28585,-0.29676
0.44244,0.0041916,0.48365,-0.069897,-0.067453,0.20068,-0.22384,0.098313,-0.39929,0.24218,-0.20587,0.27615,0.12846,-0.030951,-0.33779,-0.31302
0.38126,-0.33745,-0.41336,0.11267,-0.019836,0.20045,-0.097387,0.14168,-0.27111,0.37705,-0.088019,0.33357,0.089154,-0.027081,-0.45813,-0.33495
0.29025,-0.22649,0.49352,0.156,0.037695,0.19675,-0.13051,0.19452,-0.26649,0.40092,-0.10046,0.40007,0.026251,0.0053969,-0.44928,-0.36014
0.26951,0.17567,0.32054,0.18064,-0.057902,0.13139,-0.21973,0.25676,-0.25868,0.35292,-0.079528,0.30771,0.017521,-0.16861,-0.43638,-0.17019
0.23055,0.42954,-0.39871,0.024953,-0.12794,0.16398,-0.080487,0.15941,-0.19883,0.17592,-0.25057,0.13077,0.073384,0.0056931,-0.49687,-0.33354
0.37233,0.093091,0.44834,0.17325,-0.12716,0.14332,0.086468,0.30872,-0.29798,0.10289,-0.146,0.10894,-0.00060476,-0.20592,-0.36931,-0.2954
0.27537,-0.0080161,-0.3495,0.19519,0.038412,0.37131,-0.0066356,0.074176,-0.21722,0.3085,-0.085804,0.36407,-0.067829,-0.073972,-0.3732,-0.46188
0.37954,-0.0432,-0.35324,0.11934,0.010331,0.3813,-0.079081,0.038634,-0.21063,0.33586,-0.047038,0.35541,-0.057456,-0.083402,-0.28368,-0.41637
0.35927,-0.11222,-0.40057,0.090563,-0.03151,0.26678,0.14515,0.079044,-0.17487,0.32103,-0.12962,0.33013,-0.023252,-0.050353,-0.3137,-0.38239
0.45413,-0.03204,0.46346,-0.0945,0.022993,0.33101,0.14626,0.072512,-0.3155,0.21322,-0.072362,0.23856,-0.0020228,-0.16816,-0.32905,-0.32253
0.36145,-0.015745,-0.3711,0.0033449,0.090609,0.35223,0.17267,0.14676,-0.2785,0.21196,-0.03991,0.20982,-0.026042,-0.15078,-0.3011,-0.39038
0.33021,-0.11053,-0.3105,-0.027827,0.088578,0.38925,0.13549,0.1168,-0.32079,0.30366,-0.21134,0.32312,0.054883,-0.080453,-0.30291,-0.39537
-0.42625,-0.10252,0.053878,-0.086593,-0.051087,0.34449,-0.32939,-0.038204,-0.19264,0.21831,-0.24687,0.4803,-0.11005,0.042959,0.42519,-0.23901
0.35784,-0.24574,-0.24562,0.49475,0.061652,0.45863,-0.17088,0.19456,-0.1788,0.21048,-0.086109,-0.35204,-0.076587,-0.034496,-0.43007,-0.36957
0.20874,-0.057514,-0.14897,-0.38023,0.048743,0.46299,-0.19609,0.096832,-0.16198,0.24835,-0.18976,-0.43739,0.05794,-0.082943,-0.44288,-0.32121
-0.42214,0.39934,-0.068563,0.012295,0.037645,0.46591,-0.2016,0.11159,-0.23369,0.11104,-0.19186,0.42138,0.0030238,-0.038738,-0.46272,-0.22035
0.30221,0.15114,-0.32446,-0.40014,-0.02238,0.41249,-0.21846,0.086159,-0.20365,0.29425,-0.1492,-0.39222,-0.036682,-0.013426,-0.41507,-0.34588
0.40721,-0.193,-0.24568,-0.13714,-0.052814,0.39561,-0.21827,0.019373,-0.14025,0.11173,-0.18548,-0.48968,-0.037845,-0.036277,-0.31797,-0.27577
0.15647,-0.14739,-0.29269,0.10441,0.027706,0.36179,0.0015473,0.14343,-0.18217,0.31539,-0.048193,0.39781,-0.017113,-0.13329,-0.42148,-0.26823
0.43785,0.013851,-0.43213,-0.12771,0.0035993,0.36369,-0.11234,0.11207,-0.19859,0.26218,-0.22562,0.3192,0.10364,-0.059771,-0.25447,-0.33029
0.15729,0.046504,-0.32353,-0.04441,0.097195,0.46348,-0.17199,0.10315,-0.15477,0.35045,-0.12509,0.351,-0.062619,-0.11101,-0.27581,-0.34272
0.021688,0.016045,-0.33562,-0.06274,0.051788,0.4552,-0.0091464,0.12943,-0.1552,0.4111,-0.146,0.3519,-0.05359,-0.12342,-0.28635,-0.2502
0.19562,-0.20834,-0.3419,-0.051851,0.0077868,0.423,0.042692,0.12107,-0.085045,0.34439,-0.14797,0.37716,-0.083982,-0.15171,-0.31804,-0.17982
0.14557,-0.18675,-0.44057,0.14129,-0.089767,0.40451,-0.047571,0.11014,-0.024324,0.36255,-0.22516,0.22706,0.048381,0.0057222,-0.26307,-0.27007
0.366,0.18137,-0.39284,-0.014898,-0.07919,0.21137,-0.18126,0.2533,-0.28836,0.05256,-0.06797,0.18127,-0.025846,-0.13255,-0.16399,-0.38978
0.34245,-0.12789,-0.30139,0.036411,-0.054336,0.27977,-0.27134,0.26627,-0.25071,0.18992,-0.011102,0.35475,-0.050829,-0.027806,-0.30761,-0.384
0.24986,-0.066039,-0.35898,0.04539,0.029475,0.29071,-0.14231,0.179,-0.2444,0.20756,-0.013747,0.44004,-0.11169,-0.00045461,-0.33647,-0.34283
0.30862,0.19818,-0.44176,0.049044,-0.016821,0.18429,-0.18103,0.16948,-0.21873,0.19118,-0.013263,0.33275,-0.11713,-0.010164,-0.3285,-0.33816
0.35299,-0.2578,-0.21178,0.019344,-0.063258,0.26927,-0.19979,0.1757,-0.27584,0.21355,-0.065339,0.39372,-0.025004,0.064742,-0.26665,-0.29396
0.2579,-0.023636,-0.35264,0.013659,-0.035731,0.22331,-0.20459,0.12555,-0.1908,0.21572,-0.020628,0.33461,-0.044539,0.029032,-0.20882,-0.32656
0.27822,-0.094888,-0.23738,0.22199,0.029116,0.27725,-0.1201,-0.09835,-0.18375,0.20669,-0.10571,0.38679,0.13678,0.00684,-0.26148,-0.43213
0.31207,-0.11326,-0.28343,0.20355,-0.031014,0.29625,-0.1066,-0.11787,-0.19836,0.17766,-0.11228,0.34911,0.1882,0.026951,-0.25867,-0.35199
0.32157,-0.050929,-0.32204,0.027731,0.033391,0.25829,-0.028057,-0.050232,-0.15823,0.20195,-0.12215,0.34248,0.1311,0.014443,-0.3649,-0.35303
0.33215,-0.1643,-0.29875,0.051663,-0.018197,0.16777,-0.06053,0.02354,-0.18025,0.14727,-0.12583,0.40073,0.1295,-0.023456,-0.33055,-0.30287
0.42639,0.30654,-0.44532,-0.049586,-0.093942,0.11941,-0.066244,-0.067829,-0.1172,0.16268,-0.16637,0.13222,0.11153,-0.14719,-0.36377,-0.20937
0.40852,-0.11535,0.36144,-0.024111,-0.093212,0.21027,0.048635,0.05882,-0.079715,0.080049,-0.15678,0.12234,0.076537,-0.10792,-0.057139,-0.2067
-0.1628,-0.44421,-0.45925,-0.19194,-0.22392,0.043109,-0.33775,0.1157,-0.27367,-0.20968,-0.17993,-0.0003128,0.13263,0.1754,-0.17865,-0.42692
-0.16931,0.48685,0.4904,-0.2243,-0.20383,0.00051717,-0.26985,0.17036,-0.2829,-0.20587,-0.19212,-0.076842,0.08042,0.041169,-0.026034,-0.4124
-0.10063,-0.31595,0.48359,-0.25611,-0.13545,-0.056276,-0.3122,0.16937,-0.17481,-0.28409,-0.18678,-0.13526,0.037203,0.069518,-0.27138,-0.3903
-0.16988,-0.30713,0.47289,-0.12532,-0.19429,-0.019552,-0.32259,0.12839,-0.12276,-0.28973,-0.23642,-0.23168,0.077234,0.11791,-0.18443,-0.39523
-0.13989,-0.34156,0.46646,-0.22227,-0.19197,-0.027439,-0.32683,0.17014,-0.11812,-0.30199,-0.29676,-0.16271,0.11721,0.14427,-0.19412,-0.40781
-0.12668,-0.34345,0.49216,-0.28079,-0.16035,-0.034404,-0.36577,0.1755,-0.16967,-0.24035,-0.23499,-0.19627,0.10829,0.13482,-0.19278,-0.38965
0.31943,0.025279,-0.47968,-0.0597,-0.060864,0.23529,-0.10207,0.18197,-0.26233,0.21063,-0.10738,0.15035,-0.0082956,-0.31192,-0.25684,0.10988
0.31788,0.34496,0.40502,-0.11834,-0.071261,0.1513,0.0082998,0.27339,-0.22195,0.12625,-0.073663,0.025587,0.029892,-0.41045,-0.18843,-0.28678
0.37193,0.30217,0.34785,-0.15332,-0.065827,0.17831,-0.018635,0.29593,-0.20759,0.041173,-0.077559,0.041136,0.13208,-0.31828,-0.32487,-0.33592
0.42731,-0.45575,0.31291,-0.13974,-0.10215,0.20486,-0.06023,0.26549,-0.2415,0.070852,-0.025533,0.014222,0.073559,-0.29163,-0.35978,-0.3654
0.39174,0.3456,0.39055,-0.11372,-0.032715,0.15445,-0.055125,0.19328,-0.26256,0.12969,-0.13286,-0.02482,0.051876,-0.23968,-0.26403,-0.37469
0.35503,0.43336,0.469,-0.1596,-0.069322,0.16389,-0.04725,0.2698,-0.18519,0.10232,-0.10284,0.045953,0.045649,-0.26976,-0.39863,-0.29464
-0.47235,0.32265,-0.35918,-0.089808,-0.046495,0.22201,-0.19966,0.22576,-0.30752,0.1552,-0.021108,0.20306,0.12528,-0.25432,0.48939,-0.28611
0.45558,0.12438,-0.42394,-0.11396,-0.040114,0.18752,0.015432,0.18043,-0.37472,0.209,-0.072884,0.30459,0.13889,-0.082234,-0.39496,-0.38372
-0.43565,-0.069422,-0.28928,-0.012095,0.030325,0.21678,-0.15062,0.12223,-0.44805,0.20393,-0.15111,0.42241,0.16439,-0.053544,-0.43669,-0.40633
0.41089,0.021041,-0.45224,0.06239,-0.001026,0.24501,-0.024482,0.072533,-0.41131,0.23087,-0.13423,0.47851,0.13954,-0.070248,0.44837,-0.317
-0.46964,-0.11745,-0.33529,-0.014614,-0.025104,0.21398,-0.12269,0.0098596,-0.41256,0.35191,-0.088023,0.44487,0.15173,-0.030951,0.4095,-0.21791
0.45773,-0.017951,0.47503,0.080516,-0.039451,0.24254,-0.12341,-0.042108,-0.33966,0.38187,-0.010331,0.45832,0.101,-0.064179,0.43628,-0.24313
-0.074368,-0.35555,-0.12704,0.22103,-0.23085,-0.13152,0.22034,0.39893,-0.14418,0.34454,-0.33509,-0.22429,0.024953,-0.37995,-0.0035201,-0.29048
-0.023239,-0.16257,-0.32477,0.16573,-0.30134,-0.18124,0.34781,0.42727,-0.064651,0.13636,-0.39079,-0.49505,0.047138,0.43207,0.044806,-0.19503
-0.086889,-0.094438,-0.26969,0.23534,-0.2835,-0.14231,0.31427,0.49238,-0.10008,0.17984,-0.39498,-0.39961,-0.017058,0.42125,-0.010064,-0.24124
-0.047108,-0.24237,-0.16182,0.25813,-0.30591,-0.16203,0.31283,0.38205,-0.09269,0.16228,-0.3223,-0.33522,0.0023022,0.47153,0.015086,-0.23276
0.010886,0.28924,0.046658,0.38374,-0.28846,-0.084203,0.21841,0.35599,-0.15254,0.37201,-0.31228,-0.028457,-0.039976,-0.25517,-0.052067,-0.27416
-0.19308,-0.21958,-0.14122,0.33236,-0.33279,-0.1881,0.24023,0.31343,-0.050749,0.23313,-0.31096,-0.29277,0.034342,-0.32269,-0.028369,-0.24663
-0.088499,0.029825,0.43145,-0.45615,-0.39775,-0.022472,-0.15257,0.25493,-0.24347,-0.18979,-0.26218,0.46261,0.12894,-0.14579,-0.15449,-0.25777
-0.061402,0.18845,0.36756,-0.49384,-0.32759,-0.028399,-0.16587,0.22166,-0.14623,-0.17762,-0.26124,0.46425,0.0098388,-0.17433,-0.12843,-0.33961
-0.11821,0.0063645,0.4369,-0.46375,-0.35847,0.015982,-0.17216,0.28454,-0.16678,-0.086968,-0.26892,-0.43205,-0.0066815,-0.15029,-0.1154,-0.33822
-0.10753,-0.18428,0.48831,-0.43056,-0.26989,0.042475,-0.23882,0.30481,-0.23909,-0.073918,-0.27134,-0.35777,-0.016616,-0.067599,-0.25215,-0.34314
-0.16141,-0.25227,0.49729,-0.39026,-0.29345,0.054962,-0.27105,0.36293,-0.2575,-0.039447,-0.1943,-0.27151,-0.047688,-0.07089,-0.22842,-0.33386
-0.18909,-0.33419,0.46639,-0.45003,-0.23365,0.061789,-0.23566,0.28028,-0.29053,-0.0088503,-0.21986,-0.26218,-0.027744,0.028907,-0.24954,-0.33872
0.30534,0.01589,-0.3582,-0.061902,0.026885,0.26354,-0.1359,0.096874,-0.24431,0.055963,0.13726,0.31531,0.070173,-0.11241,-0.43068,-0.34413
0.26659,-0.12938,-0.28414,1.6683e-05,0.036481,0.28477,-0.11555,0.15043,-0.25894,0.10979,0.13535,0.34432,-0.027577,-0.013363,-0.35827,-0.32246
0.20311,-0.065935,-0.44146,-0.049106,0.039901,0.32531,-0.10257,0.17863,-0.19624,0.13222,0.11517,0.36368,-0.05638,-0.072341,-0.27257,-0.34719
0.25114,-0.10653,-0.34773,-0.040786,0.069559,0.33689,-0.1544,0.15855,-0.23377,0.11855,0.0055137,0.37338,-0.083056,-0.083748,-0.18181,-0.39733
0.26624,0.01881,-0.43891,-0.019052,0.079423,0.30219,-0.1292,0.09747,-0.26373,0.13189,0.048214,0.37766,-0.060234,-0.040139,-0.27416,-0.4458
0.21343,-0.069593,-0.43931,-0.021675,0.041053,0.31037,-0.07836,0.093625,-0.29469,0.14585,0.09566,0.37562,-0.01383,-0.0128,-0.30175,-0.42677
0.097474,0.22729,0.27543,-0.17338,0.091181,0.14507,0.20257,-0.25231,-0.23467,0.25777,-0.1538,0.33154,-0.086463,-0.32211,0.46428,0.39915
-0.33077,0.069501,0.4916,-0.10577,-0.15226,0.28834,-0.004738,0.36294,-0.080929,0.047425,-0.22724,0.24941,0.065318,-0.32535,-0.28565,-0.34905
-0.39751,0.29052,-0.39712,-0.0212,-0.29907,-0.0080495,-0.22054,0.061852,-0.17481,0.18409,-0.29819,0.32356,-0.077067,-0.29784,-0.31111,-0.43175
-0.309,0.26125,-0.4021,-0.26133,-0.38397,-0.0052885,-0.11495,-0.31567,-0.084545,0.06015,-0.37786,0.023978,-0.062653,-0.48588,-0.27899,-0.31362
0.22988,0.12531,-0.48929,-0.44478,-0.10505,0.16672,-0.15134,-0.45308,-0.11361,0.13342,-0.21373,0.16243,0.078059,-0.19467,-0.22991,-0.33183
-0.049106,0.090196,0.20797,-0.25655,0.11368,0.18415,-0.10253,0.12999,-0.046212,0.44294,-0.020115,0.18032,0.052564,-0.19966,-0.27835,-0.27378
-0.47397,-0.094154,0.16921,-0.32543,-0.17161,0.1475,0.3541,0.17359,-0.11366,-0.39265,-0.27667,0.29048,0.16309,0.45424,-0.1977,-0.22397
0.49067,-0.30884,0.12278,-0.29267,-0.062507,0.17132,0.38931,0.21058,-0.065097,-0.36661,-0.28393,0.31469,0.13862,-0.47106,-0.27103,-0.20168
0.38578,-0.42162,0.25977,-0.1668,-0.082914,0.28071,0.34471,0.26558,-0.13214,-0.12174,-0.19899,-0.4348,0.021508,-0.40193,-0.36122,-0.11621
0.30368,0.37161,0.39476,-0.17878,-0.061243,0.29498,0.30622,0.19403,-0.11049,-0.029395,-0.18066,-0.22102,-0.029266,-0.3367,-0.2323,-0.27509
0.38134,0.37927,0.44863,-0.13117,-0.057352,0.262,0.2215,0.16562,-0.21132,0.0039372,-0.24003,-0.16402,0.14174,-0.27212,-0.29808,-0.29865
0.23428,0.098071,-0.42984,-0.065873,-0.016679,0.38702,0.2299,0.10391,-0.19088,0.26294,-0.1316,0.080883,0.013826,-0.17963,0.44706,-0.17461
0.41045,0.12131,-0.43239,0.022372,0.032632,0.22296,-0.12868,0.040944,-0.26171,0.28683,-0.12367,0.21068,0.016604,0.073759,-0.23326,-0.36305
0.37923,-0.17538,-0.36872,0.07826,0.045069,0.33984,-0.036331,0.05872,-0.26288,0.29852,-0.10112,0.28996,-0.053227,0.13934,-0.18495,-0.38063
0.32257,-0.17316,-0.37619,0.059942,0.021292,0.31783,-0.057944,0.030813,-0.20926,0.328,-0.060897,0.22561,-0.012212,0.16499,-0.12687,-0.27703
0.36499,0.035998,-0.36568,0.052493,0.049302,0.32009,-0.041407,0.0021146,-0.23475,0.34932,-0.13762,0.28587,-0.075649,0.12013,-0.28103,-0.36749
0.3779,0.059508,-0.3887,-0.01001,0.043113,0.32548,-0.015357,-0.0043793,-0.18179,0.25221,-0.12201,0.23251,-0.041103,0.15932,-0.26628,-0.37606
0.46091,-0.087644,-0.39242,0.084879,0.030463,0.27566,4.1707e-06,0.031139,-0.20086,0.26938,-0.088566,0.2723,0.0068734,0.13828,-0.33275,-0.35369
0.019119,-0.06015,-0.45264,-0.07481,-0.071787,0.14308,-0.1578,-0.12947,0.44952,0.068796,-0.26495,-0.16024,-0.079799,-0.1202,-0.4059,-0.45307
-0.0017767,-0.13456,0.49078,-0.027022,-0.099368,0.19209,-0.10479,-0.13064,-0.49182,0.073701,-0.24996,-0.20095,-0.15018,-0.1306,-0.4657,-0.37276
0.091097,-0.072058,0.39617,-0.17786,-0.11019,0.15422,-0.05354,-0.099276,0.4238,0.072617,-0.23856,-0.19107,-0.092315,-0.15554,-0.46967,-0.45208
0.0084207,-0.22211,0.47831,-0.071757,-0.10793,0.15149,-0.05004,-0.057156,0.43861,0.047634,-0.21388,-0.216,-0.041499,-0.13275,-0.42553,-0.39629
0.052889,-0.031043,0.38248,-0.14951,-0.11302,0.1091,0.004788,-0.035772,0.39922,-0.0014973,-0.31071,-0.30564,-0.11085,-0.15078,-0.25807,-0.4439
0.00098429,-0.20735,0.40374,-0.12475,-0.065147,0.10537,0.028749,-0.048443,0.49851,0.0075657,-0.28316,-0.26264,-0.088845,-0.15592,-0.33791,-0.42096
0.46085,0.10392,-0.30982,-0.022672,0.040093,0.37444,0.14253,-0.049065,-0.15889,0.16292,-0.27621,0.0085,0.075711,0.023068,-0.31384,-0.23437
-0.48555,0.30512,-0.38714,-0.0034826,0.022651,0.33607,0.14375,-0.041841,-0.1617,0.062006,-0.21134,0.042262,0.088019,-0.073476,-0.30654,-0.27438
-0.49549,0.22479,-0.47445,0.086359,0.079765,0.29301,0.19317,-0.033391,-0.1563,-0.050528,-0.14893,-0.017751,0.089604,-0.059646,-0.24531,-0.32676
0.42406,0.19911,-0.4814,0.081738,-0.018047,0.2824,0.16265,0.0009259,-0.083732,0.097537,-0.084653,0.099993,-0.044585,-0.067253,-0.16049,-0.49598
0.41576,0.066636,0.494,0.043242,0.074748,0.40632,-0.01919,-0.043513,-0.10841,0.15265,-0.099468,0.16224,0.058173,-0.039213,-0.2962,-0.48711
0.31753,0.060309,-0.39047,0.032519,0.046299,0.37676,0.055179,-0.058157,-0.17435,0.16932,-0.056789,0.30349,-0.0095385,-0.010431,-0.3805,-0.3777
0.12838,-0.10485,0.2727,-0.23426,-0.11268,0.12915,-0.048948,0.06865,-0.4697,-0.23676,-0.22277,-0.3844,-0.12564,-0.30053,-0.33019,-0.44997
-0.029762,-0.091222,0.1997,-0.24612,-0.017813,0.13446,-0.011457,0.089575,-0.44252,-0.16948,-0.20496,-0.30316,-0.20964,-0.34548,-0.32829,-0.40131
0.053294,-0.067387,0.18855,-0.2854,-0.10698,0.11994,0.078326,0.09015,-0.42046,-0.21578,-0.25923,-0.42111,-0.18328,-0.32442,-0.27552,-0.37421
0.024703,0.088224,0.16046,-0.26358,-0.17759,0.049644,0.068913,0.036052,-0.37465,-0.17607,-0.2701,-0.48009,-0.16265,-0.30378,-0.32133,-0.34917
0.074064,-0.16662,0.1942,-0.17672,-0.062907,0.11123,0.0033825,0.084712,-0.39072,-0.13777,-0.31621,0.41739,-0.19563,-0.25954,-0.2812,-0.35923
-0.0018935,-0.09395,0.25095,-0.25318,-0.078485,0.14522,-0.042174,0.084445,-0.45134,-0.10263,-0.27674,-0.4595,-0.13897,-0.23927,-0.25791,-0.39002
-0.0010218,-0.39206,0.37435,-0.094225,0.038992,0.098317,-0.31052,0.050683,-0.45578,-0.049035,-0.14352,-0.029003,0.027314,0.053219,0.37494,-0.35063
0.0075449,-0.25035,0.38179,-0.13496,0.04587,0.13889,-0.29262,0.036782,-0.48175,-0.058749,-0.13829,-0.071607,-0.068721,-0.023819,0.43341,-0.36525
-0.021325,-0.30989,0.40863,-0.14861,0.010965,0.061885,-0.42927,-0.073776,0.43909,-0.077438,-0.11897,0.018214,-0.059792,0.077179,-0.41167,-0.37884
0.011611,-0.42194,0.42734,-0.047863,-0.014598,0.041582,-0.40277,-0.11253,0.45629,0.017075,-0.11107,-0.0015181,0.046758,0.073526,-0.43052,-0.36142
0.028048,-0.37465,0.39617,-0.03986,0.0019853,0.13331,-0.37999,-0.062615,0.47031,-0.03888,-0.03186,0.070907,0.087656,-0.011503,0.35216,-0.41313
-0.0027193,-0.28158,0.44591,0.043997,0.0074948,0.13209,-0.28399,-0.0056764,-0.49752,0.035626,-0.056835,0.12514,0.083219,0.053644,0.076637,-0.35996
0.12727,-0.10358,-0.43981,0.11894,0.014343,0.31693,-0.010235,0.14067,-0.14919,0.33505,-0.13448,0.25155,-0.040932,-0.040344,-0.34327,-0.40498
0.31629,0.033282,-0.47583,0.028574,-0.033845,0.27822,0.012333,0.11669,-0.16748,0.25671,-0.12254,0.12047,0.017217,0.0036994,-0.30431,0.49056
0.21135,0.014155,-0.46571,-0.10771,0.018802,0.26461,0.047463,0.091573,-0.18929,0.36504,-0.20159,0.1009,0.13321,0.0020687,-0.41805,-0.2565
0.36501,0.076141,0.47891,-0.10352,0.010727,0.27636,-0.029212,0.088678,-0.16534,0.38988,-0.32425,0.13592,0.13894,-0.012883,-0.38841,-0.41276
0.37681,-0.092236,-0.3737,-0.060972,0.033637,0.27929,0.077546,0.11798,-0.18043,0.21507,-0.28082,0.18316,0.1233,-0.018126,-0.45227,-0.48037
0.39093,-0.017421,-0.3321,-0.12664,0.052401,0.25832,-0.057001,0.13649,-0.16366,0.21398,-0.12624,0.20417,0.1376,-0.089416,-0.43064,-0.4664
-0.36669,0.145,0.4547,-0.17638,-0.1513,0.25227,0.0075115,-0.054678,-0.20499,-0.12458,-0.093474,0.31687,0.072754,-0.27188,-0.33476,-0.28727
-0.47524,0.12214,0.38503,-0.01808,-0.13075,0.25602,0.050136,-0.062152,-0.085863,0.1053,-0.040535,-0.081083,0.071778,-0.22249,-0.35224,-0.36493
0.3769,-0.005447,-0.45893,-0.13405,-0.07959,0.40309,0.032148,-0.035109,-0.15437,0.038325,-0.13715,0.15852,0.057043,-0.20855,-0.29406,-0.3488
0.3869,-0.022693,-0.48735,0.0075115,-0.060363,0.41663,-0.10772,-0.033082,-0.12547,0.09737,-0.06121,0.21687,-0.010331,-0.25619,-0.35156,0.48256
0.23301,-0.014481,-0.44646,-0.097353,-0.023264,0.41701,-0.12406,-0.15294,-0.16268,0.21038,-0.041908,0.2858,-0.0056639,-0.15527,-0.29861,-0.44493
0.45531,-0.070118,-0.43056,-0.11943,0.030313,0.3384,-0.16182,-0.091848,-0.111,0.24315,-0.051934,0.31409,-0.00028778,-0.27395,-0.29625,-0.46941
0.19744,-0.41618,-0.23346,0.21107,0.015065,0.41783,-0.14947,-0.049077,-0.25912,0.33853,0.024345,0.49609,0.010786,0.043146,-0.33971,-0.41563
0.2172,-0.11196,-0.23176,0.24397,-0.045373,0.39955,-0.1928,-0.057502,-0.19414,0.28583,-0.0024858,0.48247,0.01147,-0.017208,-0.49735,-0.242
0.26705,-0.24895,-0.17787,0.25725,-0.062824,0.46116,-0.13505,-0.007645,-0.22548,0.39565,-0.1861,-0.46609,0.050412,0.012883,-0.44913,-0.408
0.18161,-0.17746,-0.15227,0.15848,-0.083861,0.4309,-0.19021,-0.063399,-0.23751,0.40183,0.079548,-0.49442,0.028123,0.0073864,-0.46971,-0.3408
0.20165,-0.30377,-0.12933,0.21463,-0.069927,0.39393,-0.26696,-0.054662,-0.1664,0.39506,0.073597,0.49695,0.082885,-0.023227,-0.36329,-0.4071
0.17069,-0.10522,-0.15834,0.1247,-0.031539,0.40988,-0.18812,0.00072154,-0.07318,0.33114,0.054078,0.48235,-0.068721,-0.038,0.49052,-0.40139
0.25873,0.011682,-0.44081,0.091168,0.062561,0.30432,-0.17631,-0.133,-0.1791,0.23201,-0.093846,0.36729,0.21809,0.011732,-0.132,-0.2765
0.41685,0.026367,-0.44552,-0.030968,0.051371,0.27833,-0.12292,-0.080153,-0.20836,0.24237,-0.12426,0.18386,0.21772,-0.015991,-0.26965,-0.361
0.39154,0.4485,0.19801,-0.19353,-0.025733,0.10352,0.095093,-0.071432,-0.18309,0.057615,-0.16382,-0.22162,0.21234,-0.17963,-0.062824,-0.29674
0.34937,-0.40478,0.17191,-0.17401,-0.062532,0.086964,0.13051,-0.076087,-0.25421,-0.087348,-0.16844,-0.37535,0.22937,-0.31145,0.07577,-0.1619
0.43218,-0.24427,0.038079,-0.22182,-0.088795,0.11681,0.2264,-0.051634,-0.17181,-0.20336,-0.15708,0.41264,0.20338,-0.45006,-0.0062728,-0.15023
0.46283,-0.38436,0.056413,-0.25255,-0.048326,0.059804,0.23231,0.0027902,-0.085946,-0.28246,-0.16135,0.41797,0.28037,-0.44849,0.023815,-0.16946
0.24752,0.19427,-0.3168,0.17352,0.00067566,0.18023,-0.18756,0.20901,-0.20198,0.11277,0.031735,0.22459,-0.014272,-0.22405,-0.26323,-0.40456
0.25187,0.28008,-0.37784,0.08037,-0.026017,0.21367,-0.13844,0.26403,-0.17179,0.17012,0.018714,0.14985,0.028428,-0.27989,-0.26288,-0.37795
0.37789,0.22584,-0.48257,0.016762,-0.035134,0.1803,-0.065418,0.35003,-0.20728,0.014652,-0.018043,0.036448,0.037762,-0.31687,-0.20488,-0.30642
0.35466,0.30889,-0.38313,0.065664,-0.10824,0.16061,-0.086284,0.34587,-0.24829,0.030647,-0.059283,0.014593,0.028574,-0.34947,-0.21953,-0.32398
0.39162,0.40506,-0.44813,0.012375,-0.099001,0.14067,-0.13693,0.30124,-0.22183,0.014222,0.010652,-0.059295,0.052672,-0.35191,-0.2382,-0.27865
0.2669,0.23265,-0.46656,-0.065218,-0.050337,0.099501,-0.052864,0.3643,-0.16723,0.13711,-0.023602,-0.036669,-0.029337,-0.37919,-0.16383,-0.24639
-0.037787,-0.02286,0.33134,-0.39566,-0.16904,0.094988,-0.26032,0.21209,-0.3854,0.0036661,-0.19818,0.096732,-0.058528,-0.027147,-0.36163,-0.21633
-0.046057,-0.27695,0.39693,-0.34097,-0.11969,0.1293,-0.12358,0.25442,-0.39283,-0.015553,-0.082172,0.13275,-0.018943,-0.18064,-0.29416,-0.38481
-0.0056764,-0.013109,0.45792,-0.25626,-0.1171,0.009868,-0.14874,0.16544,-0.39431,0.017867,-0.13817,0.14598,-0.017008,-0.27061,-0.41928,-0.36296
0.0046379,-0.094717,0.43989,-0.35511,-0.15693,0.049665,-0.15234,0.1068,-0.41017,-0.022801,-0.19731,0.13098,0.087731,-0.14258,-0.38439,-0.40157
-0.044318,-0.15924,0.48133,-0.20045,-0.21204,0.10743,-0.13713,0.10756,-0.38632,-0.065576,-0.15974,0.14619,0.03362,-0.22232,-0.29354,-0.37817
-0.029437,-0.093349,0.31098,-0.33745,-0.18068,0.015544,-0.11462,0.16377,-0.35017,-0.060676,-0.073338,0.13607,0.0064313,-0.24876,-0.30828,-0.38611
0.24913,-0.054912,0.26602,-0.46142,0.14902,0.45499,-0.11475,0.47023,-0.085154,0.40137,0.012433,0.37721,0.21127,-0.19652,-0.39841,-0.24566
0.39807,-0.05764,0.38947,-0.43836,-0.059166,0.39816,-0.15434,-0.2654,-0.24715,0.22459,-0.18224,0.086559,0.026338,-0.32433,-0.35014,-0.40028
-0.32294,-0.057064,-0.09249,0.33463,-0.074719,0.40431,-0.14573,-0.27951,-0.37032,0.11207,-0.21637,0.14953,-0.052998,-0.39018,0.39009,-0.43988
0.38142,-0.15129,-0.30428,0.45916,0.074402,0.25122,0.069843,-0.0035243,-0.18633,0.21334,-0.091243,0.24962,-0.010026,-0.29638,-0.39116,-0.25361
0.30146,-0.10204,0.30775,-0.15758,0.035914,0.4019,0.10488,0.026,-0.2176,0.1866,-0.12923,0.08575,0.035551,-0.28179,-0.25574,-0.31038
0.4829,-0.13367,-0.33986,0.34229,0.053252,0.36876,-0.10626,-0.039943,-0.35369,0.050883,-0.16708,0.10587,0.0022647,-0.36121,0.3565,-0.45313
0.44525,-0.29279,0.072195,-0.24668,-0.20624,0.22219,0.40755,0.094801,0.015982,-0.44519,-0.21085,0.24967,0.081442,0.47105,-0.16617,-0.019882
-0.3531,-0.3667,0.028732,-0.28731,-0.24183,0.24451,0.4377,0.15287,0.024766,-0.42212,-0.19886,0.16753,0.10242,0.45263,-0.25434,-0.11512
0.49318,-0.0064438,0.010469,-0.31413,-0.23611,0.18199,0.47473,0.12124,0.0003712,-0.42109,-0.30449,0.040139,0.1933,0.40317,-0.17917,-0.16699
0.35073,0.027606,0.24411,-0.16801,-0.14581,0.38251,0.39182,0.16314,-0.056601,-0.1788,-0.094934,-0.49564,0.093258,-0.3506,-0.1133,-0.039026
0.34525,0.18862,0.43339,-0.053465,-0.10096,0.44327,0.17797,0.10499,-0.17234,0.21976,-0.14754,-0.095226,0.029137,-0.20661,-0.28334,-0.16027
0.35077,-0.094113,-0.48858,0.018034,-0.073609,0.47007,0.14584,0.039309,-0.20731,0.074594,-0.042074,0.086201,0.19666,-0.093958,-0.27999,-0.24892
0.12574,-0.061264,0.43874,-0.33135,-0.20306,-0.076858,-0.23819,0.027368,0.49041,-0.38382,-0.37237,-0.2336,-0.15672,-0.11194,-0.12568,-0.34829
0.066611,-0.29878,0.46982,-0.43501,-0.20622,-0.0073155,-0.19996,0.16264,0.49604,-0.29355,-0.34235,-0.079002,-0.19217,-0.17456,-0.19757,-0.30036
0.010531,-0.23114,0.49819,-0.37192,-0.19994,-0.026643,-0.21966,0.11568,0.47905,-0.30632,-0.33393,-0.072225,-0.17724,-0.14898,-0.19554,-0.29867
0.037824,-0.34099,-0.43168,-0.37582,-0.16885,-0.034263,-0.21913,0.09033,0.45569,-0.27011,-0.35418,-0.081,-0.22242,-0.04486,-0.29041,-0.34293
0.039735,-0.25466,-0.45207,-0.32518,-0.21289,-0.056376,-0.30284,0.054411,0.45619,-0.28466,-0.36137,0.003445,-0.20662,-0.019219,-0.29483,-0.34481
0.01461,-0.31566,0.43168,-0.35168,-0.18589,-0.0093049,-0.32161,0.029074,0.43657,-0.20155,-0.36306,0.073042,-0.16306,-0.011661,-0.28217,-0.40762
0.29628,0.17258,0.43059,0.21366,-0.17186,-0.44485,0.042204,0.11874,-0.38372,0.13445,0.18464,0.19316,-0.28009,-0.22029,0.49539,-0.26799
0.35488,0.026046,-0.47775,0.16018,0.31607,0.36675,0.0060225,-0.29037,-0.17741,0.15901,0.17473,0.29834,-0.22155,-0.25214,0.36765,-0.32159
0.42059,-0.037341,0.46063,0.19361,-0.4012,0.35818,-0.087731,-0.094713,0.35174,0.30962,0.10259,0.20798,-0.15872,-0.19448,0.43585,-0.30081
0.37404,0.078485,-0.26858,-0.059341,-0.015428,0.40191,0.032836,-0.21528,-0.2924,0.16588,0.078781,0.2714,-0.18053,-0.21443,0.45084,-0.31871
0.37575,0.04509,-0.4255,0.068442,-0.2112,0.33593,-0.042295,0.011069,-0.17273,0.23244,0.0765,0.27165,-0.2432,-0.14772,0.4782,-0.24991
0.30156,0.047192,-0.38886,0.18849,-0.10044,0.32678,0.039484,-0.24478,0.18219,0.28331,-0.033086,0.19351,-0.18896,-0.2262,0.40276,-0.31023
-0.21484,-0.16417,0.39104,-0.34815,-0.25052,0.058123,-0.18096,0.22273,-0.30213,-0.075494,-0.1697,-0.3114,0.028069,-0.077897,-0.14919,-0.46039
-0.24673,-0.22394,0.47827,-0.33712,-0.23954,0.091564,-0.20454,0.21918,-0.31436,-0.071787,-0.17884,-0.1427,-0.086522,0.019027,-0.1731,-0.48857
-0.27821,-0.27717,0.4415,-0.25805,-0.25731,0.034926,-0.2491,0.16422,-0.29717,0.017087,-0.17372,-0.036373,-0.12679,0.10191,-0.20048,0.49468
-0.22432,-0.35121,0.43251,-0.2157,-0.22995,-0.027072,-0.29166,0.10435,-0.27657,-0.034058,-0.19259,0.025212,-0.06815,0.074639,-0.27251,0.40719
-0.25648,-0.4043,-0.4355,-0.2349,-0.25074,-0.03191,-0.2742,0.074448,-0.31183,-0.031743,-0.2054,0.071124,-0.088002,0.15898,-0.30893,0.39883
-0.25635,-0.46166,-0.42879,-0.18404,-0.28872,0.026234,-0.33985,0.073563,-0.29751,-0.024211,-0.15857,0.15118,-0.14316,0.15152,-0.20405,0.42026
0.063308,-0.30096,0.35793,0.02698,-0.0027694,0.063199,-0.2477,-0.0028861,-0.41189,-0.00601,-0.21118,-0.037462,-0.11067,0.068884,-0.38522,-0.4611
0.05942,-0.44378,0.33865,0.082059,-0.049502,0.025346,-0.332,-0.018151,-0.49137,0.019894,-0.179,-0.080241,-0.083377,0.13993,-0.27099,-0.40501
0.017968,-0.43295,0.43479,0.11794,-0.038066,0.10641,-0.29372,0.015532,-0.47706,0.073647,-0.20043,-0.059216,-0.027322,0.1293,-0.42924,-0.43176
0.040569,-0.20868,0.34618,-0.043259,-0.05042,0.030955,-0.36101,-0.084975,0.46225,0.093012,-0.18142,-0.015749,-0.031768,0.11508,-0.3712,-0.47667
0.080011,-0.40061,0.35838,0.059616,-0.062523,0.039805,-0.2807,-0.055971,-0.47257,0.029696,-0.17037,-0.031431,-0.11042,0.12461,-0.36172,-0.42945
0.087652,-0.30171,0.34994,0.094058,-0.004738,0.063562,-0.32484,0.01426,-0.46875,0.066882,-0.17741,-0.059708,-0.092298,0.10965,-0.43,-0.48374
-0.11371,-0.25185,0.3806,-0.10696,-0.078539,0.16312,-0.31324,0.11608,-0.29837,0.0099722,-0.16949,0.091122,-0.041591,0.039276,-0.25158,-0.35023
-0.23241,-0.017129,0.33167,-0.10388,-0.047726,0.19423,-0.2884,0.13348,-0.29541,-0.011094,-0.11057,-0.02057,-0.079761,0.042625,-0.21048,-0.42393
-0.43061,0.4476,0.15718,-0.19773,-0.18265,0.093616,-0.084199,0.24376,-0.21157,-0.28432,-0.12533,0.49765,-0.02776,-0.15074,-0.023085,-0.25878
-0.39838,0.3719,0.12127,-0.26822,-0.1746,0.043672,0.0050257,0.38095,-0.10578,-0.35704,-0.18057,0.37585,-0.0015307,-0.25802,-0.11552,-0.18279
-0.40113,-0.33228,-0.0063854,-0.29319,-0.17413,-0.032736,0.059024,0.39358,-0.093183,-0.43699,-0.20158,0.2139,-0.099389,-0.29081,-0.076608,-0.2053
-0.41113,-0.3769,0.0254,-0.28441,-0.24419,-0.14174,-0.011866,0.38918,-0.0988,-0.33521,-0.2447,0.25422,-0.028169,-0.3007,0.023093,-0.15566
-0.076992,-0.21723,-0.30329,-0.20942,-0.061756,0.086351,-0.29559,-0.026071,0.39811,0.10586,-0.049774,0.24724,0.030876,0.020107,-0.33492,0.49788
-0.067495,-0.2124,-0.37299,-0.16285,-0.021775,0.11852,-0.30168,-0.003224,0.39851,0.10671,0.014105,0.30259,0.0039455,-0.061118,-0.34351,-0.48518
-0.060255,-0.41158,-0.37365,-0.127,-0.0063353,0.1183,-0.30548,0.011307,0.4394,0.14759,0.044635,0.38026,-0.02032,-0.018514,-0.3541,-0.48311
-0.072316,-0.4484,-0.4285,-0.16862,0.011332,0.13377,-0.33722,0.04821,0.42278,0.22038,0.023502,0.32138,-0.018747,0.053907,-0.42038,-0.44333
-0.11757,-0.40344,-0.31962,-0.085504,-0.012008,0.18401,-0.35077,0.030229,0.40964,0.25195,0.043872,0.32026,-0.067695,0.014122,-0.36232,-0.46322
-0.12342,-0.43701,-0.38298,-0.06362,0.046266,0.13659,-0.38826,-0.038279,0.4286,0.2442,0.095435,0.36485,0.016725,0.061014,-0.48358,-0.43215
0.26743,0.0054803,-0.35351,-0.02585,-0.0050424,0.2559,0.055316,0.12223,-0.24165,0.18447,-0.21179,0.25355,0.15787,-0.11595,-0.27536,-0.1974
0.45443,0.10783,-0.34601,-0.041395,-0.037303,0.23508,0.055692,0.14677,-0.30948,0.16871,-0.23673,0.251,0.23221,-0.1222,-0.26331,-0.40125
0.32326,-0.04909,-0.27995,0.011862,0.018626,0.26699,0.081967,0.12877,-0.2743,0.1684,-0.13783,0.33501,0.20633,-0.07401,-0.26269,0.49912
0.27605,0.024624,-0.30808,0.031681,0.0017392,0.23076,-0.029045,0.11273,-0.35823,0.20925,-0.15194,0.36878,0.184,-0.035493,-0.26069,-0.46673
0.11216,-0.033383,-0.32128,0.058561,0.019152,0.26447,0.13323,0.13639,-0.33183,0.34197,-0.17909,0.39157,0.15228,-0.095777,-0.17417,-0.38082
0.034984,-0.04222,-0.27819,-0.021554,0.038571,0.27878,0.15795,0.086572,-0.26126,0.34726,-0.13514,0.42651,0.13378,-0.08334,-0.41299,-0.21885
-0.078385,0.11638,0.40531,-0.28811,-0.22486,0.17337,-0.01758,0.18204,-0.34298,-0.029954,-0.15663,-0.0899,-0.16161,-0.056096,-0.19112,-0.26364
-0.042062,-0.037524,0.47286,-0.30167,-0.17773,0.19695,-0.0022647,0.18311,-0.24365,-0.0017726,-0.1708,-0.024561,-0.059174,-0.12768,-0.38634,-0.23842
-0.086764,-0.068654,-0.45229,-0.21684,-0.12905,0.20483,-0.0075115,0.20645,-0.2883,0.1257,-0.16107,0.0069568,-0.13055,-0.10954,-0.47903,-0.31712
-0.097241,-0.041219,0.46884,-0.29667,-0.14491,0.15096,0.046137,0.18554,-0.23403,0.040298,-0.093987,-0.094938,-0.12306,-0.13059,-0.38403,-0.25437
-0.14556,-0.061731,0.38464,-0.28447,-0.11437,0.15016,-0.0060684,0.2041,-0.21704,0.035134,-0.040736,-0.07612,-0.11235,-0.18534,-0.27931,-0.23844
-0.091602,-0.069851,0.36968,-0.19442,-0.10388,0.24529,-0.041895,0.13443,-0.25941,0.088603,-0.032244,0.041699,-0.065593,-0.0895,-0.32717,-0.36382
-0.25738,-0.11298,0.35798,-0.44935,-0.33118,-0.043084,-0.17971,0.13715,-0.19353,-0.098417,-0.15234,-0.28921,0.012825,0.055825,-0.17243,-0.31648
-0.24988,-0.2436,0.39598,-0.46998,-0.26655,-0.014877,-0.14544,0.19029,-0.31012,0.01411,-0.19563,-0.21903,0.050962,0.072074,-0.2173,-0.3573
-0.21741,-0.16163,0.33204,0.42532,-0.27024,-0.011845,-0.17193,0.17771,-0.28501,-0.089224,-0.19598,-0.28343,-0.022276,0.11741,-0.18038,-0.26476
-0.2383,-0.085563,0.30099,-0.47898,-0.31669,0.0022522,-0.15788,0.17705,-0.31587,-0.10097,-0.24444,-0.25733,-0.078118,0.073292,-0.10509,-0.34578
-0.26636,-0.2562,0.31484,-0.47407,-0.23747,0.095151,-0.19126,0.15332,-0.30842,-0.12079,-0.15285,-0.24055,-0.05384,0.11448,-0.11189,-0.34605
-0.21086,-0.23926,0.26816,0.45376,-0.21556,0.069434,-0.1669,0.16078,-0.32029,-0.076316,-0.16012,-0.20434,-0.04572,0.099518,-0.13217,-0.35906
-0.23452,-0.36302,-0.38814,-0.26388,0.034826,0.071862,-0.12318,0.0081955,0.45276,0.15121,-0.16099,0.29444,-0.071607,-0.029166,-0.32926,-0.2766
-0.21825,-0.31162,-0.39484,-0.24737,-0.057961,0.096035,-0.16513,0.089979,0.49004,0.16561,-0.15186,0.26038,-0.039926,-0.078602,-0.2979,-0.31083
-0.28901,-0.13617,-0.47231,-0.34756,0.031168,0.055258,-0.12509,0.10123,-0.42335,0.17349,-0.24755,0.1288,-0.035372,-0.19428,-0.1415,-0.30363
-0.17472,-0.31835,0.45442,-0.30196,0.05716,0.14014,-0.1357,0.10366,-0.38825,0.23083,-0.24476,0.2292,-0.046249,-0.044669,-0.34911,-0.34258
-0.08178,-0.053665,0.4964,-0.32184,-0.04036,0.072421,-0.1513,0.063962,-0.43827,0.14424,-0.25394,0.17864,0.0095385,-0.066035,0.49688,-0.34372
-0.066924,-0.22901,0.43042,-0.36501,-0.015273,0.068675,-0.024315,0.081675,-0.46303,0.096461,-0.24153,0.18077,-0.081592,-0.093174,-0.38832,-0.26883
-0.20501,-0.2688,-0.49436,-0.14676,-0.17724,0.21536,-0.26868,-0.046137,-0.30076,0.058107,-0.029049,0.095143,-0.041365,-0.099343,-0.31888,-0.407
-0.23135,-0.4124,-0.3637,-0.17366,-0.14886,0.27273,-0.31625,0.0091548,-0.29068,0.055567,-0.081192,0.13484,-0.1298,0.020462,-0.39703,-0.34827
-0.13892,-0.38836,-0.36919,-0.18684,-0.12765,0.27733,-0.34866,-0.02105,-0.32679,0.14518,-0.076208,0.2358,-0.10102,0.0088378,-0.43052,-0.47395
-0.11584,0.47826,-0.34293,-0.18404,-0.078798,0.29167,-0.37355,-0.085917,-0.30876,0.20692,-0.04016,0.25538,-0.068609,0.032915,-0.43163,-0.47009
-0.14707,-0.36529,-0.24154,-0.10012,-0.13578,0.22749,-0.43552,-0.11284,-0.3052,0.1968,-0.033854,0.28538,-0.13971,-0.036481,-0.41885,-0.45339
-0.14354,0.49447,-0.26345,-0.090726,-0.12096,0.23864,-0.41235,-0.071215,-0.31438,0.16988,-0.00093007,0.29494,-0.09722,-0.047209,-0.48506,-0.45212
0.41532,-0.21154,-0.34474,0.1003,-0.27688,0.37521,-0.067057,0.11979,-0.30173,0.28722,-0.24581,0.34067,0.10571,0.12237,-0.27096,-0.3066
0.27829,-0.20747,-0.23016,0.16774,0.039372,0.39413,0.02135,0.1655,-0.20251,0.31412,-0.15933,0.31579,-0.040218,-0.020862,-0.3628,-0.41872
0.31385,-0.1867,-0.19471,0.12362,0.00081746,0.43305,-0.023206,0.073613,-0.18713,0.37331,-0.21669,0.31395,0.13747,0.063695,-0.32968,0.36225
0.26433,-0.42724,-0.1314,0.22705,0.029558,-0.48637,-0.045928,0.084816,-0.28232,0.36305,-0.14199,0.38398,0.064079,0.073271,-0.32033,-0.487
0.26423,0.052305,-0.19062,0.16947,0.014898,0.47225,-0.10051,0.033716,-0.30533,0.32454,-0.20173,0.38934,0.056614,0.0097637,-0.39506,-0.48562
0.21514,-0.30642,-0.24694,0.23,0.030296,0.45452,-0.06292,0.084324,-0.23989,0.38328,-0.17847,0.46784,0.056563,0.084228,-0.35705,-0.37633
-0.41436,0.20068,0.16519,-0.15274,-0.10546,0.13654,-0.1149,0.34132,-0.22973,-0.051621,-0.15726,-0.30047,0.0071278,-0.084541,-0.26111,-0.2776
-0.4424,0.081509,0.24811,-0.14116,-0.11916,0.13388,-0.12483,0.35759,-0.17492,-0.15452,-0.14741,-0.26732,-0.010298,-0.049273,-0.1929,-0.2656
-0.25701,-0.14475,0.37893,-0.1235,-0.077471,0.21358,-0.2372,0.26908,-0.20413,0.029324,-0.14607,-0.063975,-0.059637,0.036632,-0.36969,-0.42222
-0.17724,-0.45265,0.38654,-0.060129,-0.055437,0.19396,-0.2821,0.20069,-0.21208,0.10982,-0.17897,0.020804,-0.026864,0.14773,-0.31304,-0.37868
-0.23263,-0.23381,0.44036,-0.056472,-0.053327,0.23019,-0.30702,0.15492,-0.23422,0.09875,-0.17047,0.03103,-0.061931,0.10102,-0.26725,-0.46683
-0.22693,-0.29984,0.29317,-0.035893,-0.068475,0.21619,-0.30849,0.11829,-0.23422,0.14973,-0.14163,0.10062,-0.0087043,0.11672,-0.30933,-0.34794
0.10783,-0.1414,0.32804,-0.14402,-0.088215,-0.050153,-0.036882,0.10044,0.44586,-0.11288,-0.37064,-0.24098,-0.077038,-0.25418,-0.47889,-0.42799
0.12879,-0.31092,0.434,-0.05422,-0.11029,-0.049607,-0.04227,0.11353,0.45919,-0.10409,-0.37943,-0.29189,-0.029312,-0.23518,-0.40926,-0.41179
0.095064,-0.081413,0.37092,-0.079077,-0.11605,-0.012208,-0.047279,0.051262,0.46933,-0.080262,-0.398,-0.26278,-0.067583,-0.22803,-0.3572,-0.48207
0.14847,-0.21716,0.34005,-0.034688,-0.15384,-0.065276,-0.051534,0.045978,0.41281,-0.063324,-0.37891,-0.25679,-0.082101,-0.19414,-0.39924,-0.40532
0.048839,-0.1508,0.3517,-0.00058807,-0.21028,-0.049039,-0.044064,0.028115,0.48589,-0.054015,-0.33459,-0.21296,-0.042487,-0.19875,-0.35015,-0.40301
0.14053,-0.22373,0.43242,-0.15874,-0.16056,-0.071349,-0.049532,0.030083,0.46552,0.036173,-0.36594,-0.20766,0.013743,-0.20294,-0.38872,-0.4447
-0.071953,-0.21861,-0.2199,0.4395,-0.27423,0.014735,0.31591,0.24157,-0.26705,0.32527,-0.16867,-0.27094,0.064742,0.34117,-0.048923,-0.10276
-0.024728,-0.36571,0.0017976,-0.33854,-0.28028,0.016495,0.18069,0.17358,-0.31382,0.40527,-0.18225,-0.065189,0.045052,0.46889,-0.036994,-0.15511
-0.037899,0.29534,0.13136,-0.35125,-0.24704,0.099789,0.23881,0.20604,-0.23289,-0.46234,-0.068408,0.18813,0.0025567,-0.40366,-0.10758,-0.23344
-0.078789,0.3501,0.24988,-0.42154,-0.19362,0.14038,0.11535,0.12027,-0.3462,-0.35593,-0.075745,0.32235,-0.021471,-0.34625,-0.21666,-0.24256
0.18162,-0.036582,0.2953,-0.2333,-0.16752,0.096319,0.0070277,0.058499,-0.40688,-0.29367,-0.22107,0.40079,-0.091618,-0.28023,-0.20724,-0.26457
0.098867,-0.17392,0.32527,-0.21209,-0.18084,0.20832,-0.088807,0.034459,-0.47635,-0.19451,-0.1091,-0.34336,-0.064696,-0.23224,-0.34435,-0.27823
0.34345,0.22946,-0.060613,-0.29873,-0.18511,0.10865,0.14927,0.21706,-0.10997,-0.11374,-0.13161,0.47519,0.074035,-0.35926,0.071762,-0.19928
0.3821,0.2497,0.21244,-0.052405,-0.17063,0.16438,-0.027956,0.23431,-0.251,0.061126,-0.14776,-0.19624,0.006156,-0.30516,-0.074806,-0.32925
0.35181,0.19845,0.31249,0.07318,-0.17161,0.15301,-0.14747,0.19877,-0.27302,0.046354,-0.16132,-0.027552,-0.0012429,-0.15553,-0.13613,-0.27745
0.30392,0.0036244,0.30599,-0.0031072,-0.12326,0.2573,-0.073105,0.17691,-0.28771,0.066023,-0.097866,0.010794,0.0424,-0.20125,-0.057844,-0.31113
0.27178,0.019765,0.38138,0.022276,-0.15604,0.21155,-0.07466,0.13788,-0.30508,0.13645,-0.16012,0.0039747,0.1137,-0.18215,-0.11536,-0.22141
0.33536,0.016512,0.42842,-0.0056472,-0.11091,0.20438,-0.10127,0.13448,-0.35325,0.18213,-0.16485,0.051438,0.035539,-0.18454,-0.087268,-0.27076
-0.44244,-0.31834,-0.21582,-0.146,-0.21757,0.25188,0.28925,0.16908,-0.20227,-0.35877,-0.3071,0.17783,0.14824,0.42689,-0.043538,-0.088595
-0.43784,-0.33417,-0.16338,-0.14111,-0.25713,0.25175,0.36412,0.17248,-0.188,-0.47884,-0.27101,0.10667,0.032853,0.47303,0.03405,-0.12317
-0.21231,0.080791,-0.015006,-0.23306,-0.072558,0.073213,0.32347,-0.15993,0.49546,0.29009,0.0057973,-0.45142,-0.077096,0.30427,-0.38126,0.41176
-0.22873,-0.0058349,-0.032724,-0.22045,-0.082497,0.089554,0.3198,-0.072029,0.49763,0.32105,-0.014839,-0.39619,-0.11392,0.2687,-0.35174,0.42058
-0.20909,0.13027,-0.084612,-0.21313,-0.12639,0.08882,0.3307,-0.11602,-0.4961,0.32792,-0.039514,-0.48049,-0.13588,0.2867,-0.35639,0.45235
-0.17991,0.13991,-0.05472,-0.24379,-0.12902,0.033458,0.36311,-0.13218,-0.47866,0.27484,-0.10667,-0.46583,-0.069964,0.24169,-0.35108,0.47554
-0.18544,0.23721,-0.065697,-0.17908,-0.09966,0.061285,0.32249,-0.20502,-0.46278,0.22205,-0.1067,-0.45116,-0.12399,0.2557,-0.36402,0.47171
-0.23455,0.12239,-0.09536,-0.19762,-0.10912,0.049836,0.3293,-0.13105,-0.49536,0.21055,-0.15386,0.4976,-0.066081,0.34661,-0.34851,0.47893
-0.16942,-0.46904,-0.48945,-0.37933,-0.18403,-0.067424,-0.47601,0.11761,-0.27067,-0.12399,-0.11367,-0.079503,0.001589,-0.017421,-0.21483,-0.39347
-0.24633,-0.44856,0.48201,-0.39314,-0.22966,-0.057539,-0.35572,0.029191,-0.264,-0.14814,-0.2212,-0.071999,-0.016612,-0.0028528,-0.1672,-0.30398
-0.21649,-0.33866,-0.48392,-0.435,-0.23258,-0.066477,-0.37491,0.044944,-0.24959,-0.16469,-0.20681,-0.12287,-0.027081,-0.045419,-0.16886,-0.34844
-0.18815,-0.39695,0.47572,-0.37292,-0.23817,-0.077847,-0.37179,0.053452,-0.24745,-0.17931,-0.17086,-0.14118,-0.041874,-0.047826,-0.19323,-0.33792
-0.15753,-0.36814,0.46113,-0.3752,-0.19032,-0.048589,-0.37216,0.015594,-0.31255,-0.10587,-0.1933,-0.15111,0.020286,0.0013847,-0.29259,-0.39051
-0.14155,-0.44727,0.44276,-0.36686,-0.18359,-0.0466,-0.36918,0.099551,-0.28853,-0.19082,-0.23112,-0.17111,0.047726,0.0091005,-0.24345,-0.38501
-0.067195,-0.33465,0.44289,-0.39549,-0.22253,0.0033282,-0.37555,0.083419,-0.30648,-0.20305,-0.2923,-0.27091,0.066031,-0.064776,-0.18195,-0.48148
-0.016608,-0.31265,0.39784,-0.47577,-0.22298,0.04486,-0.36236,0.11658,-0.35319,-0.21315,-0.29824,-0.29181,0.15328,-0.12706,-0.23743,-0.4398
-0.016879,-0.24082,0.28763,0.49272,-0.26319,0.014794,-0.24289,0.12005,-0.32328,-0.31751,-0.27813,-0.48076,0.10999,-0.21851,-0.13885,-0.39807
-0.030371,0.14544,0.17541,0.35548,-0.30007,0.002273,-0.14516,0.13368,-0.31974,-0.47707,-0.20692,0.33506,0.11961,-0.33111,-0.14686,-0.40907
0.066169,0.096323,0.22842,0.48176,-0.35282,-0.063837,-0.20297,0.21989,-0.26077,-0.49189,-0.25346,0.25281,0.092519,-0.27651,-0.21678,-0.35762
0.0061852,-0.046053,0.16257,0.44557,-0.31104,-0.010906,-0.28664,0.20005,-0.24652,-0.47126,-0.27651,0.369,0.040064,-0.24176,-0.16472,-0.37705
-0.14296,-0.29315,0.4181,0.42179,-0.16863,0.073401,-0.33672,0.24528,-0.24183,-0.11123,-0.24244,-0.17734,0.080111,-0.043555,-0.18943,-0.49475
-0.056092,-0.23476,0.42248,-0.4902,-0.1983,0.042283,-0.31697,0.20141,-0.24478,-0.15941,-0.26262,-0.23143,0.090467,-0.038425,-0.17196,0.48938
-0.10005,-0.34807,0.44339,-0.49766,-0.1659,0.085337,-0.35149,0.24285,-0.32158,-0.07803,-0.097328,-0.18341,0.076475,-0.038279,-0.1183,-0.4878
-0.080787,-0.30835,0.4881,-0.45226,-0.17235,0.063487,-0.31865,0.15319,-0.28723,-0.1183,-0.18579,-0.22739,0.089996,-0.020216,-0.17985,0.49141
-0.03028,-0.35314,0.46007,-0.49326,-0.15515,0.11803,-0.28731,0.13718,-0.29912,-0.085892,-0.22471,-0.18044,0.0076199,0.012892,-0.17118,0.49196
-0.06644,-0.27016,0.45412,0.48756,-0.16193,0.057239,-0.37898,0.064288,-0.33339,-0.083748,-0.24397,-0.22835,0.035572,0.0038412,-0.15393,0.48495
0.032127,-0.0095468,0.22864,0.42197,-0.23118,0.035059,-0.084895,0.27306,-0.2259,-0.42341,-0.22383,0.38408,0.038488,-0.21085,-0.20291,-0.2681
0.029658,0.32598,0.049536,0.44211,-0.30249,-0.075649,-0.055412,0.2745,-0.1883,0.40831,-0.26816,0.13207,0.10978,-0.28674,-0.1612,-0.19881
0.074952,0.25456,0.019098,-0.38216,-0.28261,-0.084428,-0.03581,0.25737,-0.22008,0.3759,-0.34455,0.21757,0.1234,-0.32681,-0.17537,-0.19146
0.090839,0.18058,0.041958,0.43645,-0.20515,-0.015106,-0.039434,0.30135,-0.20822,0.49782,-0.3016,0.30831,0.0019185,-0.23227,-0.19517,-0.23577
0.075486,0.18066,0.072808,-0.49876,-0.23057,-0.044827,-0.11027,0.26917,-0.208,-0.48282,-0.25528,0.36621,-0.0047922,-0.19597,-0.17538,-0.25373
-0.002907,-0.10633,0.10275,-0.47737,-0.19705,-0.056313,-0.098517,0.24599,-0.23829,-0.33885,-0.22759,0.44402,0.051646,-0.18823,-0.13045,-0.30065
-0.00090922,-0.013305,0.12107,-0.45829,-0.27434,-0.051029,-0.067032,0.26834,-0.33127,-0.22071,-0.19328,0.49278,-0.10865,-0.050224,-0.21052,-0.30862
-0.044139,-0.057702,0.18022,-0.45491,-0.29407,-0.058695,-0.13463,0.27352,-0.31579,-0.26151,-0.19314,-0.49197,-0.021383,-0.042854,-0.15918,-0.30496
0.028607,-0.024107,0.28987,-0.40616,-0.22239,-0.080666,-0.11251,0.25806,-0.31403,-0.34289,-0.15377,0.48471,-0.054457,-0.021033,-0.2652,-0.39408
-0.071507,-0.011503,0.26407,-0.4795,-0.22103,-0.060263,-0.13105,0.21357,-0.29168,-0.31432,-0.18061,-0.43613,-0.033729,-0.044481,-0.17426,-0.37682
-0.029324,-0.11876,0.2817,-0.47822,-0.20864,-0.074485,-0.090939,0.26254,-0.30007,-0.31187,-0.18256,0.48104,0.0062644,-0.042216,-0.14249,-0.36455
-0.0087919,-0.1251,0.29017,-0.41532,-0.2595,-0.04929,-0.0808,0.21697,-0.32204,-0.34329,-0.18591,0.47881,-0.038325,0.028186,-0.12212,-0.37699
-0.036302,-0.070636,0.43018,0.44913,-0.23378,0.003958,-0.23188,0.078844,-0.38532,-0.096311,-0.21481,-0.25806,-0.0050174,0.016704,-0.22741,-0.40254
-0.09043,-0.12403,0.49283,-0.422,-0.30149,0.057064,-0.18161,0.12324,-0.30403,-0.19775,-0.22495,-0.278,-0.1343,0.025617,-0.21413,-0.33187
-0.096002,-0.1824,-0.45666,-0.4189,-0.23689,0.051225,-0.21394,0.093379,-0.31461,-0.27547,-0.19968,-0.23922,-0.088949,0.069076,-0.13529,-0.3296
-0.12976,-0.21688,-0.48809,-0.39402,-0.24855,0.083944,-0.21827,0.091606,-0.35034,-0.1964,-0.19016,-0.20674,-0.05897,0.067387,-0.18302,-0.36352
-0.13798,-0.14778,0.49071,-0.39066,-0.2225,0.078068,-0.2045,0.10199,-0.37274,-0.20021,-0.30205,-0.21742,-0.097453,0.061306,-0.22484,-0.36557
-0.14784,-0.24036,0.48977,-0.41199,-0.21615,0.10563,-0.20641,0.10758,-0.3541,-0.21538,-0.21878,-0.24939,-0.040731,0.02253,-0.26836,-0.3368
