2354.6,2001.5,2415.1,2375,1584.9,2135,1419.6,1216.4,1486,1180.1,1416.4,1353.7,1545.7,2099,1326.5,1879.6,1391.5,2239.7,990.76,1757.6,1227.1,1032.1,1567.5,2260.9,1620.9,1956.3,1659.9,1286.8,2364.8,1185.7,1928.5,1842.3,1363.7,2233.9,1294.8,2091.5,1367,1539.4,1066.5,1256,2041.5,2252.9,2209.6,1819.7,2301.4,1558.8,1047.9,1595.3,2137.9,1047.6,1466.5,2044,2374.8,2240.7,1494.9,1902.6,2463.7,1794.4,500.79,1826.4,876.43,1406.9,1336.6,1783.9,1370,2078.6,1408.7,1847,1689.3,2059.3,1716.7,1445.3,1556.8,1602.8,2078.3
1616.9,2410.3,655.09,2195.7,1295.7,2294.2,1961.3,2450.8,2465.4,1581.8,1638.1,1134.7,1471.1,1288.5,1868.2,2371.3,2496.5,1357.1,1478.1,2275.4,2304.8,1532.4,2399.3,1426.8,2235.3,2130,1747.6,2266.7,1891.4,2455.3,1577.7,2168.7,2438.3,2500,2168.3,2167.4,1797.4,1221.7,1880.6,1138.7,2313.5,1880.2,1325.8,1568.4,1441.1,1875.4,1513.5,1493.6,1794.3,2414.2,1194.2,1712.7,2153.3,1291.5,1613.2,1121.4,2059.4,2489.3,1174.2,1436.7,1267.8,1834.3,2263.4,2324.8,2109,2193.3,1823.6,1869.5,1325.2,1860.7,2311.8,2225,2427.2,1097.8,1552
1073.5,1445.6,1423.2,2203,1716.8,1222,1319.9,1571.7,1000.1,2185.4,1574.4,1193.3,2476.6,1960.9,2154.5,2162.7,1590,2013.9,1942.8,688.1,2448.8,2327.2,2118.9,2204.7,1399.9,2350.9,2139.9,696.94,2315,2034.5,1281.4,1931.8,1315.6,2284.2,1931.9,1880.7,2212.4,2063.6,2060.5,1538,1510.7,2280.3,786.91,1616,1349.9,1358.3,2419.9,1360.7,1292.7,2478.1,1905,2090.9,1927.5,1796.5,1386.6,1395.1,2458.9,1937.4,2379.9,2360.6,487.31,1067.1,2205.8,1249.6,2282.9,1844.2,1529.3,1855.9,2034.8,1818.2,1806,2159.5,922.78,1753.9,1714.1
1840.1,1634.9,2320.3,1734.5,1930.2,1621.9,1356.7,2121.3,2310.3,1513.4,1956.4,2437.9,1496.5,1805.7,2473.8,2492.8,1381.8,2427,1709,1213.9,2078.9,2308.2,1747.7,2046.8,1653.6,1818.5,2314.1,1678.9,2475.9,2166.8,2254.1,1502.5,1439.7,1869.1,1056.9,1352,1245.9,2050.2,1428.3,2240.2,1321.5,1577.2,2201.6,2410.3,2390.8,1562.7,2325.7,2084.3,1127.5,1156,1308.8,2080.5,2354.1,2134.7,2184.9,2204.7,1351.1,1272.6,2155.4,2208.7,1477.7,1800.4,1888.9,1343.2,2234,1583.3,2114.2,2338.3,2156.2,2241.1,1064.9,2149.4,1589.8,1940.9,2231
1120.4,2255.1,2475.4,1189.3,1778.6,2465,1566.6,2232.4,1284.2,2073.5,1880.9,2256.4,2351,1756.2,176.29,2400.9,2391.9,1795.9,1607.4,1386.2,2150.8,1251.8,1876.9,1337.1,610.38,2347.2,2293.3,1733.6,1382.4,1794.9,2196.5,1776,1759.5,1675.6,1697.9,2054.7,2415.4,2124,2191.1,1533,2190.3,2068.8,1650.9,2325.1,2062.9,2466.8,933.29,1340,2203.1,1151.3,700.1,2286.6,1906.8,1687.9,2159.4,2333.8,1979.9,2182.4,1912.7,1831.9,1570.3,1721.2,2026.2,1842.6,1235.6,1755,650.22,2307.9,2272.9,2013.6,1507.3,1655.2,1601.4,1096.2,2311.7
2237.3,1868,2472.6,1567.4,2404.4,2489.1,968.6,2362.6,1152.8,1547.6,1587.7,1475.6,1860.7,2469.2,1167.6,2359.3,1109.7,2041,2084.1,2020.6,2365.6,2070.2,1794.4,2333.7,1177.4,1337.8,2445.8,1866.1,2226.8,1670.4,1403.8,2290.8,2410.3,1075.5,2165.4,1412.5,1624.1,1489.6,1829.9,1941.4,2034,1902.8,2325.2,2275.5,1747.2,1429.1,1537,2277.8,2441.5,1429.9,2402.3,1954.1,1088.3,1951.1,1428,2438.3,1876,2140.1,1326.9,2384.1,2083.6,1307.2,1045.5,2128.7,1161.9,2093.4,2275.4,2397.3,2459.3,1648.9,1438.1,913.62,1805.7,1351,1800
2245,2276.3,1261.4,2153.4,1491.7,1202.2,1156.7,1286.1,1592,2346.2,2310.1,2402.9,2450.2,1734.7,2243.6,2142.3,1375,1044,1589.9,2098,2222.4,2131.4,2019.4,1822.7,2086,1409.1,2173.8,1791.3,2492.5,2111.1,1066.5,1334.1,1968.5,1923.6,1462,1420.1,1403.1,1463.4,2033.4,1586.2,1954.6,2042.4,2364.2,2001.9,1803.3,1676.4,2295,1400.2,1458,1492.3,1250.2,1549.1,1858.2,1146.5,1374.7,1940.7,1840,1376.9,2337.7,1189,1263.4,1197.5,1629.4,2276.8,1314.5,2236.9,1647.5,1943.9,2322.6,1270.9,1526.3,2415.5,1706.3,1388.2,1116.3
2143.5,2329,1703.3,1825.7,1915.9,2381.5,679.39,2327.3,2241.7,2294.3,1838.1,2283.7,1973,1641.3,1661.9,2097.5,1685.2,1311.5,2270.4,2245.4,2234.4,2272.4,1708.7,1318.6,1082.5,1881.4,1799,1101.1,1737.5,1194.5,2342.9,1877,2366.5,2396.9,700.25,2477.4,1870.8,1794.5,1146.4,1162.6,1553.6,1547.9,1093.4,1165.5,1651.4,2397,1842.3,1654.1,2368.6,1942.4,1518.7,1440.2,2049.9,1590.8,1609.1,1317.9,1874.7,2160.2,2148.9,2390.6,1043.7,1885.8,1861.1,2092.8,1789.7,1200.6,2486.6,1493.5,1586.6,2225.5,2058,1657.9,2315.7,2349,1351.7
2260.1,2309.7,1775.9,2069.4,1845.9,1854.9,2236.8,1689.6,1532.4,2438.6,811.01,1131.9,1249.9,1350.3,2016.7,1192.8,1571.7,1623.5,1271.8,1228.2,1172.2,1154.5,1174.9,1474.5,1774.4,1560.6,1301.6,1782.5,1584.1,1495.1,1261.9,2199.7,2370.7,1576.5,2033.2,1902.6,1064.6,1545.6,2091.2,2012.6,1727.5,2215.6,2179.2,1305.5,1881.3,2432.2,1199,1666.7,1786.4,2277.3,1249.6,1120.8,1202.8,2131.1,1920.2,2351.1,1749.2,1757.3,1287.3,1777.2,2124.1,1881.3,1759,2456.9,2315.8,1806.4,2313.5,2070.1,2349.6,1072.1,2437.2,1479.7,1460.7,2431.3,2400.2
1885.8,2440.2,2330.6,2355.8,1291.8,2105.8,2159.8,2134.3,1591.1,2215.2,2362.5,2487.7,1314.9,1827.6,2083.3,2168.4,1032.5,1605.4,1218.1,1135.7,1377.6,1085.3,1258.4,2171.7,1209.9,1868.3,1285.7,1802.2,2484.9,1385.7,1833.2,1445.1,1917,1250.9,1389.1,1137.8,1535.5,1506.2,1128.6,1308.7,1522,1419.3,1163.7,1581.1,2332,1049.1,1589,1402.1,1590.3,2187.7,2242.7,2067.2,1474.7,1557.8,1955.7,2412,1811.3,2279.6,1878.2,1765.4,1584.2,1652.7,1071.9,1569.7,2125.2,1684.1,2034.2,2089.3,1544.8,1239.9,1489.3,1716.4,2242.6,2309.8,2194.7
1308.6,2317,1317.3,1731,1281.1,1741,1747.2,2428.4,1664.6,1890.1,435.95,1528.2,2321.5,2453.3,2163.5,2252,1330.7,1278.8,2420.2,1533.2,1494.7,1174.8,2264.1,1845.7,2431.2,2276.4,1390,1746.6,1737.8,1861.4,1926.1,2076.1,1937.7,1639.4,1808.1,1748.4,1164.6,1871.3,1563.2,1694,1053.5,1564.5,2452.6,1455.3,2178.4,1586.8,1620.6,2497.9,1127,2458.3,1204.2,1698.7,2443.4,1567.9,1831.5,2110.7,1809.1,2411.5,2294,1357.7,2173.7,2334.3,2297.1,1455.5,1456.5,1616.6,1561.3,1204.7,1600,2349,1587.8,2211.7,1371.3,1530.7,2084
1491.8,1294,2343,1231.3,1605.8,1592.1,1527,1462.4,2318.2,1740,1049,1832.8,1458,2479,1078.3,1400.6,488.07,2400.5,2074.3,1424.7,1363.6,1729.8,1518.9,1428.7,1096.6,2100.9,1841,1361.4,1020.7,2293.5,1813.6,1688.3,2408.2,2463.3,1801.1,1469.4,1760.4,1175.1,1954,1185.2,1728,2076.4,2252.6,1813,1326.5,1471.5,2472.9,1397,1028.8,2204.6,1352.5,1257.3,1718.3,1316.2,1714.9,2303.8,2329,511.79,2391.3,1344.9,1529.2,2481.9,1149,1480.6,1971.7,1595.8,1627.3,1672.4,1038.8,2064.7,1426.3,1126.6,2340.4,2033.8,1734
1925.5,1844.4,2228.1,1999.1,1613.7,1575.3,2357.4,1132.8,1172.5,1754.3,1161.8,2375.5,2273.5,1542.6,1542.7,2238.5,1045.8,1190.6,1554,1409.4,1669.4,1493.7,2051.5,1601,2096.1,1730.1,1879.4,1259.6,1738,1775.3,2092.5,1095.1,1072.1,1949.6,2256.1,1963,2321.8,1598.3,1332.4,1687.6,1452.3,2135,1263.3,1159.8,1771.3,2213.7,2174.2,1434.9,1654.6,2382.4,1755.1,1121.7,1244.4,1176.7,1003.4,1327.1,1528.2,1865.3,1713.4,1018.5,1792.6,1290.4,1674.5,2485.5,1378.8,1231,1691.1,1158.4,1311.8,1513.8,2007.4,2294.9,2011.2,1562.7,2221.6
1367.9,1345.1,1944.1,1186,1214.3,2248.1,1619.7,1626.8,2262.8,1615.4,1589.9,1631.5,1244.8,1196.5,1697.4,1829.1,1213.4,2381.3,1762,2036.4,1046.6,2231.4,1198.7,1194.8,1325,1124,1030.4,1705.5,1145.5,2401.2,1214,1292.9,1255.5,1874,1513,1425.5,1902.9,1050.6,1944.7,1853.5,1027.3,2350.4,1290.5,2123.7,2122.3,2082.4,1611.9,1602.4,1738,1275.8,1706,1208.2,1050.7,1624.4,2029,1807.7,1059.2,1104.1,1723,1720.5,1355.7,2137.4,1643.1,2448,1165.4,2210.9,1706,1337.1,1559.6,1271,1492,2471.1,1109.5,2405.2,1227.1
1679.9,1635.7,1799.7,2369.6,2444.3,2295,1686.9,2165.9,2095.2,2404.2,2302.5,1331.2,513.64,1654.4,2327.3,1134.8,1514.5,1969.8,2161.7,1395.7,1842.1,2422,2210,1859.3,1954.5,1781.3,2153.3,1226.3,1668.6,1008.9,2214.7,1799.5,1535,1470.8,1261.2,1510.3,1953.6,1963.8,2434.2,1804.2,1413.2,1188.6,1509.4,1523.2,1511.4,1372.4,1589.6,2274.1,2324.1,1622,1891.3,1797.2,2071.2,1995.9,1723.1,2321,2389.4,2252.5,1212.2,1162.8,1542.6,2334.4,2335.5,2287,2474.2,2260.9,1377.8,1981.3,1623,1691.1,1553.8,1451.9,1326.7,2106.2,1231.6
1609.7,1833.4,1533.7,1741.3,1106.3,1618.9,1582.8,1799.9,1348.2,1501.8,1985.5,1870.9,1954.4,1889.6,1705.2,1425.6,1978.5,1679.1,1120.2,1436.5,1984.6,1184.1,1791.5,1792.8,1553.2,1627.3,1618.6,1220.5,1805.8,1845.8,1274.9,1564.3,1594.9,1802.4,1136.5,1902.5,1634.6,1720.5,1552.9,1690.1,1709.9,1611.6,1279.6,1741.9,1845.9,1686.3,1539,1182.4,1689.7,1583.8,1644.3,1327.6,1500.7,1724.3,1683,1461.9,1723,1804.2,1658.9,1844.9,1424.4,1419.4,1755,1897.8,1413.9,1605.3,1721.6,1907.9,1768.1,1982.5,1749.7,1574.8,1249.1,1712.5,1461.2
2120.5,1381.2,2103.6,1555.1,2113.7,1221.3,1315.2,1452.4,1290.8,1504.7,1208.1,1321.2,1898.6,1892,2431.3,2260.1,1415,1310.6,883.47,1410.7,2161,1911.8,2206,1354.6,1357,1211.2,1051,1656.5,2112.4,1004.9,1869.7,1622.9,2002.7,2097.4,2234.7,2288.8,1172.1,2158.4,1591.4,1231.7,2481.9,1409.5,1144.5,2438,1722.7,2228,1528.7,2372.6,1013,1732.6,1018.4,1295.5,1261.1,1250.8,1164.1,2486.6,1833.2,1884.6,2141.5,1938.2,1726.2,1349.6,1475.8,1913.6,2116,1325.7,2398.2,1753.3,1140.5,2085,2276.8,2122.2,2261.5,2442.4,1778.3
1365.5,1258.5,1618.6,1502.1,1723.5,1376,2455.7,1367.2,1364.8,1421.3,2173.2,1286.2,1344.2,1526.5,1440.9,2280,1792,1064.1,1033.7,1568.4,1906.9,1344.7,2442.2,1352.3,1702.1,1386.3,1704.4,1646.1,1891,1473.5,1136.4,2406.5,1554.8,1134.8,1289.1,1484.5,1174.6,1305.2,1375.4,2035.8,2472.5,1311.7,1073.5,1258.8,1739.5,1258.6,1562.6,1866.5,1535.5,1570.1,1257.8,1043.5,1675.1,2484.8,1274,1181,1379.3,1312.1,1601.3,1681.2,1461.5,1302.5,1746,1362.3,1709.7,2497.5,1814.6,1280.6,1641.5,1259.6,1378.4,1357.6,1308.2,1830.7,1609.7
1194.1,1444.5,1663.7,2305.6,1618.7,2179.8,1942.3,1829.2,1771.3,2357.4,2393.9,1859.7,2485.9,1515.1,1944.6,1157.9,1750.4,2476.3,1285.3,1667.5,1830.9,2443.3,2463.1,1802.2,1311.1,1813.1,1997.2,2468.8,1606.2,2474.8,1285.4,2249.8,1543.9,1322.9,2475,2152.1,1202.4,1334.7,1790.2,2265.4,2400.8,1546,1564.2,2328.8,2403,2470.7,2042.9,2024.6,1183.1,1945,1078.2,1699.9,1500.7,1472.9,2114,2296,2069.7,1969.4,1548.1,1830.4,2419.3,1856.1,1517.2,1444.7,1724.1,1985.1,1980.5,2462.5,2260.6,2110,1663.9,2093.5,2206.8,1657.5,1258.8
1916,1730.1,1467.1,2286.2,2147.7,1819.4,2316.6,1868.3,1089.8,1664.9,1318.3,1955.6,2217,2062.1,1286.8,2352.1,1991.2,1865.5,2272.5,2030.1,2029.1,1804.2,1397.7,1042.5,2474.7,1926.2,1753.8,1644.7,2490.2,2343.5,2179.7,1538.3,1692.4,1873.8,2419.4,1788.9,2342.2,1221.2,1805.3,1661.4,2069.9,1850.6,2174.4,1262.9,1724.5,2376.5,1176.1,1116.5,1613.5,1064.4,1620.4,1204.4,2305.3,2332.9,2286.1,1622.7,1975.8,1685.9,2393.8,2056.5,1615.9,2023.7,1597.4,1639.4,1065.3,1696.3,1528.8,1861.8,2097,1670.9,1817,2295.8,1902.8,1378.5,2341.8
2175.8,2332,1395,1794.3,1113.2,1433.1,1454.1,2125.5,1319.6,1453.3,2317.7,1634.6,2045.5,1978.5,2205.5,2396.1,1110.7,1827,2154.2,1699,1626.9,1651.3,1661.6,1380.3,1922.2,1782.6,1296.3,1660.6,2159.9,2266.4,1526.7,2159.8,1269.8,1033.8,1692.7,2282.1,1852.8,1161.3,2277.8,1560.1,1427.7,2253.8,1682.7,1442.4,1321.1,2434.6,1756.5,1590.8,1881.1,1618.6,2101,1362.2,1889.4,1492.7,2397.3,2076.4,2131,1570.1,2415.3,1632.4,1133.4,1453.9,1308.7,2323.9,1300.9,1740.3,1616.5,2201.9,1099.1,1634.9,1365.9,1746,1434.4,2058.2,2402.8
1656.3,2250.5,2149.6,1862.6,2198.9,1451.1,1445.3,1090.1,1394.2,1268,2462.1,1183.1,2073.3,2402,1273.3,1169.3,1622.3,1583.6,2466,2318.6,2299.9,2384.4,1841.7,399.21,2222.6,2306.8,2368.3,1772,1338.4,1388.8,1108.7,1679,1008.5,1093.2,1538.8,1204.8,1916.5,1103.9,1441.8,2256.9,2231.6,2225,1224.1,2083.5,1136.8,1185.5,1574.9,1514.3,1629.8,1685.5,2381.4,1284.8,1232.2,2349.5,2174,1223.4,1415.2,2221.9,1964.1,2227.6,1529.8,2309.4,309.54,481.59,1669.5,2407.4,1839.9,1889.8,1799.5,1461.1,2034.5,2145.2,1392.1,1175.7,2192.8
1966.1,1267.6,1970.6,1287.2,1802.2,2351.3,1945.2,2452.9,1993.6,2137.4,1492.4,1995.7,2179.4,1253.5,2227.6,1434,2062.6,1974.8,1751.8,1356.2,2440.4,540.9,1685.8,575.98,1185,2332.8,1648.4,1830,1187.3,1880.6,1282,2498.5,2422.4,512.94,2426.7,1382.6,1245.2,1573.4,1568.1,1396.5,2405.4,1955.7,2053,1963.3,1253.1,1058.2,2068.5,1827.8,1661.2,1598,1848.7,2081.5,2029.6,2055.4,1757.7,2035.5,2187.8,2182.6,1707.9,2465,2204.7,2223.9,2346.9,1742.5,1043.3,466,1510.3,1307.9,2329.7,1941.9,1044.7,2045.4,1237.8,1176.9,1012.4
1600.1,2216.9,2101.3,1266,1192.4,1070.6,2206.2,2222.5,1167.3,1615.1,1496.2,1923.8,2306,2165.8,1907.4,2412.5,1586.1,1867.4,2111.6,2470.5,1452,1964.1,2458,1744.8,1334,2394.2,1850.4,2219.2,1479.4,2374.1,2055.8,2345.5,1170.9,1681.5,1600,1257.5,1337.3,1596.7,1282,1691.4,2421.2,1663.9,1568.4,2095.4,1909.1,1885,2417.1,1719.2,1966.3,2107,2025.6,2347.5,1912.3,2103.6,2465.2,2143.4,1668.1,1841.7,1685.6,2418.7,2348.2,1809.2,2221.5,2049.7,1775.4,1902.3,1865.8,2115,2333.4,1869.2,2385.1,1635.7,1671.2,1643.4,1467.8
1229.3,848.65,1722.2,2450,1168.3,1532.2,1569.3,1125.2,2339.6,2370.5,1594,2435.1,1197.9,1485.9,2242.9,1939.7,1110,973.23,2323.3,2312.6,2062.2,2254,1849.2,2463.1,2043.2,1158.4,1812.2,1911.5,2419,2100.1,1674.6,2451.9,2151.4,1515,1679.8,2364.2,1768.1,2131.9,2078.9,2389.3,1771.7,1124.7,2081.6,1133.4,1705.7,1857.6,2027.6,1231,2024.5,2353.7,544.66,1824.2,2329.3,1280.4,1913.7,2094.6,2157.2,2240.2,1645.1,1300.2,2067.7,711.85,2018,1817.6,395.38,785.05,1779.6,2455.9,1676.7,1983.5,1843,2301.6,1858.1,1453,1810
1095.4,2115.5,1026.9,1741.4,1894.5,1987.7,1313.5,1174.4,1077.5,1482.7,1144.3,1759.4,1199.2,1537.8,1435.2,1560.5,1362.9,1708.9,1068.5,1778.5,1696.3,1713.6,1633.8,1903.7,1768,1655.7,1779.9,2226.2,2172.5,2242.3,1550,2049,1818.1,1611.6,1299.8,2435.2,1696.6,1338.5,2408.1,1287.8,1304.8,1911.8,1561.2,1871.8,2020.6,2129.9,1230.7,1651.8,2497.4,2430.3,2072.8,1744.3,1508.3,2102.7,2475.3,1542.8,1887.4,1442.7,1820.3,1178,2489.4,2099.1,2076.4,1012.5,1827.4,1450.7,2060.4,1839.5,2389,1994.4,2018.5,1402.9,1757.8,1366,1209.8
1246.2,1989.3,2326.6,1230.3,2221,1692.2,1287.3,1674.5,2163.2,2448.4,1999.8,1538.4,2074.2,1774.7,2249.2,1602.4,2275.8,2188.1,2277.5,2224.5,1198.4,1848.5,1740.3,1052.1,1882.8,1942.7,2353.8,1704.6,1697.2,1973.4,2491.8,1911.7,2273.7,1560.2,2455.9,2220.7,1549.8,2136.6,1515.8,1571.4,2164,2170.6,1787,2067.8,1272.8,1707.7,2450.1,1862.2,1650.7,1414.2,2124.9,1869.4,2309.9,2013.9,2161.2,1919.5,2471.3,1311.1,1856.2,1572.2,1414.6,1485.7,1347.7,2100.8,2001,1049.4,1436,1576.3,1753.8,2437.5,1830.4,2342.4,1582.8,2255.7,2200.1
1827.4,1800.9,1136.3,2129.8,1404.7,1668,2021.2,2287.8,1008.9,2439,2026.7,2235.7,1740.1,2196.2,1663.5,2013.2,1462.4,1323,1169.7,2430.5,1878.7,2227.1,2351,2427.2,2212.9,2476.2,1685.8,1754.8,2270.1,1807.2,878.76,2391.8,1828.1,1756,1231.9,1564.6,1073.1,1315.5,2305.9,2389.4,1215.7,1615.5,2426.2,1095,2211.2,1906.9,1846.7,1490.5,1840.3,1007.8,1649.5,2240.1,2252.1,2122.5,1393.6,1578,1706.5,2005.8,1835.1,766.95,1670.8,2322.9,1515,1802.9,1687.8,2081.9,2230.2,2399.8,2042.2,2099.2,1318.5,1263.6,2449,1149.8,1953.5
1313.5,1676,1537.7,2242.9,2126.5,1997.3,1885.2,1156,2335.4,1070.2,1735.2,1925.2,2101.7,1330.6,1172.5,2322.6,2275.1,1683.3,1368.4,1715.4,1998.8,1196,1479.6,1370.6,1828.8,1619.1,1859.8,2053.7,1764.8,1248.9,1512.2,1563.4,1058.2,2226.5,2497.5,2381.1,1940.4,1982.7,2474.6,2429,1884.4,2434.9,1440.8,1804.7,1534.8,1290,2091.1,1088.4,1358.5,1497.7,1608.7,1114.4,1128.8,1026.5,1772.2,1839.7,1160.7,2027.4,1214,1137,2269.7,1967.3,2454.4,2187.7,1646.8,2037.7,2120.9,1571.3,1723.7,1929.5,1204.5,2428.6,2393.3,1582.6,1411.5
1667.2,1803.9,2288,1691.9,1389.5,1560,1495.1,1898.6,1969.9,1521.6,1475.9,2293.7,2252.6,1229.6,1655.8,1793.7,2202.4,1482.1,1242.5,1535,1983.3,1036.8,1817.3,1232.9,1441.5,2039.4,1869.3,2324.1,2306.8,1596.4,2431.4,1530,2494.2,2013.8,2235,1480.4,1942.1,2320.7,730.61,2377.7,1753.9,1331.8,1260.3,1674.2,2222.9,1236.4,1558,1219.2,2045.4,1250.1,1350.3,2436.3,1902.1,1331.9,1710.6,2367.3,2247.8,1522.1,1788.6,1566.7,1107.1,1564,2401.2,2374.5,2422.8,1109.9,1162.9,1503.4,1507.8,1762.1,2234.3,2264.2,1354.8,1251.8,2365.1
1647.5,1098.7,2010.1,1315.9,1625.4,2326.8,1801.4,1323.1,1241,1548,2170.8,2297.6,1017.1,1668.9,1064.8,1666.4,1246.3,2434.1,1510.4,1450.9,2310.3,2029.6,2147.4,1269.3,1834.3,1161.8,1223.5,1515.6,1077.2,1706.3,2131.1,1639.3,1805.8,2473.2,1598,1987.7,2110.9,1020.7,2478.1,1903.5,1268.4,2111.4,2274.5,1297.4,1604.8,2134.7,1774.1,1134.9,1237.6,2476.5,2494.2,2368.5,2358.2,2171.1,1985.5,1826.2,1997.5,2293.4,1462.7,1289.3,1642.3,2393.4,1362.7,1330.3,1775.9,1717.8,1649.3,1341.4,2139,1526.3,1776.1,2205.3,1166.6,1314.2,2391.3
1038.4,2401.1,2130.8,1637,1787.7,2204,1712,1354,2148,1375.4,1585.8,2038.2,1158.4,2336.4,2284.6,2322,1562.1,2472.2,2480,2030.9,2343.1,1447.5,2352,1007.6,1957.8,1390.8,2291.4,1355.6,1734.9,1832.4,2406,1470.2,1604,2130.8,2158.9,1488.6,2463,1705.4,1734.8,1516.5,1964.2,1655.9,1681.8,934.36,2165.9,1107,2412.4,2439.1,1404.4,2240.1,1558.2,1687.1,2092,2439.4,2001.9,1187.6,1177.2,1985.9,1516,2497.7,1605.1,2307.5,1565.4,2236.1,1113.6,1237.6,1616.4,1965.4,1761,1235.1,1432.2,1284.6,1215.3,1157.4,1562.5
1912.2,1584.7,2486.3,2394,1973.4,1810.8,1611.6,1279.4,1415.9,1650.9,2158.9,2146.4,2357.9,2443,2194.9,2077.1,1622.1,2380.1,2126,1894.4,2345,1285.2,1271,2362,1626.1,2353.7,1417.1,1276.1,2172.2,2232.3,1163.2,1739.8,2154.7,2198.5,1943.8,1620.1,2270.3,1752.9,1429.1,2431.4,2108.5,2208.2,1327,1074.4,2422.2,1628,1453,2324.7,2451.6,1383.5,2393.5,1362.7,2234.2,2496.7,1010.5,1019.3,2283,1790.1,2138.1,2457.3,2431.7,1417.7,2244.7,1842,1379.5,1718.3,1560.4,1615.3,2368,1296.3,2366.7,1098.2,1038.5,2364,2485.6
2480.4,2497.2,2418.3,2468,1929.4,2292.2,2115.2,1125.7,1800.2,1833.8,1391.5,1388.7,1263.1,1085.5,1481,1317.8,1920.3,1785.9,1116.1,2275.6,1288,2355.1,2112.4,1092,1222.7,2137.9,1585.6,1232,1772.9,2489.7,1802,1742.3,1527.4,1926.1,2382.8,1896.4,1469.8,1682.4,1365.8,1577.7,2173.5,1951.8,2015.5,2464.6,2319.5,1381.8,2446.9,2157.3,1253.4,2052.4,2209.3,1831,1848.5,2439.1,2194.5,1153,1318.3,1728.9,1816,1250.1,2472.7,1687.3,1732.6,1729.8,2188.7,1967.2,2029.2,2194.1,1633.2,2073,1792.4,1843.4,1622.3,1233.5,1110.3
1310.4,2029.9,1756.9,1371.5,1622.8,1271.8,2150.7,1007.4,1855.5,1157.9,1004.4,1146.8,1975,1242.6,1487.1,1951.7,2479.3,1616.8,1364.8,1162,1613.1,1399.4,1011.8,1240.2,2147.8,2144,1959.6,1365.9,2314.2,1291.6,1551.5,1026,1430.2,2197.3,1636.3,2107.8,1644.4,2007,1261.7,1408.5,2331.8,1747.7,2194.5,1717.1,2488.7,1306.3,1662.9,2114.7,2301.7,1313.3,1189.9,1553,2294.9,1107.5,1637.5,1287.3,1556.9,2182.3,1328.3,1722.9,1311.2,1748.6,1113.6,2353.5,1456.5,1263.8,2287.3,2379.2,1260.7,2373.3,1448.9,1390.3,2385.5,1681,1027.8
1663.4,1014.8,335.84,1547.2,1271.4,1297.8,2497.4,2313.4,2361.3,2408.9,1641.6,2206.9,1714.6,2296.8,831.53,1975.7,1278.8,1654.2,1853.7,2163.1,2048.6,2017.2,1915.4,857.7,2177.8,2327.8,2187.1,1833.7,1515.2,1351.1,1879.1,1241,2397.7,2212.7,1489.6,1166.3,2431.8,1223.3,1558.5,1837.6,2334.4,2397.7,2178.7,1586.4,1160,1209.9,2163.3,1366.1,2274.9,1620.2,1770.9,1771.5,2142.5,1692,2164,1513.5,2154.8,2147.7,1676.4,801.62,1286,2072.7,1496.5,1526.7,2490.9,2029,2404.5,1431.7,1789.7,1030.6,1666.7,1658.1,2392.3,1760.1,1637
2331.9,1978.1,2479,1468,1549.7,1453.4,2270.4,1265.5,1482.3,2201.3,2380.5,2277.4,2418.5,1226.7,2356.2,1315.5,1773.7,1274.1,2250.2,1465.3,2149.8,2307.8,2386.8,498.57,1622.4,2197.6,1146.8,2109.1,1943.1,2404,2279.6,1179.2,2302.1,1242.9,1775,2476.8,2257.7,1776.4,2135.1,2317.7,2248.8,2473.6,1787.8,2285.3,1810.6,1134.3,1873.3,1386.4,2209.5,1321.3,1264.7,1966.4,2451.7,1247.1,395.32,2408.7,1594.6,1716.5,2297.2,1894.2,2040.6,2408,1402.1,2149.3,1342.1,2228.3,1928.3,1595.6,2050.3,1956.3,2130.3,1688.9,2412.6,2196.6,2496.2
1823,1569.7,1074.4,1399.7,1330.1,1943.7,2207.9,1928.3,1563.7,2121.9,2097.5,2431.2,2359.5,2141.9,1481.7,2184.6,1463,1727.6,2254.8,1770.1,1414.1,1828.1,1511.1,2000.6,1241.2,2068.4,2042.5,2360.5,1613.8,1087.6,2364.2,2333.9,2051.3,1439.4,2076.3,1642.2,2127.7,1746.8,1417.8,1703.6,1096.6,1953.3,1061.4,2318.8,2140.4,1836.7,1887.1,1661.5,1655.2,2455.1,1396.5,1018.7,2479,1963.6,1570.2,1970.7,2325.8,1680,1635.2,1491.3,2264.4,1060.3,1515.9,2476.4,1929,2412.4,1764.7,1432.9,2312.8,2477.3,2327.5,2371.7,1836.1,1858.7,1445
2266.9,1157.8,1591.7,1829.6,1587.1,1037.4,1543.7,1171.3,1760.2,1106.2,1768.3,1129,2126.6,2497.7,1307.9,1180.9,1973.1,1967.2,709.5,1372.4,1795.1,2438.4,1647.6,1148,1901.5,1799.9,2225.7,1266.6,1152.3,2442.5,2386.9,2283.4,1601.9,2490.5,2385.6,1571.4,1361,2395.3,1840.2,1407.8,287.47,1750.6,2475.4,1377.1,1598.7,2013,2332.5,2333.2,1288,1493.3,2160.1,2392.6,2254.9,1115.7,2157.9,2190.5,2137.1,1178,2132.5,2078.4,1783,2478.5,2226.5,1277.3,1430.9,2169.8,1394.8,2474.8,1920,2127.3,1934.7,2239.5,2272.9,2472.7,1650
1873.4,2206.9,1922.2,1293.5,2366.5,1460.6,2380.7,1107.4,2458.9,1954.2,2082.7,1818.7,2246.5,1758,1638.3,1588.4,2180.1,1724.9,2483.2,2303.9,2153.5,2017.5,1478.1,2180.6,2407.6,2222.7,1296.2,654.94,1673.1,1827.5,2371.9,2414.5,1812.5,478.46,2141.1,1099.9,2125.2,1711.5,1614.4,1922.5,1500.6,2221.4,1959.1,1634.4,1392.8,1215.8,1786.1,2364.8,1910.9,1216.8,1557.8,1417.7,2301.4,1149.1,1526.4,2231.2,2228.3,2454.1,2308.2,2190.7,1820.7,1171.8,1182.3,1200.1,1702.9,1736,2310.2,2356.7,2489.7,2250.3,2478.6,1837.7,1651.6,2160.8,325.06
1573.3,1572.6,1897.1,2230.8,2146.1,1155.8,2096.7,1165.3,1078.7,2174.3,1889.3,1127.4,2469.6,1163.6,2070.3,2347.4,2235.2,1646.2,2068,1902.5,1378.8,1965.1,1792.8,2215.7,2263,2074.7,2253.9,2476.3,1372,1138,2414,1844.9,1022.2,1454.6,2390.7,1524.6,2431.8,2146.5,1672.3,532.47,2271.1,2091.4,1596.1,1760.2,2347.5,1763.7,1020.8,1592.1,1676.2,1545.9,1157.2,2067.8,1372,2038.4,1635.6,2110.7,2278.2,1643.9,2383.2,1693.8,1551.1,2081.6,1903.9,2388.2,2413.8,1797.9,2410.2,1899.8,1683.9,2165.7,2320.2,1681.2,1286.2,2171.4,1367.5
1910.2,1361.3,1117.3,1691.9,1354,1812.8,1944.7,1701,1928.3,2383.3,2324.2,2456.2,2086.7,1347.4,1872.7,1735.7,2165.9,482.75,897.12,1528.1,1054.3,2470.7,1703.1,1195.2,2383.3,2153.8,2024.3,2401.9,2427.1,1581,1433.7,1224.1,1123.4,1813.1,2225.4,2361.6,2068.9,1443.7,2059.3,1848.6,1875.2,2482,1775.9,2380,2120.3,2267.3,1025,2185.9,2042.3,2453.2,1592,1265.7,1154.4,2322.9,2376,1030,2076.9,2001.3,2428.3,1010.4,2482.2,1606.1,2033.4,2181.9,2384.6,456.77,2257.8,2259,2078.3,995.27,1853.6,2113.3,1508.3,1528,1219.9
1469.3,1021.1,2357.4,1071.5,1723.2,2273.7,1896.7,1433.3,1695.1,1295.2,1898.5,1401.3,1814.1,1610,2103.3,1991,2140.4,1973.9,853.33,2217.5,1204.7,2375.3,1981,1708.1,1964.7,2052.4,2200.2,1974.2,1910.3,2451.6,2463.5,1753,2226,2155.7,1385.1,1481.2,1167.1,1325.2,1713.8,2494,1658.1,2116.2,2334.4,1771.8,1979.9,1068.9,1109.3,2337.7,2364.1,1653.6,1105.4,2490.9,2267.2,2132.5,1389.9,1556.1,2118.6,1269,2190.8,1604.6,2096.7,1742.3,2203.6,1593.6,1371,1716.1,1350.5,2345.3,1438.9,1835.1,1187.4,1905.7,2322.1,1476.7,2217.2
1581,2077.8,1204.2,1316.1,1285.7,1331.3,1194.9,1829,2365.1,2384,1311,2013.4,1905.8,1023.3,2347.4,1531.1,2252.5,1478,2038.1,1638.6,1049.9,2028,2183.3,1949.1,2003.8,1470.9,2028.9,2215,1517.2,2129.2,2349.5,1160,2127.7,1923.9,2295.2,1092,1714.4,2275.3,1943.5,2011.5,1437,1364.6,1739.2,1571.4,1488.5,2260.6,1847.8,1490.6,1496.2,1086.5,1116.1,1639.3,1446.3,1294.1,2251.1,1803.6,1150.5,1518.7,1249.1,1461.7,1889.8,1206.8,1680.8,1507.9,1292.3,2382.3,2069.9,1712.4,1610.9,1324.5,1992.9,1840.9,2457.8,1971.1,1364.5
2237.2,2036,2293.5,1097.3,1150.2,2068.9,1894.6,2452.4,1612.7,1383,1929.9,1088.8,1522.7,1778,1933.1,1313.4,1497.2,1450.3,1245,1225.7,1616.2,1244,2437.2,1680,1543.5,2283.5,1427.7,2058.3,1268.6,1324.9,2465.7,1595.2,1630.4,1334.5,1348.6,2004.8,2114.4,2317.5,1815.4,1442.3,1856.7,2174.4,2476.5,1281.5,1126.8,1715.6,1784.4,2221.3,2492.3,2366.9,1649.3,1301.2,2488.3,1040.6,1264.6,2130.1,1771.6,2127.8,1635.9,1087.4,1442.7,2302.6,1317.6,2384.7,2363.9,2064.1,2030.1,2111.7,1534.8,1369.4,1666,2202.4,1665.2,1565.1,1751.5
1635.6,2302.3,1354.8,1276.8,1884.7,1675.9,1830.2,1453.3,1843.4,1495.4,1981.3,1306.2,2036.5,1011.5,1275.2,2386.2,1468.7,1767.7,1686.9,1776.2,1410.6,1539,1246.9,2484.6,2057.4,2464.3,1308.8,2498.2,1997.2,1945.5,1145.8,1989,2203.4,1434.2,2166.5,1981.2,1422.2,1314.1,2414.9,2310.2,1722.2,1295.7,1613.4,1301.4,1002.2,1683.8,1586.9,1333.9,1279.3,1985.1,2040.9,1395,1789.3,2414.6,2455,1149.9,1422.5,1304,1376.1,1496.5,1811.6,2239.6,2127.8,1657.4,2383.7,1401.8,1059,1552.6,1557.7,2279.7,1458.7,1514.2,1623.2,1259.4,1405.9
1517.1,1937,1226.2,1039.3,1738.6,1677.6,1575,1822.8,1613.2,1798.6,1156.5,1608.3,1961.5,1715.1,1986.5,1740.6,1400.5,1370.8,1429.4,1829.1,1969.3,1846.6,1688.2,1633.8,1547.7,1836,1152.9,1890.2,1815.2,1507.6,1187.5,1520.9,1560.6,1977.4,1040.3,1399.6,1827.6,1830.7,1553.2,1776.2,1453.5,1742.1,1577.3,1838.5,1807.6,1976.5,1707.2,1313,1033.9,1459,1302.6,1257.1,1836.9,1569.8,1655.1,1598.5,1956.7,1369.8,1827.1,1620.3,1704.6,1661.1,1978.9,1422.6,1750.5,1490.6,1210.3,1552.4,1745.9,1637.1,1635.3,1892.6,1469,1565.9,1929.5
2049.9,1674.9,1008.1,1248,1653.7,1358.4,1521.5,2154.5,1647.1,1131.6,1388.8,2245.4,1442.3,1883.5,2192.4,2312.3,1811.2,1863.6,2077,1847.1,1891.3,2043.6,2282,1878.8,1589,1960.6,2403.2,2125.8,1960,1955.2,1707.8,2052,2237.8,1133.4,1434.4,2358,2156.7,1774.6,1539.6,1669.4,2246.7,1529.9,1270.7,2216.1,2151.6,2022.6,1230,2162.2,2089.2,1291.4,1926.1,2478.4,2232,1210,1583.4,2412.6,2416.4,1805.2,851.82,1461,2478,1817.5,2198.7,1603.3,1240.5,2464.6,2074.8,1571.2,1909.3,1439.7,1135,1522.5,1661.2,2416.4,1875.3
2425.8,2253.7,2407.4,2411.5,1323.4,2149.5,2291.4,1648.1,1101.9,1878.3,2127.7,1862.3,1071.7,1643.1,1712.9,1535.1,1334.2,2305.1,2349.3,2356.4,1006.4,1483.6,2064.2,2370.4,2198.3,1435,1652.9,1906.7,2021,2289.9,2262.7,2238.3,2074.1,2437.9,1877.7,1037.1,2164.7,1395.1,2150.1,1809.2,1321.7,1196.1,2362.6,1909.9,1731.6,1018.7,2045.1,1037.6,1150.1,1946.3,1005.3,1055.5,2495.1,2222.7,1353.9,2140.3,2477.6,1274.9,2153.9,1521,2149,2365.7,2498.3,2326.5,1846.9,2186,1361.5,1390.9,2200.5,2354.9,1290.5,2481.3,1130.3,1656.9,1657.4
2361.5,1497.2,1389.3,2243.3,1725.5,1969.5,1657.9,1887.2,2030.6,1476,1552.1,1128.3,2313.3,2308.4,1914,1996.2,1482.5,1581.6,1752.5,1837.5,1196.6,1935.3,1338,1531.2,2134.4,1186.5,1131,1016.3,2489.1,2310.2,1205.5,2079.1,1431.5,1229,1843.8,2070.8,2332,1568.7,2465.3,1489.9,2433.8,1077.2,1729,1670,1125.6,1484.7,1742.9,1118.7,2320.6,2245.7,1936.2,2120.5,1680.3,1886.4,1885.8,1331.6,2475.3,1096.7,2372.8,1757.7,1225.8,1645.4,1003.1,1366.9,1326.1,1678.8,2246.9,2393.9,1032.2,1312.2,2217.7,1752.7,1641.3,1188.5,1073.5
2210.1,1638.6,853.9,1225.7,2086.2,2005.4,1792.9,2123.2,1880.1,1667.8,1396.8,1738,1666.9,2209.3,2214.1,2384.7,2309.3,2377.9,1862,1572.6,1191.6,1587.8,2497.7,1105.4,1206.8,1667.8,1406.5,1282.4,1565.8,1679.7,1194.7,1837.4,1158.6,2126.5,1161.4,1922.6,2497.7,1896.1,1811.6,2283.5,1030.2,1485.4,1757,1322,1603.6,2225.7,2031.3,1232.8,1554,2481.8,2357.8,2363.9,1322,1792.9,1454.2,1328.5,1338.5,1809.3,1490.6,1135.8,1206.8,1266.8,2085.6,1905.8,1963,2032.5,1592.9,1280.7,2284.6,2329.5,1822.8,2433.9,2370.7,1176.3,2236.5
1131.9,1230.1,1442.1,2236.5,2088.8,1412.4,1978.6,1489.8,2141.9,1133.1,1380.5,1249.2,2461.6,2142.3,1071.9,1389,1677.9,2492.7,1650,2310.2,1564,1709.5,2283.5,2284,1839,2322,1174.3,2055.1,1158.8,1342.8,1887.3,1385.3,1968,2441.1,1865.9,1879.1,1348.1,2216,1127.5,1553.9,2007.3,1568.8,1883.2,1813.5,2272.3,2318.4,2398.8,2035.9,1548.9,1258.3,2136.1,2329,1922.7,1121.9,1694.1,1313.5,1690.2,1505.2,1612,1517.1,1733.7,1371.1,1389.9,2482.1,1498.5,1552.4,1590.3,1261.4,2111.3,1255,1808.3,2081.5,1322.9,1576.1,1591.1
1854.4,2349.2,1162.8,1267,2054.8,1608,1259.8,1275.6,1603.7,1222.1,1868.4,1546,1114.5,1025.2,2384.8,2038.2,740.01,1859,1781.9,1366.6,1893.7,1322.5,2120.5,1904.6,1434.4,1072,2046.2,2139.7,1103.8,1392.5,1038.3,1510.3,1032.7,1322.5,2467.2,2087.7,1974.1,1572.6,2070.7,1282.3,1283,1380.4,1127.8,1188.5,1274.7,1756,1210.1,1018.2,2426.4,1895.1,1906.6,1124.1,2449,2235.2,1530.3,1268.2,1890.1,1910.3,1336,1071.8,1665.3,2013,1307.3,1429.2,2462,1444,1064.4,2387.9,1638.5,1319.4,2134.8,1277,1138.1,1084.1,2371.3
2350.3,1240.1,2111.8,1361.1,2397,2106,1809.1,1335.5,1527.8,1214.6,1766.3,2035.7,1710,1328.7,2045.8,1295.1,1952,1915,1095.4,2179.3,1587.6,2439,1681.1,2349.5,2266.2,1690.2,1268.3,2158.2,1665,1014.2,1976.3,2131.9,1278.4,1832.1,1366.8,1837.6,1596.6,2477.1,1439.8,1164.9,1549.7,1372.4,2134,2055.5,1519.4,2333.3,1695.7,2462.6,2396.3,1215.2,2108.2,1577.1,2494.7,2259.9,2159,1989.4,2152.6,2151.4,1393.9,1110.3,1069.1,2201,2494.4,1894.3,1777.8,2008.4,1328.8,1807.9,1159.2,1081.8,1686.6,1606.5,2393.6,1111.9,2149
1772.2,1658.6,1958.9,2313.2,1810.7,1241.7,1310.5,1222.3,1897.1,2218.3,1171.4,1359.1,1201.5,2101.9,1117.6,2090.5,1591.3,1928.7,1054.4,2267.4,1334.2,1922.1,1681.8,1777.1,1851.5,2016.2,1628.3,1860.4,1706.9,2158.4,1636.3,1333.6,1758.7,1309.2,1911.6,1140.4,2454.6,1512.8,2362.3,1567.2,2399.1,2210.1,1787.9,1136.9,1117.2,1367.8,1350.9,1188,1557,2238.1,1771.6,1204.4,2363,1613.9,1210.8,1865.1,1842.5,1240.6,1652.9,1518.2,1235.1,1693.1,2037.7,1530.6,1082.9,1664.5,1322.9,2074.7,1947.2,2421.4,2006.6,1067.7,1197.9,2119,1620.9
2313.1,1817,1384.4,1726.9,2328.3,1256.9,2427.5,1756,1630.2,1369.9,2256.3,2321,2493.6,1469.3,1678.9,1857.5,1568.8,1776.4,1439,2409.7,1484.4,1616.1,2365.5,1738.1,1125.4,1621.4,2155.5,1265.2,2290,1318.6,1318.9,1570.5,2359.9,1602,1859.4,1441.6,2136.6,2149.4,2385.2,1374.9,1785.9,1436,2175.3,1959.5,2423.2,1429.4,2327.1,2275.5,2443.8,1651.8,1485.8,2469.5,1042.4,2315.7,1932,1077.3,1329.7,2305.2,1829,1829.6,1202.3,1284.4,1592.3,2125.9,1391.9,2138.2,1035.2,2284.4,1853.7,2336.2,2396.3,1537.7,1443.9,2236.3,1325
1687,1408.9,1826,2176.5,1073.1,1616.4,1283.6,2146.6,2314.6,1776.7,2059.1,1421.5,2017.9,2282.7,1767.5,2337,2223.1,1557.9,1530.9,1967,1248.4,1458.7,1551.4,1681.7,2477.7,698.39,1128.3,2148.4,1763.3,1726.2,2263,1527.7,1440.8,2202.1,1621.9,2159.9,2423.6,1884.9,1735.4,1886.8,1680.9,1741.6,1944.6,1550.6,2499.6,2496.8,2195,1404.9,1461.3,1629.4,1008.8,1369.1,1180.8,1604.8,622.53,1224.3,2015.4,1912.1,2317.1,1307.2,1312.5,1991.9,1803.2,1597.3,2131.4,1267,1703.6,1865,1634.6,2305.9,2306,1438,1084.7,1439.9,1970
1149.4,1592.1,1511.3,2310,2093.6,2253.9,1286.7,1882.6,1470.8,2071.4,1011.8,1450,1508.4,1749,1744.7,1208.1,1452.8,1273.6,1692.8,1507,1252.9,2243.7,2047.9,1214.3,1269.8,1376.3,2032.4,2268,1850,2293.6,2397.6,2243,1810.3,1691.2,2498.5,2262.9,1411.3,2353.2,1630.1,2380.7,1750.3,1367.9,1437.5,2260.8,1573.7,1169,1558.6,1069.3,1648.5,2427.5,1317.8,2054.9,1510.8,1268.5,2452.8,2293.5,1237,2475,2484.2,1513.3,2412.3,1568.9,1431.3,2066.1,1182.9,1877,2225.9,1790.9,2346.8,2078.9,2430.5,1563.8,1201.7,1554.5,1167
1739.5,1743,1948.6,1097.1,1529.6,2272.5,1344.3,2378.8,2197,2327.1,2274.7,1303.9,1272.1,1895.6,1769.5,2441.8,1915.1,1698.7,1557.7,2110.7,1403.3,1771.1,1953.5,2139.8,1609.9,1387.9,1626.2,2462.6,1337.3,2432,2058.8,1392.1,1347.4,2004.7,1032.4,2089.5,1868.8,1668.2,1798.4,1055.4,1431.2,1246.1,1620.1,1861.8,1594.5,2266.8,1895.7,1980.2,2082.3,1705.9,1121,1323.6,1736.6,1226.1,1924.5,2081.1,1066.8,1525,1599.1,1654.8,2131.3,1686.4,2268.3,1113.7,1657.3,1184.9,1342.4,1807.7,1339.9,2065.7,2145.2,2393.6,1616.8,2162.9,1857
1745.3,1624.7,2312.7,1942.3,2253.4,1177.9,1517.4,1740.2,2246.2,2471.8,2368.8,1186.9,1315.6,1486.3,1824.6,1623.9,1856.7,2079.2,1409.6,1307.9,1613.9,1833.7,1437.4,1314.6,2297.8,2076.7,1128.3,2303.1,2405.9,2299.4,1109.7,2091,2371.9,1872.8,1088.3,1869.8,1543,2047.3,1713.3,1698,2166.8,2131.2,1314.2,2077.9,1515.7,1060.9,1087.4,1218.2,1800.1,1163.8,2414.9,2181.9,1453,1078.6,1391.5,1908.6,2410.4,2460.6,2429.9,1205.9,1901.8,1713.5,2049,1406.6,1533.8,1137.4,2254.3,1330.4,2488.7,963.47,1369.6,1073.8,2404.6,1193.8,2117.3
1167.8,2231.4,1081.5,2196.9,1295.2,1453.7,588.82,1802.5,1797.4,1277.4,1976.6,1829.1,1713.3,1863.6,1844.5,2218.2,1891.2,1706.9,1834.3,1504.1,1263.7,1905,1222.1,2095.8,1217,1200.6,1924.2,1782.4,1843.5,1692.3,2223.6,2123.9,1652.4,2307.9,1837.9,2118.2,1757.7,1567.5,2167.6,2078.5,1441.6,1822.2,2238.3,2101.5,1079.2,1673.2,2389.5,1879,2151.5,1854.9,1804.4,283.71,1880.3,1432.4,1893.9,1641.7,1872.7,1583.5,1308.6,2371.3,2131.9,2144.2,450.28,1335.8,1959.2,1258.9,2015.2,2301.7,1684.2,2169.7,1749.8,1468.8,1619.1,1511.2,2245
1219.3,1276.6,1701.2,1712.8,2490.7,1019,1456,1064.1,1904.2,2256.8,2360.6,2298.3,2269.8,2094.4,2128,1959,2085.2,1702.3,1018.7,1435.3,1688.7,2480.6,1429.5,1428.5,1498.4,2283.4,1374.2,2454,1578.7,2147,1540.4,1414.8,2112.1,1355.6,2392.8,2304.8,1921.6,1557.2,2139.5,1401.2,2275.6,1358.2,2101.5,1656.9,2167.9,2106.6,2269.4,1747.9,1391.5,2146.7,2423.6,1827.2,1917.1,1458.6,2380,2113.7,1623.1,1513.8,1598.2,1903.3,1762.8,1544.6,2299.6,1047.2,1038.3,2269,1285.1,1261.3,1263.9,2125.3,2003.2,1495.2,2257.2,1282.3,1933.3
1183.8,1590.3,1068.1,1445.4,1335.1,2208.9,2234.2,2178.5,1490.4,1718.5,1597.6,1587.8,2164.7,1211.1,2428.9,2141.5,2334.4,2116.2,1379.5,2471.1,1206.8,1220.8,2387.2,1052,2374.1,2489.1,1733.9,1544.1,1725.9,1206.7,1683.4,1723,1943.6,2468,1823.2,1478.1,1222.9,1338.5,1172.2,856.35,1123.6,1626.5,1260.1,1046.2,1151.9,1082.1,2116.1,1204.8,2317.5,2490.4,1437.1,2159.2,2144.4,1471.3,1726.5,1804.3,1252,2490.3,1673.7,1933,1243.4,1545.7,1865.9,2312.2,1646.9,2286.2,1044.9,1340,1092.2,1897,1855.7,2112.6,1623.2,1686.7,1796.9
2311,1237.5,1962.1,1862.7,2422.3,1792.2,1486.3,1700.7,1546.9,1131.1,1578.5,1797.5,1277.4,1362.4,1959.2,1135,1607.4,2121.9,1997.4,2138,1130,1745.2,1481.4,1164,2350.7,1739.6,2051,1504.6,1532.8,1319.4,2044.4,1820.4,1434.1,1357.8,2075.7,1567.3,1828.8,2135.9,1403,1695.3,2416.5,2397.6,2287.5,1133.1,1994,1621.4,1282.2,1016,2056.5,2014.8,1593.8,1890.6,2231.7,1463,1268.2,2166.6,1714.8,1011.7,1088.6,2063.1,1645.3,1084.4,1288,1619.3,2497.6,2325.9,1059.2,2191.7,1633.5,2120.6,2376.4,1656.8,2439.9,1649.8,2170.8
1778.2,1491.9,1124.3,1507.1,1949.3,1216.5,1652.6,1704.8,1251.6,1491.7,1143.8,1195.6,1272.9,1738.4,2169.6,1610,2371.9,2230.8,1595.2,1505.8,1412.7,1646.3,2297.2,1944.9,2247.3,2498.5,1387.2,1081.8,1089.1,838.12,1043.4,1598.5,1548.8,2416.6,2061.4,2009.2,1473.2,914.09,2333.4,1314.7,2305.4,1530.7,2083.2,1742.9,2490.4,1292.2,1313.5,2480.6,1640.5,1234.7,1962.9,1356.3,1616.8,1978.9,1348.7,1031.2,1249.9,1492.9,1133.1,1511.8,648.58,1665.7,2420.6,1763,2035.5,2145.5,2396.7,2382.6,1333.3,1728.7,1127.3,2124.9,1676.3,1170.3,790.58
1778.8,2074.2,1875.8,2163.6,1656.7,2072.2,2077.1,1830.1,2106,2206.8,1471.3,1050.7,1396,1814.7,1132.1,1804.8,2282.6,2423.7,1863.5,1820.9,1105.4,1988.3,1287.5,1839.3,1801.2,1729.4,2271.9,1709.3,1205.9,1008.2,2238,1566.3,1122.9,1592.4,1559.5,1793,1038.7,1959.5,2230.1,1263.3,2116.9,2291.7,1843.8,1038.5,2482.8,1985.1,2469,1771.5,1854.6,2020.4,2257.1,2403.2,1084.8,1404.8,2203.2,1553.7,1529.2,1001.6,1649.3,1988.6,1942.3,1012.1,1499.8,2419.6,2359.5,1821.1,1974.8,1839,1354.3,1638.1,1974.6,1478.4,1662.9,1382.1,1870.5
1987.5,1038.7,2095,1440.1,2488.4,1317,1360.7,2423.3,2486.8,1553.1,1598.3,1227,1663,2339.8,2318.8,1054.4,2294.3,1468.9,1616.5,1598.1,1972.9,2340.9,1866.6,1990.5,1589.9,1453.4,1431.2,1684.7,2190.3,1558.7,1673.5,1843.7,1698.3,1671.1,2153.7,2144.9,2327,1438.7,2002.1,1714.2,1489.9,1319.5,1446.8,2124.8,1769.8,1986.6,2347.2,1200.3,1718.1,1458.6,2135.3,1061.2,2448.6,1611.7,2273.8,1427.8,1102.5,1355.1,1309.8,1442.5,2093.7,2257.1,1351.6,1658.3,2361.9,2241.3,1546.6,1784.8,1136.4,1306.5,2066.1,2040.5,1200.8,1581.5,1607
1924.3,2000.4,1210.3,1020.6,1494.5,1440.4,2186.7,1202.7,1137.4,1366,1919.4,1984.8,1263.1,1966.1,2459.4,2037.7,1237.8,2245.6,1469,2224.4,2133.8,1725.8,2320.9,2052.6,1805.4,2263.4,1588.2,1584.3,2276.9,2425.6,2105,1467,1551.8,2471.4,2446.7,2295.7,1382.2,1103.5,1886.1,608.08,1561,2276.5,2361.3,1730.1,2461.5,2208,579.87,1729,1385.7,1468.3,1388.4,2264.6,1409.8,1764.4,1219.8,2408.7,2397.1,1648.7,1279.6,1398.9,2237.1,1841.1,1112.4,1772.2,1301.1,1317.3,1620.5,2452.9,1301.9,1573,1690.2,1135.6,1957.3,1994.1,2078.2
