1191.6,947.41,471.04,546.4,4460.7,300.08,271.43,281.02,694.44,373.54,282.69,342.85,332.6,316.29,277.71,409.25
901.46,825.54,382.93,437.67,5396.8,257.86,225.67,220,624.92,330.4,235.87,294.05,278.15,285.38,232.19,338.45
628.34,504.87,290.67,382.03,6765,259.4,364.28,331.8,387.47,290.33,323.07,265.58,1242.8,442.04,366.08,380.03
482.82,492.12,240.12,298.35,7253.8,192.56,235.67,182.11,368.73,213.95,189.1,205.71,481.71,267.8,208.17,245.32
584.79,627.59,271.27,330.01,7338.8,209.75,243.19,202.44,444.64,240.29,181.12,225.05,286.86,252.13,180.62,237.53
978.93,837.99,362.73,410.11,4789,238.99,168.41,184.68,537.87,292.45,224.22,268.07,220.43,255.9,204.05,285.59
724.82,662.84,276.59,353.32,2987.9,212.38,225.92,209.92,448.25,238.11,189.17,224.19,291.99,233.42,189.98,250.54
1439.5,1131.9,531.15,589.83,1922,320.29,231.23,259.9,782.14,428.56,299.99,380.44,293.76,307.76,293.62,467.93
1581.1,1144.9,545.3,651.01,1817.7,343.91,242.16,280.94,843.88,483,323.41,419.51,342.65,341.83,308.72,525.15
670.5,648.2,267.51,287.94,1761.3,193.61,156.3,139.71,460.31,246.3,171.04,192.65,187.42,218.61,147.52,203.91
1432.3,1101.4,543.63,610.64,2520.2,346.6,256.45,272.28,743.63,465.29,329.33,400.92,373.84,378.62,302.98,484.38
970.1,810.74,388.31,453.12,1772.9,259.48,240.27,239.85,565.23,404.04,320.81,299.72,514.52,317.35,272.56,398.65
458.49,481.41,222.18,316.26,2445.2,181.32,159.32,163.79,386.81,195.55,150.14,199.2,311.78,241.11,240.87,220.58
463.84,552.78,206.21,277.52,1978,182.91,132.47,142.05,396.34,191.06,147.16,168.38,193.02,225.01,167.81,190.75
395.28,485.6,194.62,271.68,2464.6,164.43,129.7,164.36,342.29,173.64,135.22,161.04,209.85,212.98,187.81,193.96
460.24,458.14,225.55,318.94,3832.2,178.58,152.64,172.61,379.33,203.02,155.41,200.66,371.59,246.66,251.11,233.19
430.72,439.52,216.32,313.94,2835.9,171.71,140.59,151.43,360.07,186.58,148.61,198.2,300.41,237.09,235.76,221.67
493.94,456.71,255.57,385.09,3265.3,202.36,210.39,220.41,393.72,223.04,173.86,252.86,685.39,301.26,320.19,321.22
1185.6,930.17,459.54,534.61,4174.3,294.47,232.42,260.24,723.3,397.23,290.36,363.61,322.59,345.63,280.17,440.55
1066.6,800.49,464.81,650.43,4694.3,320.26,411.52,494.05,670,414.83,327.79,379.63,682.3,420.36,346.48,495.01
919.01,836.11,386.4,480.06,6307.6,260.15,239.59,280.9,573.39,319.68,252.48,307.58,326.97,305.22,245.05,355.55
1228.3,1038.2,443.03,534.55,4223.4,292.11,222.9,250.81,649.28,351.92,275.14,330.17,275.89,315.23,257.09,378.14
898.03,840.11,373.33,404.34,6045.1,250.97,212.74,209.44,568.36,316.62,227.34,275.59,259.19,283.74,213.31,309.78
1521.8,1140.3,587.85,661.64,4133.3,372.81,293.53,311.01,785.96,507.9,365.07,473.68,376.96,405.04,359.14,587.57
880.18,665.42,424.58,607.76,1875.2,385.17,423.94,507.06,1580.4,544.28,389.03,341.74,3340.7,731.06,520.75,631.7
785.69,509.87,405.06,661.18,2310.9,331.99,567.85,622.09,582.13,419.12,325.95,378.31,2006.4,551.78,542.27,627.31
443.54,426.6,218.01,334.05,1113.5,159.48,140.47,153.39,358.5,179.92,143.3,201.43,385.74,223.87,173.52,241.74
1193.8,938.62,400.21,494.75,1670,286.55,189.54,245.45,731.73,355.27,263.06,317.08,358.1,316.29,288.98,377.78
774.36,558.7,331.32,626.78,1476,246.92,394.98,529.8,558.34,280.2,242.38,294.94,690.91,384.67,315.06,420.13
854.42,743.19,336.84,484.29,1731.5,229.15,217.49,273.52,581.99,275.68,209.93,250.84,400.61,277.11,235.84,309.02
437.33,511.47,199.69,272.51,280.01,168.98,170.09,134.45,339.79,165.4,141.18,155.31,206.12,219.5,129.09,186.56
416.61,557.48,192.55,250.91,271.35,179.93,137.99,129.63,342.36,176.04,137.32,149.69,232.79,215.78,126.98,172.88
425.53,445.47,198.72,261.48,258.74,152.35,147.37,130.82,311.07,159.33,136.69,144.48,201.97,217.37,121.62,175.52
1978.9,1477.3,723.07,741.95,1303.6,514.79,344.49,383.18,1612.2,781.17,428.5,485.73,656.03,597.91,413.49,657.08
2500.2,1789.1,867.63,894.93,1567.2,591.46,429.98,466.22,1848.7,892.59,499.96,579.22,708.45,674.5,496.41,760.79
2303.7,1735.9,872.61,861.67,1377.7,532.24,414.43,418.29,1537.2,735.57,442.83,518.27,531.8,568,435.83,645.44
459.77,415.27,227.68,274.25,2657.9,173.6,208.7,192.17,313.67,199.23,174.7,186.03,432.53,237.96,170.54,221.92
1141.4,912.3,425.99,512.18,1241.5,280.91,203.58,242.86,659.44,360.67,254.85,336.4,315.96,283.33,258.17,387.17
1708.5,1278.3,664.64,770.86,1736.1,398.84,305.54,359.43,895.48,539.53,377.72,484.32,402.6,422.29,374.73,596.76
1427.8,1121.7,572.9,693.62,6533.5,349.54,305.67,402.63,781.69,498.9,343.17,428.41,452.69,401.41,317.72,530.85
1198.9,991.18,470.49,530.03,1383.2,302.11,240.88,246.35,669.48,400.29,271.66,343.58,308.25,333.42,265.01,414.09
1223.5,1054.1,517.91,612.97,2524.2,314.96,278.36,300.75,688.79,432.57,292.55,387.39,354.54,346.44,303.91,481.28
498.09,497.64,287.34,360.57,1193.3,164.9,136.47,224.04,441.59,203.79,338.55,207.45,208.74,233.59,168.11,239.97
809.53,663.61,592.25,434.97,1478.9,691.42,956.18,1869.8,451.49,219.46,361.5,368.37,601.13,644.54,921.73,914.07
710.92,633.81,498.26,612.42,1624.3,386.84,616.5,1811.7,484.85,253.69,297.72,341.33,636.18,502.44,533.98,738.06
1199,1007.9,505.79,596.62,1275.5,299.42,215.21,286.32,805.14,386.01,287.43,369.99,313.89,319.23,277.4,437.19
934.63,818.72,391.84,496.49,1283,235.35,170.27,218.44,612.15,300.09,239.4,283.08,228.21,275.73,230.86,314.95
1527,1216.5,664.98,716.87,1415.4,424.53,276.76,500.01,983.31,515.1,360.23,469.07,389.9,383.09,344.98,552.52
432.41,451.85,188.08,248.65,3187.2,162.93,178.56,157.85,352.56,214.9,131.47,167.71,350.89,199.98,150.58,191.48
443.47,483.85,191.96,255.88,2844.6,169.68,165.01,154.15,369.81,196.9,134.24,178.48,284.48,203.27,150.28,196.19
446.61,497.83,199.1,263.77,4365.8,174.82,174.68,168.3,355.53,203.75,142.57,189.95,281.97,214.8,154.79,203.34
454.25,417.73,207.64,280.03,3866.9,174.52,225.72,189.55,336.83,204.86,146.29,208.42,446.26,224.69,177.7,236.2
497.45,449.59,238.12,318.13,4778.4,191.37,293.73,253,366.66,220.28,165.91,220.81,607.18,256.95,226.33,298.54
510.17,433.5,240.69,320.61,5104.8,185.73,369.68,260.42,376.81,228.61,160.29,224.58,656.68,262.85,285.66,297.67
991.32,739.51,407.07,449.51,580.37,234.2,168.91,222.66,871.33,399.18,297.88,323.13,243.51,309.91,316.6,356.63
925.52,706.33,423.87,477.69,576.57,247.13,191.92,274.72,902.88,425.57,478.03,352.11,275.32,402.62,456.01,396.26
1283.6,902.64,585.75,632.15,964.89,340.83,267.37,331.56,1322,614.9,502.28,496.9,361.97,483.53,433.48,566.92
912.42,685.88,428.04,535.26,571.86,247.18,214.11,288.92,911.02,436.69,1133.5,421.47,358.18,589.63,1087.4,428.35
1012.4,691.28,417.08,492.02,613.54,236.88,194.67,249.74,793.61,437.88,638.86,347.25,290.68,475.02,506.82,392.33
698.29,572.11,344.47,389.8,390.57,183.22,157.49,190.81,659.34,324.16,365.22,257.73,194.21,315.69,330.05,278.16
534.16,411.68,263.21,396.99,890.96,203.21,241.64,240.75,350.64,216.99,209.56,224.27,727.61,264.75,223.3,347.81
532.13,402.31,274.15,412.23,886.01,193.42,245.12,263.01,338.38,201.61,184.09,222.91,679.3,267.98,220.03,343.77
453.58,378.7,230.66,329.28,755.61,159.63,181.75,196.22,303.75,177.94,165.94,189.77,468.82,232.87,169.81,256.64
394.86,368.4,161.41,216.08,413.03,124.56,107.04,112.5,273.67,140.94,121.45,140.72,179.98,184.58,113.85,166.16
373.92,386.3,176.6,240.38,472.74,134.9,112.82,122.42,276.98,143.8,126.13,151.17,202,184.99,122.28,183.8
374.11,376.98,168.42,227.79,450.82,134.59,111.52,121.03,273.66,148.59,131.87,146.46,225.51,194.8,121.8,183.73
1168.3,1176.4,1118.9,584.92,465.7,1071.5,1807.1,4035.9,578.45,310.53,636.98,619.25,592.74,1306.2,1571.3,1978.1
930.19,977.93,909.46,502.83,441.76,847.07,1500,3150.9,543.43,296.79,1439.8,550.08,561.63,1167.5,1241.6,1618.7
1220,1059.5,1039.7,534.23,520.22,1164.5,1796.7,3504.6,603.96,303.94,6146.2,611.9,820.6,1374.9,1801.8,1866.5
619.47,582.06,369.22,352.89,332.37,338.7,423.5,714.81,514.66,249.78,2510.6,302.94,364.86,486.52,492.37,535.54
361.12,448.22,193.51,255.92,226.9,143.63,108.92,125.68,453.91,226.9,384.07,204.22,178.87,247.15,221.32,223.32
819.34,695.4,351.66,424.99,457.87,213.05,146.74,182.27,653.88,340.52,602.1,287.16,208.42,305.58,278.82,312.59
1692.5,1300.2,662.53,793.31,2301,417.92,310.72,448.43,1066.5,583.37,406.2,497.19,524.12,475.45,422.4,647.66
1164.8,1040.3,429.32,484.16,1839.3,300.61,208.82,228.4,742.4,385.43,280.52,317.64,285.79,336.82,250.19,356.58
1374.7,1097.1,536.26,656.31,1570.9,348.22,273.05,320.75,795.38,438.64,326.5,401.46,407.4,378.94,343.57,481.05
1315.8,968.43,536.52,649.64,1679.4,352.85,278.33,305.11,767.21,422.75,326.27,414.82,447.74,397.58,351.33,519.25
1427,1125,549.76,659.62,1442.7,351.13,260.62,321.4,869.2,473.15,339.22,409.33,545.52,400.28,365.91,510.84
1591.5,1223.6,612.77,743.04,1795.5,403.01,296.68,373.7,1005.4,520.74,379.35,452.93,425.1,432.87,382.47,574.32
463.1,486.69,240.87,365.43,1181.3,187.09,163.16,191.15,388.45,201.38,178.97,221.4,281.24,257.63,225.81,274.75
440.09,546.17,226.56,315.75,824.77,190.42,151.12,166.68,409.45,209.75,164.12,204.4,244.64,232.81,210.86,242.99
851.33,776.27,362.66,545.08,1155.9,241.05,176.01,235.47,543.28,290.32,238.6,277.58,249.05,268.02,223.92,326.25
1284.4,1004.8,504.07,748.9,1325.6,288.73,210.89,328.04,666.9,370.57,293.54,341.77,283.48,309.69,272.36,385.01
1066.6,854.02,448.61,732.37,1180.6,249.13,192.21,295.67,656.63,344.81,263.13,308.88,264.05,287.97,242.48,331.32
1329,1011.9,537.21,836.3,1216.9,298.48,223.48,373.75,788.1,410.01,310.94,360.25,307.33,317.04,280.17,412.44
1034.3,760.02,461.71,480.77,631.51,269.05,212.79,256.32,756.01,448.93,793.43,369.74,294.02,404.42,1416.6,408.48
920.94,706.81,416.73,452.39,536.66,231.46,189.97,234.25,698.1,416.44,623.41,339.03,277.17,362.43,1219.2,380.09
641.4,502.84,291.2,309.94,348.7,175.57,139.12,143.46,582.21,306.7,304.82,219.66,205.59,279.04,454.44,235.99
644.26,502.13,256.56,296.83,284.92,165.43,139.18,141.4,554.14,277.46,307.42,191.77,188.18,265.02,768.06,204.16
864.3,842.98,318.76,389.69,384.96,314.24,233.56,303.35,541.08,322.65,617.94,430.35,344.05,510.25,2501.4,423.78
1054.2,764.09,485.21,490.61,713.93,274.68,223.65,258.54,852.8,506.03,630.82,396.44,335.79,414.92,1682.5,454.03
1802,1307.2,676.62,784.53,2756.3,424.05,295.21,357.76,1093.3,596.74,412.24,536.93,403.68,427.58,396.1,652.49
1186.4,927.3,462.69,537.72,4015.7,296.88,238.61,263.24,716.51,402.73,298.25,366.54,321.4,350.38,285.82,438.31
943.94,735.75,421.48,611.87,4610.1,293.83,391.48,474.15,612.4,369.14,296.72,345.61,656.5,390.08,317.55,452.67
952.97,856.75,397.04,490.2,6515.8,265.67,242.11,283.45,585.36,328.94,256.71,311.35,333.46,310.25,250.3,363.35
1303.3,1083.1,467.61,563.65,4239.3,307.24,231.89,263.31,683.8,368.51,288.53,346.75,287.68,327.93,268.94,396.24
874.67,825.24,368.7,395.17,6146.5,246.41,214.74,209.06,554.67,310.62,228.11,277.64,255.9,285.7,215.84,318.75
740.89,501.75,480.02,711.65,1374.9,422.02,698.78,3263.8,567.53,436.48,546.04,443.3,1676.5,682.29,544.06,777.53
541.02,427.3,287.5,404.15,1604.2,263.42,276.67,893.39,413.68,222.16,343.84,291.87,609.6,297.34,298.91,451.23
528.96,539.27,268.05,350.07,983.56,166.17,134.65,167.95,440.4,200.51,335.83,205.33,213.05,217.33,161.58,239.46
465.66,478.26,295.16,364.55,1005.4,148.24,134.49,166.76,409.35,197.65,340.21,208.49,164.79,231.43,160.95,232.88
434.59,474.69,267.06,319.42,1401.9,158.16,145.42,307.08,426.52,201.17,369.19,200.25,254.85,295.54,194.57,240.89
467.97,397.81,258.27,345.37,1612.3,174.85,181.42,233.41,390.89,187.02,352.15,214.17,465.01,230.51,205.44,306.53
623.22,620.04,266.37,376.34,3129.8,179.88,148.26,172.03,381.15,201.83,183.24,217.62,180.49,224.84,157.77,224.59
1268.5,983.87,418.77,501.33,2424.8,267.71,176.89,227.83,640.97,357.45,266.33,307.3,260.4,281.63,237.54,344.19
814.1,716.45,330.79,366.7,3794.1,224.97,173.38,178.39,504.13,294.38,204.28,251.81,232.54,253.16,186.56,277.1
1224.4,987.7,455.66,520.47,2346,290.06,206.22,238.71,637.13,404.69,288.23,354.06,304.26,332.75,262.27,422.08
1733.9,1276.9,662.29,737.32,2200.1,414.66,290.83,333.11,891.69,601.61,397.26,529.17,440.17,455.19,389.51,668.8
1270.5,961.51,447.73,518.18,2547,269.56,206.22,235.24,622.56,353.79,274.68,330.3,327.98,312.23,259.29,387.92
590.31,560.29,417.08,469.21,1170.7,284.24,182.36,461.16,470.17,238.71,226.31,259.55,347.25,290.28,206.84,293.09
933.05,766.84,420.17,498.81,953.84,241.6,175.82,521.35,602.54,324.82,248.15,283.46,269.95,303.55,221.27,315.2
1383.5,1064.8,531.46,614.45,1121.8,337.6,222.05,284.31,861.2,501.99,338.08,423.77,370.22,367.72,297.9,474.73
1602.4,1122.8,657.8,742.44,1476.8,414.28,286.01,483.59,945.31,591.96,397.79,517.85,469.56,484.06,374.19,610.48
992.31,813.79,477.5,567.96,885.01,239.35,191.78,261.18,602.8,329.95,264.42,307.78,311.79,335.55,232.19,348.14
689.8,531.58,396.38,699.23,1179.8,258.75,336.68,1060,467.71,255.58,287.68,315.02,890.46,469.69,388.45,486.07
1070.6,877.92,450.38,638.05,3375.7,307.97,391.4,534.51,735.97,386.53,304.43,361.85,833.7,404.88,399.17,496.45
1557.2,1222.7,642.42,702.9,2380.5,381.49,307.56,424.53,942.68,471.66,345.41,439.62,398.29,390.19,371.16,547.22
1322.7,1081,478.29,602.39,1665.6,325.9,238.5,334.39,858.62,413.03,305.34,377.36,425.48,362.8,383.31,481.91
1732.5,1319.4,691.75,816.59,2323.1,423.94,319.28,453.42,1093.6,597.6,417.8,509.49,525.9,486.49,429.08,662.31
1225,1060.6,431.38,494.47,1712.3,309.68,209.86,236.43,759.76,390.99,286.65,324.88,295.86,338.11,259.86,366.72
1291.5,1063.6,508.04,622.14,1647,333.73,260.62,305.77,755.4,411.71,308.33,378.7,392.48,369.41,327.97,451.11
502.19,463.38,222.95,324.83,313.86,176.4,175.3,185.75,335.1,172.8,144.07,171.15,420.61,230.61,153.78,254.62
632.38,587.66,252.49,353.01,368.83,194.79,187.58,185.15,398.81,187.76,157.13,190.94,280.83,224.3,160.22,247.88
1616.8,1343.7,535.8,601.43,875.46,354.92,232.82,274.84,841.55,412.87,287.34,370.4,313.93,315.77,293.28,462.76
958.78,862.17,339.18,472.06,476.16,236.08,185.39,216.33,511.09,251.53,201.57,246.56,237.62,249.32,203.33,301.09
1928.6,1477.7,609.48,668.51,1066.1,396.8,278.26,321.03,943.4,504.13,342.43,423.91,375.52,391.13,341.59,534.25
1922.5,1454.9,584.68,677.92,998.51,383.64,255.21,325.13,972.29,520.46,344.53,416.29,371.27,392.51,328.97,529.63
1090.3,784.43,449.54,613.1,592.47,247.22,186.96,283.99,762.85,411.72,668.73,336.32,314.9,484.47,369.44,370.2
444.77,504.68,279.52,356.5,305.7,191.45,273.51,227.94,509.05,270.85,1539.5,305.71,262.13,439.47,402.38,281.85
475.22,453.29,281.06,353.9,363.81,210.44,318,337.64,503.85,267.81,3314,489.84,306.34,635.58,352.81,392.38
427.29,450.41,264.14,368.52,309.24,185.14,210.24,244.29,494.52,247.1,2635.9,454.32,252.46,551.5,349.42,311.39
597.41,532.46,315.69,438.75,353.6,190.79,178.68,254.93,559.67,285.38,1827.7,367.34,247.89,450.69,300.53,320.18
681.65,618.76,408.44,514.76,375.41,279.69,295.39,503.22,583.69,298.94,1302.6,332.16,291.32,492.72,467,416.57
768.9,705.5,359.15,477.13,1462.4,228.94,277.34,253.86,469.03,264.5,245.77,261.12,377.6,264.18,230.46,295.82
1792.8,1263.9,773.05,838.95,2063.4,441.43,378.09,389.9,990.63,627.77,411.56,498.03,464.07,429.7,386.1,594.34
1906.1,1409.9,760.38,857.99,1759.6,426.79,350.94,384.75,963.07,580.93,398.08,494.26,422.92,417.65,385.47,578.21
1276.8,1079.4,503.81,614.84,1517.3,315.46,250.49,283.83,741.44,446.23,318.78,362.3,347.51,362.21,281.28,412.35
586.13,647.58,268.18,254.97,1280,190.68,171.37,133.09,444.3,248.25,161.25,188.56,190.94,216.33,146.21,196.15
1492.8,1152,590.39,730.02,2117.2,337.89,260.33,311.35,760.58,459.44,330.48,383.34,363.63,364.73,300.44,457.52
1667,1204.6,728.92,1052.3,1684.3,442.23,353.64,497.24,1052.4,570.28,436.85,531.35,609.73,553.94,527.2,682.06
503.96,447.75,245.85,369.81,1503.4,196.3,187.76,188.94,414.12,208.14,170.13,243.48,512.64,290.9,289.02,309.19
529.33,449.8,261.99,385.14,2066.8,198.76,209.43,207.59,410.54,220.52,181.6,251.76,584.4,309.06,287.33,327.97
486.64,421.26,253.94,371.9,1839.6,184.18,190.31,191.49,372,200.95,173.24,236.82,449.26,289.05,272.95,294.83
483.17,483.16,243.72,376.63,1182.5,178.22,147.98,170.72,379.59,192.71,169.38,209.43,282.08,256.24,257.31,243.21
890.07,850.3,444.33,715.18,1211.8,260.52,222.42,336.74,585.75,297.87,258.3,306.9,317.67,321.17,287.63,360.97
479.47,638.34,237.55,345.84,337.65,187.04,236.93,200.78,361.94,181.4,155.07,176.02,348.52,238.81,160.85,255.04
559.86,626.35,248.5,347.46,338.28,200.61,187.51,190.2,406.23,192.03,158.36,182.43,262.7,240.66,157.26,239.54
604.24,703.5,273.61,419.68,437.69,231.53,353.67,400.44,398.45,228.72,217.99,224.25,1123.1,309.97,284.33,370.88
1174.3,1080.9,372.35,465.2,633.53,278.7,190.5,215.65,629.24,283.26,215.06,262.5,237.59,262.62,220.18,300.62
1816.9,1370.2,579.41,636.1,1061.4,392,249.18,309.2,929.69,439.45,311.4,404.92,306.98,345.64,327.17,497.76
572.02,616.11,259.21,348.62,360.57,195.66,226.46,188.09,392.5,207.16,157.97,184.06,338.1,231.39,164.06,254.37
573.25,501.09,283.62,425.71,2338.3,216.03,251.61,238.07,465.19,243.61,187.47,303.57,824.46,320.73,285.34,372.03
553.36,474.41,289.2,417.33,3421.3,212.92,247.82,226.03,426.23,236.17,178.58,328.38,835.16,316.43,283.41,360.15
453.07,431.28,221.35,315.91,2318,173.5,160.74,164.55,377.61,190.45,148.58,219.32,467.21,255.08,214.75,249.69
447.5,495.37,206.69,300.43,1246.2,166.46,131.86,152.6,368.27,181.44,147.42,185.54,239.01,235.44,212.25,219.22
467.33,475.18,236.59,345.39,2405.2,171.77,162.38,221.35,375.74,191.86,161.79,202.55,297.99,250.8,262.29,256.47
646.72,608.05,280.36,395.82,2017.6,199.51,170.96,192.57,512.14,241.92,187.92,238.3,322.61,260.7,223.6,286.78
761.89,677.52,319.21,392.93,4519.6,225.74,224.69,245.71,500.4,255.5,197.92,235.69,485.2,275.67,250.45,282.85
1903.6,1337.5,659.71,717.61,3761.4,413.77,265.66,311.38,926.65,489.21,363.95,439.6,367.41,379.6,340.92,522.03
956.33,798.83,386.29,469.07,6229.3,253.46,217.79,223.7,641.81,317.48,234.66,299.09,440.93,298.89,293.84,360.73
773.7,734.38,365.9,435.64,3993.7,223.14,203.92,202.5,596.15,280.24,199.72,242.25,348.01,260.86,226.86,277.57
690.58,593.05,263.89,442.25,3588.6,221.34,270.64,363.31,450.39,237.48,217.91,227.15,578.29,334.81,346,322.61
827.88,739.03,356.06,482.4,5383.8,253.2,319.9,321.45,561.39,294.14,285.83,277.36,535.28,308.82,283.37,351.23
561.93,592.12,230.22,318.94,333.82,192.17,137.52,148.98,429.95,201.84,157.06,174.67,186.68,220.71,140.74,202.72
871,822.78,306.49,386.74,516.65,225.96,172.69,196.1,581.3,283.05,202.87,232.96,340.6,246.4,191.93,287.44
589.49,552.89,243.84,351.6,350.18,191.62,173.78,187.8,438.99,211.28,164.6,192.52,267.3,246.4,165.35,252.86
559.97,627.18,244.9,357.25,335.48,196.17,170.26,184.05,444.3,204.38,164.26,183.85,336.43,251.66,164.19,235.66
1585.4,1162.7,451.61,530.32,952.34,351.6,221.49,260.34,961.86,460.74,295.72,356.18,324.44,338.03,284.75,415.98
1338.2,1029.6,505.01,577.83,907.96,360.95,307.34,317.99,854.6,448.41,292.29,375.36,482.21,381.87,321.54,497.72
516.69,547.43,225.4,287.2,364.7,196.08,245.96,159.4,394.68,181.6,139.58,158.13,368.47,228.2,143.48,200.23
625.56,597.89,304.31,374.46,451.76,225.78,356.45,232.43,419.33,223.39,180.48,219.35,564.6,278.4,206.78,331.13
561.9,593.37,271.93,357.86,378.67,202.68,269.55,199.58,398.77,200.97,159.07,194.34,422.42,253.33,185.06,269.8
1605.9,1277.7,1049.1,1237.6,1887.5,1400.3,3069.7,3238.3,998.53,905.05,869.96,1096,5307,1488,1971.4,2514.3
1377.5,1240.9,1066.3,614.46,685.52,1176.7,2109.3,4063.3,539.2,337.06,319.24,598.25,1443.2,1277.6,1642.6,2043.2
1206.7,1131.5,870.9,523.86,568.41,970.24,1650.2,3224.1,475.65,266.13,252.17,484.44,846.17,1025.8,1292.9,1596.9
975.44,882.39,348.89,357.25,516.07,243.24,196.29,185.09,519.44,261.61,187.25,241.28,201.37,230.77,196.35,291.39
2023,1517,735.53,734.81,1245.5,463.22,360.91,346.84,992.9,576.24,379.33,519.15,420.89,427.91,411.11,695.56
930.7,868.1,345.63,382.63,487.68,241.04,212.7,199.44,534.57,282.54,205.88,250.02,232.37,257.49,203.02,308.41
2190.1,1614.8,825.73,829.44,1412.1,521.14,414.06,393.67,1135.2,712.24,428.71,608.21,528.44,504.27,473.7,832.8
930.91,835.41,318.72,335.63,510.66,243.01,195.13,173.14,540.38,275.99,187.61,226.03,208.51,257.64,188.71,278.16
977.85,889.58,358.77,453.28,524.84,239.42,188.47,195.84,504.95,256.07,206.66,247.51,218.81,249.18,203.42,320.1
537.89,470.47,273.36,403.27,363.56,191.21,271.77,230.53,361.13,190.11,172.23,210.38,368,265.99,182.87,310.71
701.33,589.95,291.97,463.15,446.85,234.82,343.9,365.06,452.45,240.52,210.7,249.12,724.36,347.01,248.01,391.62
673.17,607.54,324.23,514.6,653.29,271.25,505.7,548.45,510.05,262.72,242.07,279.32,1003.2,347.83,299.86,472.96
572.94,540.43,243.39,386.89,350.12,191.19,190.93,206.27,436.38,205.22,164.25,198.68,348.54,241.57,165.28,251.1
531.8,555.03,278.02,338.57,383.4,193.64,269.05,190.8,407.33,193.89,171.72,191.85,243.57,252.39,169.81,245.63
515.18,584.76,231.56,362.69,361.31,194.63,209.68,184.34,363.8,174.53,153.65,190.74,238.64,222.54,149.76,228.38
550.47,370.04,318.75,448.77,386.23,202.02,262.84,332,408.53,258.28,245,276.64,608.66,2578.6,927.74,429.79
533.69,404.19,301.41,505.57,322.43,174.95,180.79,293.45,431.01,204.1,210.92,273.1,319.35,724.05,820.93,377.88
531.05,507.57,357.24,469.87,305.18,183.41,166.97,241.4,445.18,217.99,214.77,254.43,283.45,465.68,1872,323.5
1010,839.65,459.13,486.02,472.89,215.26,162.62,224.79,639.85,310.28,245.66,284.08,242.37,299.16,227.44,319.41
1239.6,1013.3,620.76,631.96,653.97,307.99,242.95,329.72,809.6,453.57,351.46,411.41,376.46,3213.2,1466,504.38
1026.1,788.65,525.23,488.32,548.03,238.01,205.98,222.55,702.07,378.97,264.18,304.87,288.14,360.3,270.98,368.14
547.45,453.44,276.65,387.49,2790.1,206.27,209.07,220.78,414.64,221.79,188.16,247.33,526.48,292.2,219.12,332.37
552.81,480.47,288.39,442.67,4731.8,205.38,665.1,229.75,412.83,218.57,184.21,259.16,564.99,286.79,241.84,325.67
449.2,441.91,231.01,324.47,3694.6,164.87,196.77,162.29,363.96,186.39,159.21,209.17,273.03,239.79,196.41,238.59
443.07,455.97,232.24,333.67,3259.4,164.07,203.78,193.41,356.19,178.25,155.8,193.52,225.7,229.64,217.9,242.3
456.59,438.22,217.52,315.56,2816.9,163.13,213.39,155.42,358.42,183.06,147.92,182.01,362.51,232.12,191.08,233.77
495.41,506.26,231.51,292.84,3272.8,164.84,150.93,147.41,382.99,187.44,156.16,190.58,267.13,231.3,199.61,230.02
492.96,532.31,249.66,386.87,1728.7,184.4,229.46,281.01,374.79,202.97,183.26,207.32,443.58,258.9,208.74,275.14
571.52,554.5,251.86,375.51,1127.2,164.57,142.87,172.79,411.53,206.04,173.16,206.4,253.15,223.14,163.83,251.5
1556.7,1185.6,610.48,647.36,1267.4,339.85,249.39,288.13,840.15,451.83,316.87,412.25,308.75,327.09,318.78,490.57
1990.4,1444.7,799.77,844.64,1542.6,450.17,349.36,381.22,1097.1,593.03,412.42,552.94,405.02,428.37,436.53,684.32
1644.6,1267.6,621.03,716.4,1428.6,367.11,281.87,332.5,936.42,506.65,339.63,455.99,341.93,359.22,354.25,554.68
1509.5,1119.3,514.75,629.69,1350.6,325.19,232.46,296.38,777.49,415.51,308.13,394.33,318.64,337.24,307.7,478.93
898.37,759.46,357.27,409.57,1906.2,225.32,188.53,228.08,544.41,282.66,211.55,250.73,236.31,243.91,193.01,279.01
584.41,652.65,250.93,248.59,2322.5,187.9,167.74,149.67,454.17,229.84,154.42,181.7,202.55,206.97,152.59,193.76
1014.5,835.65,398.44,463.06,2352,259,214.95,227.41,610.05,371.22,249.98,320.52,309.49,282.62,245.01,390.69
1205.7,949.51,454.63,523.98,2355.9,287.05,225.86,257.28,673.57,371.58,276.13,348.9,290.75,294.19,263.81,409.63
1179.8,906.61,435.43,504.18,2820.3,288.01,225,269.88,611.82,347.9,269.84,336.12,315.27,312.86,257.29,395.23
1240.5,1133.7,533.83,566.67,4879.3,336.46,285.89,330.82,686.22,433.86,307.16,396.7,457.04,337.53,301.99,488.52
1957.2,1497.6,665.22,813.54,1053,423.02,298.14,362.33,1115.2,509.5,349.45,442.96,410.33,408.2,373.64,570.22
787.23,953.6,320.39,315.87,445.07,255.12,203.65,177.04,610.06,265.6,176.8,213.07,207.86,243.56,186.62,248.59
1957.4,1512.1,692.5,964.22,1309.1,479.66,348.74,400.64,1112.4,608.78,369.17,494.24,557.08,435.99,404.87,674.11
2255.3,1598.9,798.61,1028.2,1441.6,518.53,399.13,439.39,1301.2,672.71,418.88,585.84,487.6,511.98,464.82,794.48
1213.9,1191.4,435.88,539.38,672.45,323.17,227,251.11,744.06,348.98,238.55,305.14,259.11,298.24,256.44,376.61
2309.4,1624.1,822.73,1121.9,1470.6,550.2,414.58,461.29,1309.8,695.19,440.09,613.52,487.63,506.32,488.77,815.22
455.67,492.47,267.97,311.58,1110.6,169.15,149.45,196.57,437.21,212.49,159.5,195.73,369.4,246.58,171.72,236.61
698.64,531.77,358.02,672.32,1682.7,288.22,382.97,890.86,509.15,279.77,281.84,348.18,1759.2,598.34,424.78,537.75
392.94,516.5,237,317.73,968.1,157.55,116.51,147.05,399.98,190.01,151.2,173.76,256.57,241.98,135.01,190.22
439.18,483.57,301.96,378.29,971.13,153.18,135.22,235.31,374.03,191.3,180.58,201.15,261.79,258.55,166.34,222.17
833.26,587.6,354.9,747.37,1929.3,322.17,530.01,1652.3,552.96,306.16,315.08,414.55,2330,515.51,571.99,733.88
418.81,442.38,226.78,306.88,1095.1,164.38,148.24,179.7,383.7,180.47,146.72,186.68,944.17,247.93,162.11,242.58
1863.3,1339.1,625.6,710.56,1492.3,391.22,266.78,343.7,1050.5,509.4,374.78,434.13,368.13,415.85,358.48,538.46
1182.2,1203.4,444.84,497.46,1232.5,330.31,217.06,253.63,893.31,424.4,286.37,339.45,297.92,344.71,278.1,388
1159.2,1259.6,485.24,525.05,1271.4,353.74,261.47,276.04,869.57,434.16,287.86,364,301.61,346.64,303.54,430.25
1568.5,1269.2,643.08,777.73,1502.2,425.83,316.89,361.52,1010,538.31,406.55,487.05,484.58,473.24,388.85,615.75
1990.1,1455.3,752.66,907.4,1587,487.65,361.11,424.8,1220.9,657.99,453.39,551.83,480.81,519.05,439.93,706.35
1078.3,1024.2,473.22,519.73,1491.8,306.05,243.44,269.4,704.68,366.67,263.96,319.86,335.9,339.06,266.76,391.35
952.51,735.6,420.87,491.23,1127.2,223.87,177.81,226.55,543.89,321.18,246.85,294.33,344.79,296.66,216.34,348.18
1095.5,808.6,461.49,519.44,1063.3,242.72,185.48,233.83,599.54,366.56,266.97,320.92,372.29,316.14,234.29,383.84
815.5,593.36,407.61,624.81,2076,292.22,483.88,1052.4,504.9,292.14,285.88,339.66,1504.9,463.34,370.01,501.86
585.09,408.7,286.79,475.08,1091.7,217.02,299.93,730.65,411.92,223.71,246.27,257.91,1938.7,442.16,295.58,375.7
648.86,574.54,291.19,374.52,555.86,171.65,133.06,195.43,481.48,232.37,176.38,210.36,319.69,220.62,167.91,237.02
793.18,659.16,355.27,406.07,733.55,201.7,162.08,186.68,542.28,283.8,202.01,237.63,276.35,242.04,191.57,273.63
963.23,660.62,414.31,451.71,493.37,216.71,194.61,236.53,1190.4,378.86,548.75,300.01,231.08,335.74,564.66,327.09
1070.9,699.94,444.29,518.47,545.41,241.18,210.85,302.9,1124.7,462.32,426.02,341.59,288.85,359.77,361.77,408.72
651.73,514.03,281.87,296.33,348.55,170.54,143.77,153.53,825.76,316.6,256.64,213.73,188.28,257.08,288.54,238.75
543.37,513.09,263.35,286.62,301.58,156.3,131.47,143.97,744.51,282.53,662.37,210.8,167.91,261.48,327.12,224.24
767.55,586.74,365.66,416.25,415.34,187.23,154.66,196.45,859.48,362.24,1128.5,273.5,215.87,328.27,371.93,296.52
596.6,552.77,344.74,416.84,308.11,161.7,141.37,183.44,758.25,331.75,1077.7,258.93,195.42,324.95,345.29,261.81
638.3,658.09,285.85,399.76,2358.1,224.28,198.65,276.31,510.98,260.65,195.16,248.11,414.85,286.1,247.89,316.04
1134.6,997.98,430.81,602.52,870.95,310.17,217.49,280.87,734.66,373.56,287.27,331.54,323.56,358.04,258.76,400.93
1559.3,1206,629.33,816.91,1618,398.93,293.88,372.67,953.26,533.38,397.49,432.9,435.72,489.99,356.29,549.26
1369.3,1172.1,492.15,665.02,1273.5,365.37,258.58,324.96,914.55,536.95,405.67,381.42,465.01,522.87,328.06,473.39
1614.1,1336.9,654.84,881.29,1511.9,427.38,319.86,421.55,1047.5,543.38,407.32,478.19,572.94,496.53,443.65,601.77
1626.4,1182.1,677.91,905.03,2072.2,432.2,365.04,485.15,1026.3,570.14,437.1,506.09,629.59,552.24,440.58,657
495.76,382.67,221.83,278.56,274.75,146.19,166.13,168.37,684.95,230.25,622.31,243.71,252.69,434.62,1299,263.21
415.81,357.18,209.63,274.77,305.59,151.68,162.59,223.61,675.76,229.08,711.78,263.8,385.55,365.81,579.79,270.58
447.68,386.34,230.5,284.35,305.1,159.18,231.11,244.29,730.51,227.97,862.46,308.91,381.46,383.78,420.02,317.56
490.62,359.98,244.08,348.62,387.63,165.54,189.69,230.45,682.73,220.41,810.97,305.61,477.25,384.26,369.44,332.4
467.9,436.77,231.43,313.74,269.55,158.9,133.91,169.52,770.98,225.08,1475.3,238.98,251.91,323.4,294.91,267.6
467.99,393.69,249.69,339.16,294.14,161.86,151.47,189.68,613.58,215.94,1179.3,261.01,358.26,348.91,429.16,314.73
2162.5,1630.1,841.46,1144.4,1948.2,560.25,382.86,523.98,1270.3,672.39,516.26,596.86,551.87,591.08,503.12,742.92
1899.2,1403.4,765.32,1069.5,1634.8,477.23,356.12,544.01,1265,655.84,482.14,559.81,562.99,571.61,470.13,721.3
1394.6,1147.8,560.51,725.39,1220,349.36,266.83,365.95,884.78,441.32,333.2,384.13,363.86,406.36,333.03,456.18
2156.2,1462.9,889.52,1277.4,1809.9,526.59,424.29,627.22,1259.2,717.31,548.34,618.17,671.42,659.52,590.92,808.31
2482.5,1701.3,1110.6,1389.6,2067,625.02,527.18,681.6,1517.3,858,652.7,745.85,683.7,767.92,608.05,941.76
1260.1,1397.1,520.78,688.91,1330.1,361.01,274.7,370.01,960.32,482.13,339.88,392.44,388.63,420.92,317.16,471.33
1579.8,1108.2,739.29,704.9,881.16,348.51,293.37,341.49,992.71,585.22,379.58,525.37,450.6,467.76,370.22,618.44
1163.8,883.18,547.74,556.25,563.5,248.46,221.68,273.32,684.17,406.21,289.98,368.94,317.67,378.52,283.81,426.23
619.39,560.23,479.68,731.53,353.58,217.6,239.74,481.61,488.97,277.09,273.85,322.01,563.82,1207.8,1869.1,404.39
544.88,427.72,354.95,642.05,329.76,190.22,238.24,421.18,477.17,254.11,275.12,328.8,518.98,1440.8,555.24,466.56
676.06,577.24,406.34,649.41,380.68,951.42,229.1,367.07,583.82,306.27,299.87,343.98,515.79,2173.5,543.31,463.62
1085.7,819.9,474.03,521.23,513.3,229.93,190.57,260.15,801.28,388.64,272.24,319.73,293.45,349.33,246.92,363.33
589.29,486.46,307.71,391.52,341.53,195.68,217.24,229.67,556.38,253.09,238.84,353.94,427.15,548.37,4238,416.48
472.47,518.68,321.63,402.38,307.73,184.87,162.77,190.7,570.4,250.6,235.67,276.47,366.89,361.59,4141.3,328.7
579.99,528.62,414.04,564.35,313.88,192.9,167.78,232.64,563.51,265.55,262.7,291.18,301.47,365.36,4180.6,342.96
1037.7,760.5,418.75,451.24,462.7,207.98,154,198.59,659.97,336.5,270.95,284.76,214.94,299.26,232.98,300.86
1288.3,923.26,578.11,645.54,630.71,292.2,229.37,274.05,879.3,435.16,353.51,384.51,325.33,1187,1914.4,441.33
1596.6,1169.3,687.56,668.88,872.79,342.37,276.43,328.5,1036.9,572.29,416.06,509.27,394.44,453.68,384.56,592.45
1188.1,911.31,452.96,499.45,2633.1,268.48,211.15,226.95,642.77,336.59,255.27,312.82,245.43,277.52,243.21,348.27
729.6,634.2,289.24,337.5,2916.2,203.72,234.2,198.22,485.19,246.17,181.16,219.02,296.13,243.93,202.19,249.17
446.24,436.34,233.99,322.5,4951.2,182.32,297.41,202.32,332.19,193.34,164,236.11,441.09,257.9,218.3,284.39
415.86,454.43,185.38,251.17,3325.9,167.37,134.26,139.4,341.7,169.99,134.96,169.76,236.06,212.54,145.36,188.27
658.58,687.52,286.83,396.25,2861.3,203.23,166.92,178.08,416.37,220.81,185.3,215.06,201.53,242.87,175.7,228.59
946.43,807.46,360.65,447.33,3198.4,228.83,186.36,209.98,499.12,276.48,225.4,274.9,242.88,259.13,213.36,313.81
881.78,691.4,403.36,454.23,489.42,235.89,201.34,266.87,663.32,410.27,772.66,347.64,315.14,451.07,509.5,406.71
1130.2,881.34,507.57,591.54,678.83,315.41,251.03,331.45,890.11,534.82,1086.5,439.77,398.77,726.35,656.58,515.29
719.96,624.47,318.16,378.82,389.16,207,157.13,188.37,705.53,357.39,593.28,261.65,245.59,382.39,305.53,297.9
637.54,703.27,284.07,341.58,339.65,232.4,212.62,211.65,639.24,350.57,2153.4,286.7,231.74,372.38,517.76,333.21
894.51,1312.9,387.22,710.13,436.02,776.56,354.38,690.46,1392.7,316.14,3253.4,744.84,593.25,2998.5,717.77,947.74
684.18,675.56,410.9,583.77,399.66,251.43,263.7,397.83,663.45,377.24,3684,313.51,393.77,961.29,362.29,375.57
501.02,586.71,237.47,321.62,305.56,181.93,233.92,189.51,380.51,176.86,146.48,168.32,316.91,241.77,152.2,230.89
1356.3,1185.8,444.41,575.11,765.33,326.59,225.43,282.36,879.94,381.07,266.93,323.57,388.74,316.23,272.87,401.89
2368.1,1762.8,764.97,880.07,1445.5,522.68,326.8,412.43,1412.8,663.25,415.44,579.2,447.46,476.18,474.45,734.72
2091.5,1463.2,606.63,732.25,1168.6,400.98,265.48,349.43,1143.2,485.15,333.52,433.43,397.1,379.56,372.68,535.14
1072.1,960.95,393.67,533.4,639.29,267.5,227.51,262.63,703.52,299.5,226.07,264.82,296.46,288.47,230.99,312.61
552.47,565.62,252.18,327,330.69,190.54,279.21,194.53,390.8,190.1,156.03,185.17,383.9,246.98,171.81,248.58
635.84,621.75,326.33,366.58,334.49,223.24,179.44,194.25,590.99,320.57,252.15,287.22,296.13,375.29,13963,314.76
551.31,561.84,299.77,326.91,287.85,172.61,147.84,158.33,501.68,271.64,208.95,251,265.84,313.5,3543.5,271.67
561.4,551.14,311.49,339.78,288.19,186.17,154.38,165.65,499.79,280.59,225.05,254.87,240.17,357.38,8092.1,283.97
536.22,535.04,297.44,323.46,270.54,171.95,140.51,153.38,489.21,265.3,216.48,229.75,208.49,320.96,5037.7,255.87
639.59,540.33,384.38,513.08,342.92,221.52,192.48,231.58,544.92,288.71,255.44,323.49,371.93,383.76,10066,373.94
530.19,539.18,362.12,454.61,284.25,169.4,140.07,183.45,470.17,256.47,231.61,260.96,200.85,331.59,2688.5,271.06
728.52,758.21,308.77,326.39,4373.4,219.23,183.78,170.15,495.68,273.6,193.16,236.3,224.91,249.96,178.22,262.09
780.2,618.51,321.57,389.03,4122.4,218.54,216.81,203.34,458.52,271.61,220.95,272.42,387.81,279.38,222.75,344.39
1316.7,955.73,507.57,571.47,3510,319.66,258.61,275.75,713.97,405.54,301,381.39,323.8,336.34,293.34,472.72
1737.6,1215.9,641.34,710.63,2975.8,408.9,315.25,333.97,860.01,522.49,378.61,493.82,405.98,407.68,363.17,620.05
877.08,757.03,364.68,398.66,5539.8,243.47,202.98,196.05,505.7,287.34,224.82,276.26,262.24,282.2,201.46,322.65
1191.9,970.04,495.93,574.35,4629,304.95,249.05,252.59,659.24,383.21,293.74,379.87,315.09,333.2,280.47,458
441.43,524.69,252.86,356.85,891.51,157.07,121.76,158.36,429.4,194.05,257.2,209.31,204.9,224.44,168.16,237.21
583.31,620.29,328.32,426.49,901.46,178.43,142.62,187.38,517.21,236.02,309.83,242.55,246.48,255.59,192.23,287.1
860.78,739.18,389.27,455.37,891.87,206.11,156.13,201.46,631.22,297.15,320.33,274.98,205.89,260.84,205.06,302.35
538.98,626.32,349.13,434.52,766.9,178.32,144.54,199.94,487.1,234.25,326.7,236.39,198.51,258.08,180.72,264.08
525.25,458.9,364.7,417.22,1488.1,186.22,216.33,306.01,415.12,231.96,306.44,236.55,494.11,284.77,236.6,615.74
485.51,391.74,333.03,408.24,1916.9,165.02,187.4,341.83,351.37,183.55,336.22,220.7,380.88,262.7,215.86,307.09
492.37,564.41,251.16,337.94,9971.8,215.83,241.41,234.41,392.17,223.59,194.15,229.62,532.02,309.01,233.12,273.81
493.69,519.17,260.03,325.36,10493,194.69,224.27,192.39,399.59,213.54,173.22,234.3,408.1,285.78,189.86,259.2
772.64,595.73,340.56,550.63,11446,310.55,555.62,603.07,477.08,324.66,302.13,332.6,1388.3,515.15,495.73,519.74
501.56,484.9,262.91,356.51,9514.7,201.93,352.8,209.33,398.36,217.26,179.17,245.88,494.55,282.63,208,288.11
467.7,496.95,252.08,333.79,9394.1,197.61,298.21,192.28,382.27,211.51,172.18,230.16,435.72,278.54,200.9,265.21
606.73,498.62,340.79,417.51,13648,254.8,595.87,301.46,442.86,285.71,212.26,320.6,1109.4,381.78,297.5,463.03
1391.7,1160,505.83,584.24,802.03,349.87,276.99,274.76,673.83,363.3,284.06,368.22,390.13,335.39,296.72,459.02
2219.4,1610.9,760.72,784.96,1375.5,508,379.17,377.95,1096,594.71,391.71,542.16,446.87,429.76,429.15,704.77
1054.9,918.84,393.86,411.98,562.53,261.88,235.28,213.02,544.49,280.09,209.65,263.24,257.04,264.71,218.55,328.44
1698.5,1300.4,638.46,672.17,1092.4,416.05,347.47,339.33,847.24,507.09,350.34,483.99,420.85,406.35,374.14,638.83
988.82,867.41,364.98,477.14,517.31,247.5,209.35,219.92,527.39,266.39,212.38,255.91,264.51,256,205.12,307.5
1147.2,955.91,395.33,537.6,719.47,260.38,183.19,235.45,659.69,311.3,235.5,281.42,359.24,266.21,229.19,345.81
1146.9,954.55,439.24,580.57,1091.9,272.98,204.63,248.47,635.84,355.93,251.5,319.99,266.08,283.74,239.62,370.61
970.32,791.89,396.13,520.34,2126.2,243.24,265.31,271.38,573.03,336.73,243.46,298.11,358.18,292.73,242.39,355.61
1226.9,965.25,505.54,609.56,1329,299.28,248.15,283.47,728.84,417.01,293.83,366.93,324.4,338.85,285.95,451.49
889.2,755.17,390.1,489.73,1333.7,238.79,214.26,246.23,578.54,321.71,233.52,287.62,308.94,292.61,223,355.9
615.49,673.55,277.9,310.19,1995.2,196.31,168.54,166.24,472.98,240.83,163.06,199.71,189.03,214.48,152.42,215.65
556.01,648.06,266.58,281.51,2104.4,199,184.52,174.52,457.98,250.26,182.41,192.79,308.75,228.7,163.85,215.36
585.87,631.57,283.69,415.19,389.58,229.99,296.64,295.58,384.7,226.82,212.97,222.44,1039.7,314.42,249.91,348.28
1685.5,1370.2,563.42,640.57,1086.3,428.36,289.29,312.1,963.27,502.03,333.85,416.94,363.15,393.48,337.4,528.83
1549.3,1267.2,546.54,632.66,879.84,364.91,282.35,305.3,918.49,507.48,331.43,392.33,382.27,409.34,322.09,502.48
1308.6,1157.9,512.56,622.7,832.8,348.97,289,302.29,733.16,376.73,294.38,364.97,557.92,393.69,308.49,486.32
2161.2,1695.9,752.53,875.47,1393.4,537.1,400.12,406.46,1201.6,676.75,423.68,553.13,515.07,529.46,448.62,720.07
1608.2,1364,607.01,698.54,925.87,400.6,335.66,336.54,884.03,470.07,327.95,410.89,350.86,427.52,344.94,529.14
551.62,589.52,259.09,359.23,6650.9,203.84,242.13,222.97,422.77,221.19,186.53,233.66,384.42,281.44,189.94,267.19
473.86,505.65,244.93,329.8,7590.9,193.43,199.67,187.6,360.52,206.15,174.2,221.55,363.77,275.55,188.16,261.74
530.25,513.61,273.57,361.49,7850.3,215.56,329.44,226.29,394.14,235.42,187.1,248.99,637.25,311.24,230.86,332.34
567.36,510.85,287.43,373.91,9778.5,220.43,318.72,226.99,381.64,225.35,192.36,260.3,533.24,306.75,232.28,335.12
456.09,457.28,219.36,302.91,5574.4,174.6,170.62,164.12,355.77,192.31,165.91,199.85,279.38,254.27,163.14,228.71
794.4,725.15,320.08,412.05,5960.2,227.62,176.42,196.82,539.66,275.01,214.63,261.01,276.12,279.1,207.84,300.8
1267.8,1001.8,496.29,653.16,7263.8,316.07,302.28,389.12,751.54,395.45,308.62,368.42,457.4,380.6,324.96,446.53
999.37,768.12,467.9,558.09,7252.3,290.65,330.8,285.7,605.56,348.46,297.05,343.58,556.08,349.09,297.1,442.2
480.45,466.41,259.81,356.77,8096,194.25,324.72,191.96,378.39,211.6,181.91,235.99,377.78,274.48,211.89,273.57
1056.5,873.87,374.04,474.7,6232.2,259.1,187.27,226.91,584.03,312.06,257.72,308.26,283.9,306.52,228.88,338.51
1083.6,930.63,376.35,461.19,6309.7,263.58,185.96,231.52,634.34,332.29,263.66,313.39,257.26,315.28,236.63,332.57
597.2,572.24,268.07,368.17,5626.9,199.32,219.6,188.06,400.98,218.87,187.65,227.95,304.63,257.39,193.97,264.72
881.59,739.39,359.46,443.06,3341.2,223.4,196.64,237.56,533.44,291.56,240.92,266.51,497.62,264.58,215.04,330.52
1173.8,864.71,413.21,516.56,1101,252.67,194.95,238.76,654.32,353.39,292.35,308.65,465.81,289.9,266.82,377.6
717.76,706.26,294.81,307.22,706.88,199,168.58,160.39,519.41,248.66,169.73,202.68,179.48,210.33,159.99,231.11
1273.7,1043.9,479.72,533.44,1160.9,309.92,249.55,259.49,655.46,391.63,308.46,369.77,348.77,311.55,298.34,453.5
1135.6,935.42,397.99,496.05,925.44,253.99,182.29,220.5,596.03,308.11,246.06,292.87,329.96,259.7,229.66,351.56
1467.8,1136.9,544.66,593.23,1219.8,347.99,258.96,263.47,757.09,456.02,324.03,396.68,325.78,346.32,313.23,488.82
1268.3,1073.5,923.75,475.37,619.51,1278.2,2107,3674.8,491.8,303.99,317.99,569.2,1304.1,1202.9,1707.3,1792.4
913.66,824.78,591.35,398.55,441.57,696.2,1150.2,2038.2,398.37,222.12,219.03,361.02,844.56,720.37,912.85,1042.8
419.08,485.29,195.52,261.66,263.96,166.73,144.9,127.59,313.37,160.17,135.45,153.94,184.16,203.93,125.8,185.31
485.37,559.9,212.59,279.52,281.77,175.7,146.03,140.41,332.15,166.06,142.05,163.93,185.04,204.77,134.34,190.96
462.28,474.65,224.27,273.02,301.21,173.77,223.19,161.79,322.39,168.75,144.18,166.03,278.72,222.37,149.39,219.36
474.89,479.46,214.4,278.51,300.9,173.73,193.26,156.41,326.36,168.44,144.59,166.21,301.62,220.61,147.18,223.59
1287.8,984.25,665.51,1071.9,1559.5,346.88,341.18,508.47,774.55,485.32,387.83,428.88,657.48,396.44,354.56,533.6
1054.5,840.76,585.46,957.62,1803.9,294.78,353.88,515.6,642.3,389,326.65,353.58,415.79,325.92,288.79,419.71
1952.4,1405.1,1052.6,1596.7,1483.3,485.84,424.64,675.88,1042.6,637.5,492.87,578.89,496.99,458.57,434.26,699.76
1113.1,901.09,600.24,915.39,1106.2,301.28,303.78,434.43,647.61,401.3,333.98,370.98,424.23,334.15,289.77,433.56
1141.3,895.73,638.21,1012.7,2114.7,320.94,313.29,485.05,774.93,452.34,344.19,402.04,517.95,364.57,303.79,489.14
1013.1,813.01,598.82,931.51,3163.1,286.6,373.29,532.1,647.12,382.81,326.54,361.86,421.52,346.23,294.19,439.87
706.54,729.16,386.26,398.21,918.49,211.38,162.62,175.1,562.47,282.43,259.74,235.97,247.5,229.21,183.33,260.96
568.31,672.27,313.39,322.01,832.13,185.12,135.55,142.74,525.75,254.39,291.74,188.3,209.61,195.53,150.89,202.03
719.26,640,448.29,524.38,955.61,189.63,161.57,228.56,477.59,256.72,312.42,234.08,268.51,271.81,185.09,263.69
463.95,428.88,295.1,350.86,928.84,165.52,162.62,213.5,399.72,180.94,333.18,194.89,326.1,265.37,164.33,241.56
474.39,461.03,279.52,350.73,951.67,169.83,170.12,307.83,422.7,180.45,369.57,204.79,359.8,312,189.5,259.05
543.39,499.54,313.17,445.92,1248.2,220.89,245.11,691.92,441.1,214.34,429.69,242.48,636.82,379.87,299.24,369.61
427.2,443.28,193.81,280.04,1648.6,159.54,121.83,134.03,352.46,169.65,139.14,168.78,245.73,221.83,173.92,192.46
416.5,471.12,193.99,271.37,2119.2,164.21,125.49,137.77,350.83,168.42,140.39,165.81,208.05,218.29,174.04,188.94
476.96,415.7,253.54,371.91,2849.7,179.09,177.04,188.44,364,198.76,165.35,229.89,466.95,267.81,302.44,268.13
477.3,431.39,241.8,354.97,2396.2,188.02,190.15,187.53,387.6,200.52,162.54,225.29,521.87,265.03,240.39,282.73
413.17,428.36,205.11,288.99,2199.2,160.89,132.43,147.37,345.37,170.92,140.13,180.13,269.03,222.62,195.31,206.47
423.64,413.49,210.47,306.35,2491.7,173.2,159.45,183.65,339.24,180,147.87,193.03,400.66,233.74,264.44,241.92
1108.6,943.14,553.43,826.63,735.43,309.52,226.9,334.32,680.32,347.83,295.53,344.68,331.26,373.87,259.71,363.3
1943.9,1392.1,922.14,1230.1,1584,465.31,374.98,506.54,1186.3,606.69,461.94,541.86,550.12,525.72,450.58,642.32
2443.6,1848.7,1132.5,1636.2,1723.2,598.3,428.71,652.81,1480.9,764.21,598.49,660.86,621.46,647.93,521.85,779.85
1995.3,1406.7,943.47,1352.1,2238.4,514.41,424.6,638.96,1283.3,693.81,539.67,590.89,804.72,657.79,523.73,794.09
2972.4,2046,1386.8,2017,2063.2,740.56,510.82,821.79,1804.5,1067.3,837.39,823.75,855.53,900.71,658.28,1145.1
2323.1,1706.1,1089.6,1551.1,1672.5,593.58,443.51,627.78,1464.5,874.11,688.25,676.42,748.69,834.2,541.44,913.56
942.9,728.62,412.79,473.34,994.1,233.9,170.73,223.57,591.48,326.21,250.54,295.63,301.55,269.51,216.85,338.43
1210.5,852.33,516.2,575.59,1483.7,300.88,227.83,267.89,773.45,453.4,306.38,395.52,400.34,334.77,283.3,474.98
628.94,613.77,304.95,312.24,1374.6,183.19,137.73,154.71,506.15,257.7,172.29,213.18,268.43,206.68,160.55,235.51
966.82,765.71,434.95,479.94,1273.3,241.23,182.35,269.65,584.39,342.18,255.36,319.36,397.51,284.87,242.8,373.42
1131.7,853.99,654.91,616.93,2751,502.33,242.22,443.94,698.91,429.8,330.66,405.4,640.39,354.21,285.34,470.87
578.81,490.82,285.43,362.81,1230.5,182.2,176.71,506.06,400.97,208.58,192.47,222.37,899.72,253.79,186.72,251.18
1581,1224.2,576.67,638.48,1303.5,338.65,268.33,296.03,799.04,454.96,331.87,412.25,336.58,369.5,321.94,499.26
765.8,817.49,326.27,333.06,976.23,218.86,185.47,167.11,501.24,279.99,191.42,234.1,212.45,245.62,183.12,260.24
1768.2,1355.9,687.07,738.81,1805.6,415.53,423.95,361.09,935.52,596.06,380.58,537.89,462.07,446.76,407.12,675.25
527.21,464.7,227.95,359.55,854.21,171.82,241.49,259.55,405.88,211.69,184.44,216.21,512.32,272.32,203.3,272.75
929.75,865.01,308.55,366.81,1292.4,218.42,186.43,188.14,547.2,279.47,199.73,234.79,229.68,227.96,183.82,252.99
774.59,781.31,308.97,319.96,1023.5,212.04,201.65,158.78,496.88,270.84,183.43,217.33,213.71,222.63,170.81,235.4
429.16,390.52,207.65,289.87,2461.3,154.45,144.09,143.63,306.17,169.21,144.5,179.75,282.31,223.48,152.67,227.05
456.9,453.82,206.61,280.62,1175.4,147.61,128.19,133.13,346.32,172.66,142.45,171.75,200.43,203.07,141.25,211.25
1222.4,1012.6,449.62,500.91,1765.8,311.4,199.42,241.18,788.6,406.6,323.52,354.96,315.66,357.85,278.67,422.35
1575.6,1239.2,544.22,622.26,2264.4,369.08,241.24,298.16,977.23,487.85,353.72,412.96,365.93,415.65,345.08,486.16
1683.4,1365.8,550.17,629.36,1997.5,392.25,230.82,293.86,963.06,501.12,378.11,428.23,378.37,429.41,347.64,497.68
717.09,646.79,291.75,395.51,2818.6,223.21,189.1,202.09,492.86,257.67,200.46,250.08,368.86,276.96,221.08,328.13
1045.4,992.72,377.68,413.76,552.68,262.59,210.13,204.23,588.23,292.54,205.07,252.91,223.67,261.55,208.12,291.5
1808.6,1472.6,678.11,732.56,1216.6,461.78,383.36,359.89,939.11,549.61,360.91,487.22,414.52,435.08,392.03,640.65
1152.6,1182.9,433.87,451.03,705.29,321.95,268.08,245.03,695.87,356.47,242.29,311.42,263.95,306.69,256.17,369.66
1023,1194.6,431.29,462.28,976.76,296.44,271.73,256.72,626.28,340.81,237.81,300.18,272.89,299.64,239.24,363.15
2395.4,1746.3,921.32,941.61,1699.5,621.5,525.32,460.89,1261.5,774.57,492.64,693.08,632.13,597.94,545.65,930.36
839.26,745.31,366.56,506.77,566.59,245.17,401.55,437.96,441.94,288.21,292.6,303.48,1240.1,384.06,333.3,477.41
463.2,527.38,210.91,263.06,291.88,170.37,201.96,142.64,353.99,165.87,134.54,153.58,228.04,205.07,133.76,192.32
451.53,526.51,202.42,258.94,270.7,167.91,183.13,147.18,335.69,160.66,129.76,148.27,229.66,203.2,129.01,189.91
724.49,690.96,283.13,386.26,431.6,240.15,285.35,304.47,455.37,244.63,201.8,234.11,893.74,342.27,227.47,360.78
533.02,538.59,245.44,314.58,349.48,190.8,253.36,182.16,383.16,187.94,155.71,175.09,485.39,245.25,161.46,245.06
610.21,590.26,291.73,377.25,404.7,211.79,363.62,235.12,384.28,215.81,176.74,209.44,572.3,261.83,193.87,318.2
792.34,700.19,297.24,354.62,435.58,209.92,234.78,193.85,481.09,229.29,181.35,215.49,300.32,240.08,183.3,277.26
858.36,769.35,317.65,402.13,1322.9,209.48,156.05,185.97,572.59,277.01,205.46,237.75,249.2,249.57,187.84,275.98
1596,1202.6,604.2,680.45,1621.1,347.49,242.38,276.58,877.33,474.23,331.9,410.22,321.34,360.3,318.27,490.92
1020.2,876.14,411.97,502.21,2036.5,267.74,218.69,252.72,635.12,396.08,321.01,296.28,332.35,310.78,235.07,367.21
1435.3,1131.7,551.66,629.85,2793.5,344.35,272.49,309.22,772.37,424.96,321.25,400.6,361.74,367.06,318.28,485.76
1305,1029.8,474.4,563.62,1852.1,303.92,232.06,251.8,675.52,373.05,287.78,346.42,297.18,320.99,266.9,406.79
1057,900.5,384.71,443.99,1651.3,259.35,197.99,203.08,578.44,335.18,247.03,299.02,258.38,292.24,221.92,343.68
1120.4,948.57,383.19,487.06,622.68,252.53,201.67,232.08,628.94,286.15,213.61,263.53,369.74,262.62,227.86,327.17
1141.3,931.36,373.87,448.72,579.59,243.35,173.3,207.43,563.23,264.51,211.7,260.11,201.79,243.14,211.6,295.04
1723.3,1334.5,588.49,633.23,1028.5,381.89,262.76,297.71,842.76,447.19,310.42,424.28,346.93,343.73,325.44,538.69
1070.8,803.22,381.87,473.2,663.34,268.62,335.99,274.27,566.7,277.48,220.6,280.04,540.6,301.54,263.91,386.02
421.14,480.69,202.41,259.86,282.17,171.44,179.01,147.35,330.02,167.57,130.62,148.77,324.33,221.72,134.22,193
412.55,478.26,196.01,246.05,268.52,159.7,165.89,128.69,313.12,152.67,123.47,138.48,212.14,198.95,123,174.88
884.87,681.19,443.17,627.29,1774.6,400.77,468.09,552.14,649.35,613.02,439.42,338.91,3647.6,821.54,545.62,611.43
788.34,529.88,424.39,686.09,2389.2,350.06,578.34,641.4,1512.7,426.51,329.19,389.52,2119,569.59,539.34,668.62
523.27,409.77,233.95,359.12,1202.1,182.71,178.77,190.67,404.24,209.64,158.7,228.77,831.17,278.45,233.26,307.25
859.83,733.85,308.69,402.8,1496.3,221,156.36,196.19,556.18,267.71,200.04,247.13,314.04,258.56,235.46,287.35
955.45,716.58,364.81,553.31,1525,268.91,288.15,369.86,665.81,324.92,254.3,307.19,488.78,357.74,291.15,407.24
829.9,659.53,344.48,615.62,1950.3,244,347.42,470.77,561.01,279.44,242.09,288.48,662.1,352.46,305.31,395.28
1021.7,785.32,378.81,444,3253.7,225.36,171.37,216.33,575.8,316.8,227.04,277.65,367.18,273.74,221.46,328.95
1537.2,1129.1,563.76,636.12,4216,348.28,241.65,288.43,864.92,507.05,328.57,431.81,366.8,350.53,322.35,532.17
904.17,770.4,355.89,423.36,4003.1,224.65,171.8,226.12,569.71,297.45,218.69,256.39,393.88,261.31,205.51,285.43
889.39,813.59,311.84,377.74,3634.8,219.01,144.68,198.4,477.52,264.71,202.88,241.48,243.79,241.33,190.75,251.01
792.56,751.28,301.77,382.49,3596.8,211.33,155.75,213.75,469.69,258.06,196.76,234.88,333.8,246.9,192.07,272.43
492.44,486.01,245.29,300.73,3986.4,198.41,334.81,201.05,374.09,229.08,223.55,206.33,478.82,245.33,205.31,255.28
866.72,729.97,359.74,441.79,2566.9,210.97,172.51,221.5,547.69,291.55,215.99,264.53,247.09,273.13,198,306.89
629.05,531.86,279.11,391.84,1981.3,191.43,242.04,238.28,430.04,238.25,185.73,234.88,384.47,257.38,207.41,304.03
565.73,591.16,235.4,343.94,2046.5,172.94,153.92,174.87,412.02,218.05,169.52,199.12,220.92,220.12,157.39,214.07
621.86,570.43,262.44,383.13,2240.3,194.18,223.54,193.16,436,235.9,182.35,229.83,390.85,252.26,188.52,274.33
548.05,493.42,241.6,364.36,1720.8,169.9,196.34,178.14,411.91,215.09,179.25,214.89,311.74,248.07,171.32,246.85
1085.8,872.5,426.38,512.08,1544.5,255.7,191.15,225.41,711.99,389.09,267.4,316.66,290.32,328.64,236.73,378.14
2279.5,1590.4,891.56,1121.6,2165.7,559.31,427.7,505.47,1286.4,739.94,545.72,636.76,628.32,646.8,529.81,846.25
1158.3,931.92,457.02,595.07,2160,306.07,267.69,292.81,744.54,381.52,287.31,350.26,458.15,359.44,309.52,438.32
1841.8,1395.3,681.83,810.31,2940.5,449.74,325.54,376.96,1170.3,583.53,416.54,503.93,444.71,487.91,410.23,642.77
1795.2,1364.6,697.08,870.64,3129.1,448.86,356.59,459.23,1085.7,568.93,421.38,496.86,469.68,509.86,405.57,628.52
1523.8,1199.3,543.77,689.3,2925.4,383.4,297.18,423.24,894.65,491,357.18,416.17,436.69,453.09,358.91,529.58
1621.8,1417.2,633.87,790.81,1908,444.21,326.41,370.5,1090.8,616.27,407.5,485.85,466.11,492.55,394.91,614.17
1818.8,1297.8,634.61,763.68,2230.7,380.91,258.33,326.62,942.84,602.84,388.71,498.49,439.8,420.54,358.8,619.15
1189.6,906.85,423.77,515.23,2233.5,255.15,183.58,218.26,594.3,334.82,255.65,318.87,263.4,281.81,229.74,375.17
618.64,624.61,271.23,312.81,3683.7,196.38,160.31,154.65,416.82,232.99,175.78,212.71,197.58,224.44,156.01,224.69
608.58,515.8,262.5,356.74,1718.7,175.95,201.02,180.03,377.4,213.3,182.9,220.35,376.65,246.04,180.68,274.84
623.64,554.93,257.89,332.58,2443.6,180.07,167.09,182.7,420.9,215.69,178.78,204.7,292.02,243.14,194.42,243.31
1016.5,810,399.04,475.26,2296.2,246.67,183.12,208.36,595.15,309.42,236.6,284.82,234.08,261.8,218.87,324.85
520.95,556.76,276.19,382.7,303.5,175.04,145.93,180.52,452.33,242.78,198.02,240.03,297.1,695.57,1224.5,273.04
525.31,395.16,279.31,408.04,336.65,169.4,166.31,250.07,413.97,212.51,190.49,267.97,460.79,495.9,1259,397.28
492.14,547.98,281.88,390.05,302.02,169.28,132.83,181.66,471.83,226.64,184.67,237.93,272.43,279.23,522.97,280.37
517.9,432.05,332.97,408.18,363.6,181.01,220.81,277.53,431.58,233.45,197.08,250.5,503.72,317.74,619.24,353.3
520.43,375.27,256.5,337.22,312.73,153.55,181.41,224.52,405.86,189.18,153.75,218.55,419.84,275.38,573.28,315.47
547.21,372.38,284.28,373.7,319.83,166.45,214.4,241.46,397.64,205.63,178.57,232.9,429.31,325.25,1429.6,341.02
2379.3,1731,856.17,899.03,1546.7,578.82,451.64,455.26,1491,786.8,474.3,613.26,632.88,615.12,492.33,829.23
1336.3,1259.4,495.01,541.8,850.57,360.39,275.98,295.1,823.04,405.78,277.1,344.75,503.58,350.97,300.92,427.12
779.65,684.34,275.18,414.82,442.79,231.5,284.81,298.8,439.1,243.5,232.28,264.89,697.73,327.61,278.62,404.52
623.88,509.51,263.05,389.97,376,209.07,240.67,235.11,429.62,216.93,173.7,217.79,499.52,263.54,202.08,346.23
702.61,607.03,293.76,404.88,448.07,256.04,356.92,348.61,456.92,255.1,219.86,250.23,1134.6,337.03,290.6,453.42
1327.8,886.97,458.02,629.46,1042,438.53,1066.8,1244.2,565.02,564.82,590.61,507.57,5442.7,807.51,861.79,963.34
1720.3,1368.4,543.55,595.88,867.27,349.82,234.68,266.1,762.94,378,288.86,354.97,266.41,307.39,291.6,430.07
1410.6,1157.7,466.58,569.76,709.54,301.36,206.9,244.15,667.18,309.59,253.49,308.86,240.56,274.8,250.72,359.35
908.8,830.7,337.29,439.44,500.92,239.36,227.16,210.76,558.65,258.54,201.78,241.38,376.28,253.17,215.24,301.7
1183.9,1016.6,415.56,503.41,646.74,275.79,198.5,227.43,678.61,312.95,234.04,285.18,353.19,261.78,234.11,350.09
1454.9,1120.3,521.22,604.6,732.91,316.73,250.91,268.93,767.79,359.67,266.67,336.3,278.8,296.88,272.35,408.23
1164.3,1022.2,445.3,468.41,587.02,278.54,236.62,222.82,643.58,297.17,216.53,263.87,222.79,257.05,224.44,305.36
631.42,670.56,259.91,343.25,1747.3,184.06,154,188.88,423.88,238.78,174.72,208.26,203.89,218.62,163.06,229.23
439.19,464.09,208.17,274.49,2654.2,171.96,265.67,252.12,322.08,197.03,154.93,185.15,355.26,221.28,160.63,223.61
385.91,481.96,179.32,240.37,1867.5,152.68,197.46,141.86,306.99,180.02,139.28,155.04,256.42,195.69,146.64,175.91
493.98,540.39,209.12,281.4,2201.9,161.09,167.87,144.02,337.24,185.78,143.71,171.72,185.67,200.78,137.1,184.28
410.65,411.93,203.21,289.7,2307.5,150.18,158.98,175.14,288.24,174.32,141.74,176.29,320.94,214.74,158.63,227.06
420.57,409.42,204.74,303.34,2617.8,167.89,242.93,171.81,310.71,195.52,200.45,191.63,396.57,228.78,165.61,248.24
1382.3,996.34,697.26,656.23,837.93,326.27,259.11,321.55,1345.3,561.73,403.44,562.88,376.19,460.98,404.23,574.48
1340.3,947.83,656.4,681.13,800.25,332.77,266.62,321.58,1042.7,547.97,407.23,515.67,387.78,480.58,3152.8,537.5
910.57,657.73,449.72,445.93,423.27,201.75,169.74,206.36,613.25,328.59,260.46,309.4,228.67,338.41,280.29,301.48
1278.3,973.37,654.1,638.52,848.94,321.99,263.33,305.98,930.01,573.99,399.96,487.42,375.42,456.73,399.79,571.74
1166,801.42,549.5,649.36,572.68,240.15,199.26,263.89,749.89,421.87,327.97,381.1,284.99,398.55,344.77,403.04
1103.6,799.26,503.42,605.39,647.68,392.82,213,284.35,717.74,424.22,341.5,417.46,320.37,520.73,2470.5,405.88
