0.36951,0.31308,-0.15631,0.24229,-0.012116,0.46781,-0.36481,-0.049894,-0.15793,0.20164,-0.1071,-0.19918,-0.064459,-0.18737,-0.036511,-0.28597
0.20839,0.38499,-0.28879,-0.073509,0.23469,0.24098,0.44049,-0.28811,-0.061631,0.15019,0.044281,-0.37546,-0.14832,-0.27292,0.20595,0.49998
-0.32689,-0.21159,0.2398,-0.40904,-0.13746,-0.31718,-0.28527,0.042533,0.13874,0.47479,0.21479,0.16637,0.4431,0.38478,-0.31165,-0.03543
0.32392,-0.13407,-0.042462,0.2894,0.066102,0.30277,-0.41465,0.11342,-0.35391,0.19766,0.041495,-0.25232,0.21503,0.12768,0.2768,-0.48577
-0.41475,-0.057777,0.25547,0.44001,0.27914,-0.32905,-0.24459,0.03694,-0.15009,0.31029,0.16068,0.081079,0.26979,0.24589,0.43381,-0.096874
-0.33353,0.0056555,0.25786,-0.4969,-0.10023,-0.4072,-0.2124,0.11682,-0.1063,0.42712,0.086572,0.099359,0.35765,0.17794,0.37138,0.018418
-0.2872,-0.092907,0.4637,-0.41184,0.3973,0.43361,-0.089846,-0.1708,-0.29455,-0.44943,0.11035,-0.15868,0.32575,0.19037,0.21662,-0.079452
-0.38614,-0.084804,0.46051,0.42871,-0.46122,0.49248,-0.19607,-0.23718,-0.39297,-0.4959,0.039939,0.00062561,0.32998,0.1475,0.37008,0.096127
-0.40136,-0.10312,0.45151,-0.44792,-0.21034,0.3566,-0.2338,-0.13539,-0.38785,-0.46788,0.16187,-0.0063687,0.1883,0.03196,0.29861,-0.0011136
-0.3399,-0.070298,-0.48548,0.48576,-0.32774,0.41525,-0.24334,-0.12362,-0.34776,0.42869,0.10195,-0.021571,0.31741,0.16848,0.34585,-0.1427
-0.25047,-0.038404,-0.49366,-0.38569,0.47478,0.4271,-0.18018,0.12666,-0.20697,0.48512,0.091915,0.032065,0.32906,0.15118,0.43614,0.10939
-0.3245,-0.13883,0.40987,-0.4806,-0.4809,0.48733,-0.37152,-0.28627,-0.22645,0.37172,0.069514,-0.15639,0.052109,0.099989,0.10552,0.068162
-0.019544,0.31999,-0.19994,-0.035923,0.4192,-0.19629,-0.4618,0.055675,-0.15658,0.046541,0.060388,-0.093775,0.43354,0.06282,0.42973,-0.39357
-0.1414,0.099067,-0.17955,-0.18169,0.23423,-0.3797,0.49255,0.036552,-0.25243,0.027031,-0.019732,-0.098283,0.49079,0.16567,0.2487,-0.24441
-0.13527,0.075845,-0.2182,-0.16041,-0.18843,-0.36414,-0.47373,-0.0046212,-0.23768,0.02424,-0.021788,-0.30882,0.29289,0.18234,-0.0064938,-0.26848
-0.18048,0.1707,-0.39742,-0.30319,0.47671,-0.36516,0.37173,-0.19184,-0.42212,-0.030705,-0.15648,-0.25218,0.12869,0.0087669,-0.18374,0.44256
-0.0095677,0.14067,-0.12791,-0.087264,-0.077805,-0.3467,-0.49146,-0.045353,-0.30425,0.13959,0.045707,-0.021029,0.4942,0.11067,0.25182,-0.39975
0.041386,0.050841,-0.10273,-0.026801,0.46806,-0.22242,0.45725,-0.060488,-0.37205,0.076103,-0.014773,0.11642,0.41877,0.31353,0.41764,-0.27646
0.41338,0.02155,0.39547,0.38222,0.41446,-0.34603,-0.34303,0.087498,0.26281,0.17292,0.16436,0.095535,0.36765,0.40026,0.43097,-0.12986
0.28942,0.23158,-0.12172,0.047363,0.42108,-0.45974,-0.30473,-0.045924,0.31363,0.29932,0.1194,-0.13934,0.0069776,0.19862,0.32226,-0.38868
0.22278,-0.14465,0.075937,0.30758,-0.42534,0.45595,-0.49606,0.18571,0.022622,0.18598,0.11937,-0.23817,0.25666,0.21121,0.36215,-0.2835
0.41933,-0.22338,0.23989,0.40512,0.37885,-0.37623,-0.37002,0.16603,0.078376,0.29559,0.21151,-0.068467,0.20347,0.29621,0.4091,-0.14791
-0.44369,0.089341,0.34016,0.39925,-0.087919,-0.28861,-0.36032,0.046892,0.081867,0.26765,0.22129,-0.083189,0.23447,0.22462,0.33933,-0.073059
0.4648,-0.082948,0.10282,0.34784,0.18441,-0.42162,-0.40442,0.076379,0.04217,0.2438,0.19145,-0.053202,0.16806,0.070223,0.23099,-0.24352
-0.064492,0.18348,-0.23858,-0.35382,0.15249,-0.44439,0.46884,-0.28835,0.25356,0.04079,-0.041887,-0.18966,0.17909,-0.23077,0.28085,-0.48436
0.17497,0.28658,-0.084658,-0.033332,0.38921,-0.22308,-0.42921,0.031585,-0.27072,0.19318,0.055617,0.081162,-0.42343,0.38737,0.32033,-0.09488
-0.052601,-0.10529,0.039584,0.20142,-0.18357,-0.44978,-0.41485,0.27534,0.46645,0.11035,-0.035989,-0.19022,-0.47926,0.28751,0.30749,-0.2633
-0.047438,0.11224,-0.1518,-0.17779,0.10546,-0.42003,-0.49488,-0.10851,-0.44113,0.04793,-0.14399,-0.093283,0.2322,0.16134,0.088832,-0.3455
0.079632,0.44308,-0.098371,-0.062941,0.32153,-0.16793,0.3838,-0.17232,-0.36255,0.11529,0.079836,0.17046,0.24228,0.25173,0.30812,-0.32872
-0.15375,-0.034659,0.0049381,-0.19312,-0.24717,-0.47172,-0.46875,-0.069647,-0.26632,0.11858,0.02434,-0.22522,0.28293,-0.0068984,0.21875,-0.34033
-0.37075,0.27521,-0.48977,-0.17859,-0.35448,-0.40401,-0.43044,-0.17481,0.088803,0.42979,-0.1495,0.046708,0.30594,0.11593,0.242,-0.39249
-0.37155,-0.49346,0.38762,-0.33979,-0.099168,-0.2629,-0.37758,-0.068542,0.39007,0.38805,-0.12867,0.089433,0.40567,0.14494,0.23832,0.47377
-0.49247,0.49811,0.34892,0.48117,-0.018234,-0.22896,-0.39623,-0.21708,0.48808,0.19834,-0.090296,-0.038538,0.10559,0.025083,0.10878,0.47397
-0.49362,0.46535,0.28628,-0.48113,-0.01406,-0.29928,-0.40171,-0.0945,-0.44223,0.23474,-0.047876,0.05691,-0.33356,0.071044,0.084336,0.45431
0.44226,0.42128,0.29903,0.45977,-0.10398,-0.31964,-0.49774,-0.13101,-0.45867,0.32125,-0.040306,0.050145,-0.18878,0.057289,0.17036,-0.46316
-0.4826,-0.48426,0.33771,-0.48883,-0.055875,-0.2593,-0.4583,-0.14067,-0.46222,0.33501,-0.11146,0.1148,-0.38097,0.10907,0.17221,0.38877
-0.31432,-0.26297,0.29227,-0.38753,-0.42524,-0.44068,-0.43809,-0.11228,-0.1202,-0.46836,-0.17396,0.068279,0.25329,0.17152,0.44381,-0.069451
-0.46659,-0.13538,0.31036,0.35823,-0.28277,-0.42779,-0.35845,0.048013,-0.3763,0.27629,-0.16099,-0.070344,0.31781,0.31838,-0.3156,-0.022151
-0.35039,-0.17174,0.32804,0.42178,-0.25272,-0.43419,-0.22813,0.0060976,-0.21386,0.39157,-0.16744,-0.17655,0.21375,0.20118,0.4254,-0.001856
-0.32381,-0.11047,0.43442,0.47088,0.00022105,-0.29397,-0.35742,-0.15368,-0.18524,0.40072,-0.13334,-0.22683,0.087944,0.16157,0.35359,-0.14942
-0.28383,-0.096782,0.44898,0.38185,-0.43059,-0.39612,-0.34568,-0.15179,-0.039922,-0.4149,-0.083844,-0.20275,0.20458,0.14023,0.38203,-0.097649
-0.38668,-0.17453,0.4137,-0.3635,0.10973,-0.33719,-0.40812,0.0095593,-0.24589,-0.44814,-0.18141,-0.19732,0.1525,0.039501,0.15282,-0.16931
-0.18746,0.087598,-0.15736,-0.37245,0.47276,0.026572,0.23377,-0.040635,0.26087,-0.27805,-0.19277,0.0012262,-0.46544,-0.0093675,0.18377,0.46249
0.34292,0.35525,0.069764,0.29027,0.043834,0.298,-0.39282,0.33989,0.13682,0.21018,0.2566,0.3714,0.0038955,0.32035,-0.3527,-0.20115
0.11441,0.0036285,-0.23278,0.12674,0.025996,0.20437,0.44122,-0.49261,-0.39661,-0.036377,-0.16576,0.22469,-0.24198,0.023686,0.17715,-0.40136
0.077997,0.2877,-0.29196,-0.12949,-0.15852,0.053477,0.35195,0.039418,0.29641,-0.093766,0.083156,0.23294,-0.36614,0.18512,-0.24905,-0.30136
-0.099013,0.12583,-0.4784,-0.30213,0.32943,0.072433,0.24498,-0.071682,0.25083,-0.10448,0.047271,0.12977,-0.4169,0.17131,-0.49447,0.43828
-0.13893,0.021517,-0.22448,-0.23062,0.28198,-0.099722,0.37681,0.018481,0.22093,-0.15298,0.019611,0.086885,-0.43637,0.097812,0.37312,0.48919
-0.39511,-0.044952,-0.45108,-0.39664,0.066978,-0.43166,-0.14939,0.046466,-0.2889,0.38699,0.030013,-0.088741,0.28014,0.29074,0.22275,-0.022459
-0.31503,-0.25423,-0.49533,0.48658,-0.1397,-0.41468,-0.10615,0.12972,-0.24393,0.45241,0.10304,-0.027085,0.27545,0.32669,0.29475,-0.017509
-0.47553,0.048835,0.30471,0.37246,-0.42888,0.36225,-0.42224,-0.1104,-0.35455,0.31268,-0.12297,-0.24559,0.065998,0.0092507,0.13436,-0.32777
-0.49139,0.029187,0.22396,0.29479,-0.14611,0.42313,-0.37851,-0.34141,-0.23674,0.23804,-0.041432,-0.295,-0.01099,-0.034417,0.16801,-0.33276
-0.23426,-0.27825,-0.40014,-0.30933,0.15081,-0.27353,-0.22139,0.033946,-0.18885,-0.40822,0.020787,0.02331,0.36465,0.32816,0.37042,0.068796
-0.34545,0.030738,0.47462,0.47777,-0.20594,-0.47254,-0.37905,-0.15161,-0.38438,0.43246,-0.034734,-0.19203,0.086101,0.00014598,0.092553,-0.19788
-0.45699,0.13308,0.23101,0.44619,0.47905,0.13454,-0.13227,-0.046633,-0.064659,-0.32104,0.2126,-0.056513,-0.39866,-0.0072696,-0.19089,0.32076
-0.45223,0.1439,0.43268,0.2934,-0.39333,0.28357,-0.036661,0.11916,0.0010844,-0.45552,0.077446,0.087014,-0.29692,0.16966,-0.25344,0.44198
-0.48631,0.11952,0.088549,0.32353,-0.26821,0.25688,-0.13229,-0.17925,-0.0030822,-0.41919,0.067887,-0.14613,-0.28332,0.093187,-0.28557,0.33221
0.45064,0.19378,0.34523,0.2513,-0.37482,0.17913,-0.051492,0.20881,0.089099,0.36244,-0.4877,0.088653,-0.15661,-0.49673,-0.043939,0.4481
0.3712,0.058069,0.32407,0.23647,0.43991,0.12943,-0.071903,0.060889,0.037291,0.44996,-0.069113,-0.053823,0.46826,-0.23789,-0.33851,0.13929
0.37876,-0.0061226,0.088182,0.27412,-0.48646,0.20661,-0.073793,-0.16161,0.075753,-0.49694,-0.41322,-0.1158,0.43767,0.46308,0.3941,0.33129
0.12513,-0.27252,-0.099689,0.034196,-0.21509,0.29996,-0.025037,-0.076262,-0.1796,-0.23455,0.084516,0.099339,0.076299,0.16884,0.3979,0.036127
0.031489,0.17294,-0.16297,0.010982,-0.34258,0.21799,-0.038483,-0.38835,-0.37214,-0.17239,-0.12096,0.074527,0.044272,0.0047254,0.33444,0.056326
0.087127,-0.40207,-0.043125,0.12556,0.38553,0.11266,0.017459,0.41611,0.47602,-0.20667,-0.034605,0.086151,0.12375,-0.057606,0.38339,-0.01441
0.12229,-0.15913,-0.092569,0.078981,0.050699,0.099639,-0.039539,-0.059967,-0.41609,-0.10536,0.025245,0.080537,0.20629,-0.017684,0.37884,0.16534
0.11221,-0.25278,-0.061247,0.055229,-0.42518,0.20988,0.0093383,-0.016537,-0.20826,-0.26458,-0.1312,-0.12528,0.1102,0.076983,0.26925,0.04305
-0.010744,-0.4063,-0.20102,0.054833,-0.24508,0.26892,0.027539,0.13844,0.00069651,-0.18305,0.078289,0.17915,0.12524,0.17424,0.40286,-0.17794
-0.1256,0.23967,0.24409,-0.15896,0.35311,0.37685,-0.32331,0.014164,-0.17388,-0.2373,0.15155,0.2257,-0.064092,-0.44339,-0.44103,-0.31028
-0.12302,0.089199,-0.31945,-0.21786,0.2922,0.14865,0.26395,0.030701,-0.48763,-0.12023,0.13375,0.32118,-0.074677,-0.17144,0.31718,0.3733
-0.021237,0.049411,-0.0055763,-0.021567,-0.031064,0.046975,-0.037424,-0.12746,0.25663,-0.058974,-0.37812,0.26072,-0.1592,-0.059195,0.30361,0.48508
-0.33888,-0.050458,-0.17429,-0.34015,-0.040644,-0.2826,0.14799,0.19606,0.21443,-0.14604,0.11779,0.31466,-0.48394,-0.14066,0.35387,0.25519
0.43805,0.16607,-0.43439,-0.48169,0.44994,0.073476,-0.049123,0.21676,-0.025804,-0.28924,-0.12514,-0.070669,-0.33415,0.12496,-0.033499,0.47823
0.40992,0.229,-0.45287,0.38024,-0.33984,0.374,0.011686,0.063403,0.11022,-0.3445,0.38674,-0.19854,-0.27234,-0.057485,0.31437,0.36376
0.21751,0.091831,-0.024812,0.015586,0.081988,-0.26065,-0.43355,0.090009,-0.37356,0.223,-0.088078,-0.027452,0.36926,-0.045774,0.22622,0.49829
0.18152,0.09468,-0.12242,-0.048643,0.1934,-0.17799,-0.43877,-0.11486,-0.38333,0.12407,0.0074781,-0.08784,0.31522,0.066577,0.49699,0.4873
0.19612,-0.079156,-0.025567,0.028303,0.141,-0.20422,-0.36652,-0.016061,-0.36508,0.14849,-0.087377,-0.057427,0.27606,0.060718,0.4164,-0.47685
0.41048,-0.065672,0.0167,0.16873,-0.2749,-0.18323,-0.43208,0.22032,-0.29052,0.24713,-0.061051,0.089458,0.45216,0.14655,0.4451,-0.30946
0.20775,-0.11634,0.051834,0.025846,0.31183,-0.34917,-0.36232,0.20647,-0.38897,0.22801,-0.17882,-0.17974,0.16757,0.083002,0.36565,-0.47967
0.11835,0.04479,-0.041286,-0.037516,0.1062,-0.2731,-0.36858,0.18511,-0.37222,0.16133,-0.15594,-0.17768,-0.43694,0.019994,0.0384,-0.31254
-0.10009,0.45777,-0.088244,0.0022939,-0.19837,-0.43142,-0.0017225,0.23875,0.32973,-0.24794,0.092165,0.43589,0.36193,0.27162,0.37262,0.2301
-0.24498,0.054474,-0.3736,-0.29359,0.47407,0.41572,-0.16278,-0.069514,0.25512,0.4011,0.067357,0.22174,0.28383,0.15342,0.39271,0.069989
-0.36295,0.24191,-0.49351,-0.43514,-0.18704,0.45974,-0.10477,-0.1516,0.37269,-0.44494,0.061372,0.094951,0.15299,0.074252,0.29077,-0.008404
-0.3844,-0.058107,-0.47513,-0.33309,0.028665,-0.43738,-0.11755,-0.10874,-0.41282,-0.48956,-0.0054261,0.18491,0.32959,0.22376,0.3885,0.029933
-0.34594,-0.032815,0.48126,-0.41929,-0.17968,-0.38847,-0.094809,0.07906,-0.16428,0.43794,0.10995,0.028207,0.29223,0.2112,0.23249,0.025383
0.35045,0.2206,0.21006,0.36344,0.28225,0.4878,-0.31363,-0.16183,-0.015765,0.38588,0.043647,-0.059487,0.055759,0.07725,0.37995,-0.14367
0.40367,0.032986,0.35671,0.21843,-0.34931,0.296,-0.18908,-0.074502,0.11529,0.42049,0.2547,-0.0060517,-0.47068,0.10307,-0.40086,0.42253
-0.49975,0.047488,0.14487,0.25379,-0.458,0.30458,-0.18292,0.33823,0.26555,0.48903,-0.15405,-0.17565,-0.30106,0.16639,-0.38221,0.31644
-0.4026,0.20852,0.39698,0.46426,-0.41731,0.24303,-0.19985,0.18779,0.14269,-0.4328,-0.14079,-0.035017,-0.30397,-0.053857,0.2416,0.42242
-0.35258,0.25801,0.14485,0.18398,-0.20491,0.2725,0.46115,0.13188,-0.37276,-0.37566,-0.105,-0.1923,-0.042629,0.26751,0.26007,-0.27499
0.27066,0.15588,0.30989,0.36024,0.4065,-0.15621,-0.10283,0.16345,0.48362,0.37575,0.1883,-0.0058432,-0.44492,0.37616,0.15066,0.42886
0.49962,0.12618,0.38741,0.48315,0.48756,0.12893,-0.34935,0.055784,0.14625,-0.45893,0.12126,-0.046341,-0.3127,0.15548,0.31054,0.35178
0.29678,0.080349,0.098859,0.22396,-0.15204,-0.31547,-0.42284,0.13741,0.31058,0.18079,0.040022,-0.056563,0.19105,0.16066,0.26422,-0.27743
0.19155,-0.26194,0.02937,0.12983,-0.41707,0.45413,-0.47297,-0.13061,0.12386,0.081713,0.019686,-0.12292,0.088832,0.1257,0.27567,-0.30749
0.32327,0.36473,-0.023068,0.13189,-0.48485,-0.4505,-0.29163,0.011253,0.334,0.33109,0.22587,-0.14279,0.10764,0.27277,0.40981,-0.33891
0.27215,-0.23125,0.10002,0.30601,0.46635,-0.46776,-0.4586,0.19968,0.037149,0.20062,0.12374,-0.18472,0.21997,0.21444,0.3323,-0.28967
0.45553,-0.20688,0.28967,0.43404,0.10712,-0.37214,-0.35855,0.19009,0.079194,0.29923,0.16101,-0.045261,0.2506,0.32114,0.41273,-0.11023
0.48089,-0.054161,0.18497,0.33168,0.029262,-0.33901,-0.40107,-0.026547,0.052038,0.23557,0.22988,-0.1599,0.13615,0.12551,0.25338,-0.16476
-0.069914,0.14203,-0.23351,-0.36016,-0.40353,0.26847,0.16674,-0.094108,0.14629,-0.17986,-0.12622,0.034288,-0.40311,-0.092782,0.32063,0.45575
-0.12787,0.31092,-0.20248,-0.18633,-0.21564,-0.029671,0.28013,0.22428,0.2663,-0.18019,-0.062991,0.067445,-0.42241,0.1054,0.37119,-0.49175
-0.19302,0.26936,-0.25547,-0.24056,0.21071,-0.02937,0.12641,0.037311,0.21585,-0.26154,-0.066052,0.0054678,-0.37661,0.30409,-0.40464,-0.4885
-0.17674,0.33335,-0.34942,-0.4377,0.28361,0.22416,0.10885,-0.020374,0.45544,-0.22833,0.049423,0.040106,-0.40675,0.091927,0.3486,-0.47681
-0.24064,0.16155,-0.38716,-0.36262,-0.21495,0.0032699,0.18451,-0.020257,0.47606,-0.24592,-0.015382,0.023047,-0.49896,-0.040047,0.33519,-0.36451
-0.18336,0.19187,-0.22626,-0.33487,-0.38561,0.14563,0.1646,-0.17527,0.40957,-0.20784,-0.12836,-0.051117,0.46503,0.13715,0.43813,-0.45815
-0.48389,0.10506,0.32729,0.27297,0.39223,0.44936,-0.36215,-0.19481,0.12833,0.313,0.12068,-0.078126,0.23631,0.33201,-0.3807,-0.28224
0.46015,-0.16789,0.23293,0.23169,0.4405,0.4185,-0.44035,-0.18969,0.018084,0.27296,0.085763,-0.14263,0.16946,0.16692,0.35308,-0.11788
-0.48905,-0.25798,0.33614,0.30908,0.083285,-0.45141,-0.36011,-0.17568,0.043029,0.31592,0.063967,-0.091614,0.15224,0.17821,0.35971,-0.17526
0.458,-0.055083,0.16781,0.32138,-0.087177,0.48441,-0.34615,-0.031351,0.072366,0.34333,0.059279,-0.092311,0.12783,0.17921,0.36033,-0.08955
-0.48548,0.0043209,0.24487,0.31362,0.2928,-0.48598,-0.29571,-0.16632,0.12424,0.38327,0.12851,-0.13815,0.20952,0.27513,0.44001,-0.099284
-0.46864,-0.39376,0.20514,0.44088,0.47305,-0.477,-0.49636,-0.21843,0.025337,0.23509,0.12365,-0.14241,0.17315,0.15445,0.24758,-0.074614
-0.14364,0.13119,0.45423,-0.22665,0.12237,0.24897,0.49935,0.0090505,0.43172,-0.32905,0.083548,-0.021496,-0.46381,0.12718,0.40967,-0.18261
-0.15765,0.27004,0.48696,-0.39005,-0.28935,0.092144,0.11057,-0.036707,0.44789,-0.3114,0.028194,0.0011011,-0.49403,0.20003,-0.40059,-0.44019
-0.11962,0.37275,0.36531,-0.4479,0.28374,0.036682,0.046195,-0.015857,-0.4875,-0.1668,0.22532,0.15381,-0.35241,0.11845,0.37645,-0.36647
-0.20918,0.28078,-0.48446,-0.41418,-0.20974,0.0053219,0.23531,0.035368,0.47912,-0.22147,0.057035,0.060271,-0.39245,-0.02228,0.1487,-0.44485
-0.1575,0.43917,-0.49241,-0.38701,-0.33297,0.18771,0.1012,0.096002,0.49925,-0.1232,0.1546,0.070289,-0.45997,0.1923,-0.42177,-0.35087
-0.26057,0.19596,-0.058419,-0.38233,-0.13819,0.36368,0.20649,0.16874,-0.4764,-0.26998,-0.020245,-0.11964,0.3887,-0.1061,0.07378,0.45575
0.11237,-0.046946,0.036727,-0.044489,-0.45505,-0.35033,-0.30581,-0.033704,0.26136,0.14131,-0.16733,-0.24346,0.066532,-0.12771,0.33286,0.32945
0.040852,0.0089087,-0.087848,-0.042162,0.093766,-0.41065,-0.37747,0.023068,0.40243,0.16025,-0.11512,-0.062619,0.33682,-0.023131,0.23769,0.4311
0.37328,-0.020428,0.061326,0.24485,0.35413,-0.13849,-0.30235,0.22094,-0.3702,0.23787,0.014251,0.15235,0.37417,0.16556,0.41318,-0.15463
0.18759,0.15739,-0.056931,-6.2561e-05,0.016796,-0.22131,-0.44043,0.093558,-0.39277,0.2167,-0.073159,-0.02746,0.3352,-0.047259,0.26121,-0.45157
0.19001,-0.09986,-0.12582,-0.054149,-0.35514,-0.19634,-0.44309,-0.12104,-0.39147,0.11202,-0.045219,-0.11082,0.30267,0.048731,0.45289,0.42901
0.22498,0.070598,-0.017071,0.060818,-0.29069,-0.21664,-0.34177,0.0051258,-0.33586,0.17082,-0.043734,-0.032519,0.29814,0.065906,0.42627,-0.4627
0.46711,-0.41151,0.36895,-0.46495,-0.25746,-0.11387,-0.46034,-0.14182,0.498,0.38408,0.0024149,0.11695,-0.46674,0.16904,0.25308,0.33828
0.44846,-0.43663,0.4724,-0.39222,-0.093495,-0.15018,0.3614,0.062461,0.47973,0.2355,-0.22235,-0.029241,-0.11719,0.094722,0.12669,0.4111
0.47409,0.48566,0.39946,-0.42381,-0.23389,-0.16261,0.45738,0.024203,-0.48469,0.21482,-0.074356,0.041782,-0.28689,0.15075,0.19836,0.44059
-0.47447,0.46127,0.32271,-0.43605,-0.14508,-0.13206,-0.48306,-0.021642,-0.47958,0.36056,-0.088607,0.030013,-0.37164,0.11082,0.23412,0.34568
-0.44855,0.47043,0.44733,-0.38148,-0.043109,-0.11515,-0.44065,-0.043221,-0.49472,0.37094,-0.097245,0.052459,-0.46479,0.050362,0.01856,0.35788
-0.49697,-0.448,0.35807,-0.48784,-0.1172,-0.12523,0.45802,-0.082964,-0.43157,0.41084,-0.11266,0.023694,-0.42517,0.16046,0.19948,0.40315
0.3834,0.21473,0.33036,0.35226,-0.35264,0.20253,-0.24746,0.12968,0.25743,-0.44619,0.085045,-0.21342,-0.2351,0.13798,-0.093737,0.184
0.3429,0.18909,-0.0079202,0.34461,-0.34773,0.12521,-0.072054,0.10082,0.15137,-0.49491,-0.3723,0.1009,-0.34513,0.42997,-0.0060684,-0.40615
-0.49355,0.28994,0.44911,0.43182,-0.3618,0.34574,-0.027756,-0.013238,0.32824,-0.44094,-0.22613,-0.22886,-0.22137,-0.36075,-0.10861,-0.39877
-0.45403,0.30282,0.21588,0.35724,-0.46912,0.29249,-0.02331,0.19606,0.36182,-0.34821,0.083244,0.14076,-0.21121,-0.34289,0.44855,0.37115
0.38775,0.27703,0.36574,0.41013,-0.44222,0.21692,-0.4095,0.20534,0.098417,-0.44985,-0.4724,0.17731,-0.36627,-0.44689,0.24457,0.075611
-0.46793,0.41066,0.29996,0.47012,-0.32149,0.48806,-0.060893,0.21825,0.38589,-0.42561,-0.47236,-0.33096,-0.1851,-0.44706,-0.36041,-0.36259
-0.40132,-0.018001,0.32213,0.37545,0.18699,-0.39099,-0.0041666,-0.15479,-0.18868,0.43367,0.19289,0.14338,0.2539,0.26914,0.19758,-0.048147
0.38143,0.2477,0.18513,0.22892,0.048109,-0.48936,-0.35074,-0.28228,-0.44263,0.31905,-0.0050841,-0.096069,0.12575,-0.021371,0.27456,-0.072195
-0.35268,-0.17815,0.42636,0.39741,0.28722,-0.34527,-0.28785,-0.055654,-0.26581,0.46091,0.094538,0.040344,0.17884,0.17286,0.43385,-0.084436
-0.35049,-0.059983,-0.48566,0.44124,0.2015,-0.31119,-0.31985,-0.1113,-0.19238,0.38268,0.095243,-0.0027527,0.29823,0.18493,0.34187,-0.17805
-0.39184,-0.015519,0.42455,0.34736,-0.31766,-0.4038,-0.34925,-0.065443,-0.13275,0.42332,0.091218,0.0027777,0.16078,0.036819,0.30292,-0.20778
-0.47167,-0.057306,0.24762,0.24071,0.40764,-0.37899,-0.31185,-0.13937,-0.11629,0.37012,0.098066,-0.07484,0.087977,-0.056059,0.16791,-0.17036
-0.116,0.066052,-0.26731,-0.12468,0.12413,-0.16172,0.36204,-0.10592,-0.18278,0.01607,-0.031064,-0.23685,0.20119,0.016374,0.11234,0.42397
0.1418,0.043972,0.14887,0.34299,0.42795,-0.04207,-0.43349,0.12161,-0.31487,0.21423,0.095989,0.0057222,0.4192,0.26128,0.2646,-0.36283
0.21025,0.13571,0.0048506,0.1553,-0.4732,-0.15331,0.49647,-0.069851,-0.21035,0.14603,0.073997,-0.057177,0.31563,0.17381,0.13334,-0.45086
0.24801,0.10305,0.073672,0.20998,0.42263,-0.026663,-0.45824,-0.028519,-0.31371,0.19689,0.020958,-0.1131,0.4076,0.099151,0.22097,0.49964
0.12818,-0.068354,0.11634,0.16199,0.29634,-0.2674,-0.40428,0.10969,0.42425,0.18533,0.019035,-0.091076,0.35507,0.0096552,0.21146,0.49645
0.11327,0.060718,-0.020111,0.053744,0.028002,-0.17429,0.48441,0.051967,-0.39763,0.19354,0.095043,-0.017087,0.27658,0.041107,0.14462,-0.41378
-0.40021,-0.49003,-0.43708,0.43695,-0.14969,-0.1143,0.36671,-0.10357,-0.35055,0.33044,0.0559,0.11545,-0.018581,0.071157,0.33435,0.24189
0.47976,-0.36937,0.35887,0.43675,0.00767,-0.18065,-0.49392,-0.10697,-0.30126,0.31992,0.075966,0.021071,-0.29025,0.16581,0.25383,0.49037
-0.45598,-0.40377,0.404,0.38835,0.054215,-0.16942,0.39901,0.049815,-0.29946,0.26068,-0.15478,0.017638,-0.016353,0.29519,0.29744,0.21373
0.48298,-0.43715,0.39852,0.43965,-0.11729,-0.13554,0.49291,-0.02698,-0.35839,0.1806,-0.0024357,0.13803,-0.084099,0.12606,0.25373,0.4404
-0.37072,0.4574,0.3246,0.45183,-0.031685,-0.052443,0.48989,0.011974,-0.26045,0.22919,0.075941,0.14767,-0.34362,0.1577,0.21111,0.24922
-0.40533,-0.38543,0.17641,0.37082,0.046829,-0.059099,-0.41875,-0.23558,-0.31981,0.27823,0.013059,0.096469,-0.25513,0.24994,0.22292,0.43187
0.14049,0.25714,0.0019269,0.11309,0.17204,-0.15078,-0.47536,-0.2182,-0.38993,0.17164,0.058874,-0.07386,0.23872,0.073442,0.14136,-0.46055
0.12006,0.15968,-0.02927,0.079807,-0.17845,-0.29757,-0.31937,-0.13668,0.33265,0.18304,-0.065856,-0.045198,0.3176,-0.0036702,0.10942,-0.44562
0.1375,-0.086518,0.07177,0.10291,-0.1482,-0.31975,-0.33054,0.010289,0.2919,0.22414,0.004642,0.17279,0.48712,0.15305,0.35691,-0.33298
0.12179,0.092761,0.10073,0.26561,0.12252,-0.14082,-0.30519,0.10928,0.45705,0.19165,-0.024524,0.0049882,-0.41036,0.10177,0.37903,-0.28657
0.20316,0.14319,0.075891,-0.051554,0.099134,-0.10555,-0.35288,0.091694,-0.308,0.27856,0.05515,0.070339,0.49612,0.14651,0.20859,-0.29295
-0.020729,0.17653,-0.0030363,-0.028799,-0.22206,-0.11349,-0.46449,0.031631,-0.43957,0.14928,-0.0642,-0.17135,0.23606,-0.0049757,0.079085,-0.45662
-0.092936,0.20639,-0.18273,-0.13356,-0.42087,-0.3682,-0.46,-0.037516,-0.29011,0.060997,-0.14342,-0.236,0.2917,0.13282,0.48567,-0.4185
0.025341,0.017763,-0.12299,-0.264,-0.0093466,-0.35306,-0.48104,0.019089,-0.25696,-0.010723,-0.12786,0.039605,0.45386,0.24212,-0.44955,-0.35112
0.18248,0.27302,-0.064342,-0.038696,0.28356,-0.18983,0.44769,0.10559,-0.24744,0.08412,-0.093299,0.041682,0.11988,-0.062657,0.088841,0.42567
0.087189,0.040256,0.036932,-0.079486,0.26391,-0.18966,0.47329,0.032415,-0.26769,0.013659,-0.061781,-0.19612,0.28839,-0.0064146,0.23695,-0.36489
0.008037,0.23661,-0.2843,-0.30476,-0.27066,-0.29057,-0.4817,-0.15687,-0.31283,-0.0020103,-0.16103,-0.12079,0.22003,0.2257,0.33984,-0.29444
0.21528,0.13949,0.10291,0.095631,-0.26722,-0.17273,-0.38066,0.27364,-0.12054,0.11474,0.045215,0.19526,-0.43862,0.32296,0.48921,-0.17219
-0.48391,-0.41758,0.44714,-0.34497,-0.18519,-0.25113,-0.47108,-0.22206,0.33086,0.35213,-0.13289,0.08555,-0.092578,0.18515,0.04921,0.45423
-0.41962,-0.4994,0.39633,-0.32395,-0.19929,-0.20606,-0.4603,-0.05052,-0.34131,0.36028,-0.091477,0.040252,0.43318,0.20971,0.054094,0.45461
-0.47303,-0.21203,0.25085,0.46017,0.058966,-0.20933,0.39356,0.40774,-0.37446,0.3544,-0.15172,0.1375,-0.27893,0.33215,0.078139,0.47272
0.45592,-0.4314,0.41743,-0.41335,-0.046333,-0.26096,0.46988,0.12976,-0.37342,0.27943,-0.2024,0.043859,-0.43116,0.15352,-0.0016308,0.41918
0.4246,-0.3223,0.37698,0.47898,-0.0025024,-0.17845,0.40281,-0.19515,-0.34127,0.22797,-0.097724,0.019114,-0.191,0.12248,0.073497,0.43552
-0.43874,-0.30763,0.17732,-0.34992,-0.15413,-0.18562,0.48863,0.49638,-0.22617,0.30421,-0.072813,0.046804,-0.42807,0.23467,0.10209,-0.49607
-0.39763,-0.40021,0.45354,-0.42937,-0.12593,-0.070218,0.33645,-0.15138,-0.41814,0.25136,-0.051279,0.03073,-0.19102,0.19772,0.30154,0.29265
-0.31879,-0.43451,-0.44149,-0.35063,-0.090125,-0.049961,-0.47671,-0.28919,-0.49426,0.34489,-0.068709,0.019665,-0.15311,0.023135,0.18288,0.24469
-0.18105,0.41965,-0.37062,-0.23022,-0.35819,-0.066794,0.40614,-0.011807,0.28636,0.45903,-0.12005,0.25542,-0.45769,0.11777,0.34273,0.28853
-0.083102,0.47512,-0.29563,-0.090609,-0.41375,-0.12516,-0.26404,-0.16961,0.15706,-0.46247,-0.17366,0.31041,0.47214,0.059304,0.059358,0.18283
0.16211,0.39233,0.0029028,0.29607,0.41556,-0.27154,-0.13391,-0.26731,0.16761,-0.33414,-0.2047,0.2755,-0.17209,0.15387,0.37641,0.34701
0.29122,0.35513,0.15115,0.31298,-0.042379,-0.1488,-0.47619,-0.16079,0.22572,-0.13116,-0.24221,0.35128,-0.20821,0.30481,0.28738,0.46364
-0.37776,-0.42652,0.42841,-0.37482,-0.29196,-0.064442,-0.39514,-0.19828,0.28532,0.41216,-0.17243,-0.017559,-0.36622,0.33698,0.19028,0.47884
-0.36012,0.28435,0.48226,-0.32707,-0.35649,-0.055955,-0.41433,-0.11473,0.25968,0.39095,-0.094888,0.05756,-0.42264,0.21203,0.28414,0.49606
-0.33264,0.39822,-0.45421,-0.27483,-0.24704,-0.11786,-0.43324,-0.16418,0.20908,0.40439,-0.14682,0.087794,-0.36283,0.22165,0.26112,0.42494
-0.32063,0.46663,-0.46428,-0.34445,-0.25462,-0.1216,-0.43705,-0.12252,0.18416,0.46908,-0.14372,0.090326,-0.37049,0.17191,0.19467,0.3613
-0.343,0.37885,0.41508,-0.3453,-0.26152,-0.099589,-0.36902,-0.19472,0.31126,0.38965,-0.092845,0.04275,-0.3154,0.21777,0.249,0.41118
-0.32847,0.22694,0.39348,-0.33116,-0.23943,-0.056709,-0.34336,-0.028148,0.37674,0.34882,-0.12867,0.033395,-0.49205,0.16801,0.2544,0.45247
-0.28729,0.43704,0.29825,-0.4191,-0.046887,-0.12899,-0.31974,-0.071908,0.33252,0.25721,-0.090559,0.030492,-0.41163,0.16244,0.17601,0.33965
-0.36309,0.41691,0.18131,-0.37534,-0.16444,-0.11781,-0.43795,-0.15101,0.37953,0.31348,0.098809,0.049056,-0.36431,0.18803,0.11202,0.45558
-0.40123,0.15073,0.35299,-0.35595,-0.12672,-0.14694,-0.36658,0.21818,-0.45297,0.24519,-0.092248,-0.012921,-0.23827,0.1482,0.10667,0.20114
0.47917,-0.45721,0.22785,-0.40077,-0.22891,-0.22871,-0.2348,-0.044156,0.49992,0.17455,-0.17418,-0.17885,0.072049,0.26098,0.14206,0.29555
-0.40064,-0.40508,0.30825,-0.39121,-0.074831,-0.21018,-0.32801,-0.20168,-0.3473,0.22568,-0.18277,-0.10553,-0.24322,0.15274,0.12247,0.32587
-0.32794,-0.31336,0.45813,-0.38333,-0.15452,-0.25838,0.43435,-0.14137,0.37788,0.20859,-0.18221,-0.12655,-0.042308,0.086172,0.076812,-0.46157
-0.21042,0.38752,0.30378,-0.49227,-0.38145,0.38874,0.045615,0.22645,-0.10599,-0.29067,0.057006,0.01871,-0.21443,0.31009,0.27935,-0.41226
0.38026,-0.079607,0.24547,0.40295,0.15632,-0.31475,-0.042412,-0.33381,-0.37215,-0.48443,-0.26115,-0.15012,0.44644,-0.33401,-0.3849,0.15727
-0.33432,0.19914,-0.33911,-0.33788,0.31099,0.11494,0.10912,0.034538,-0.23724,-0.30695,0.056392,0.04964,-0.36612,-0.081917,-0.37879,0.47214
-0.36516,0.15689,-0.15857,0.41531,0.27629,0.019611,-0.078693,-0.067966,-0.14379,-0.34655,-0.069906,-0.06885,-0.49728,0.15933,-0.4485,0.49366
-0.41581,0.10647,-0.32727,-0.32623,0.32187,-0.070068,0.10183,-0.055341,-0.23687,-0.33656,-0.060759,-0.064154,-0.45215,0.33854,0.43584,0.34323
-0.43569,0.18143,0.28992,0.40748,0.36113,0.096586,0.016299,0.092866,-0.193,-0.21194,0.021004,-0.0072112,-0.36408,0.2742,0.34292,0.36095
0.18652,0.29882,-0.047363,0.16363,-0.34003,-0.16503,0.49632,-0.1054,-0.23875,0.12963,0.14316,0.060505,0.36599,0.3015,0.32827,-0.074172
0.23279,0.093658,0.070281,0.11499,0.44502,-0.17314,-0.36247,-0.053665,0.26831,0.17319,-0.056547,-0.18436,0.30068,0.030129,0.32605,-0.474
0.12819,-0.065856,-0.16124,0.085216,-0.49409,-0.34965,-0.3497,-0.017396,0.33167,0.20465,-0.12562,-0.078185,0.24434,0.1417,0.43824,-0.18397
0.11777,0.11786,-0.12859,0.0093299,-0.41767,-0.37067,-0.32508,-0.032486,0.34654,0.19675,-0.14498,-0.022255,0.3267,0.092453,0.25126,-0.32196
0.20138,0.073271,-0.049682,0.11389,-0.31379,-0.25723,-0.39458,0.058394,0.41724,0.19732,-0.10013,0.090246,0.29555,0.14291,-0.46905,-0.38784
0.1962,0.030709,-0.040952,0.051304,0.17977,-0.31683,-0.39173,0.06732,0.37618,0.20676,-0.053982,-0.17511,0.32797,0.13916,0.2572,-0.25737
-0.15721,-0.19719,-0.35245,-0.45762,0.26138,0.48652,-0.13254,-0.013459,0.27174,-0.35414,-0.005301,-0.028528,0.12279,0.25287,0.34367,0.17873
-0.27008,-0.23452,-0.29107,0.44835,-0.11623,0.41754,-0.11646,0.17194,0.082038,-0.44965,-0.014139,-0.079361,0.14721,0.1675,0.25736,0.17019
-0.24594,-0.091923,-0.31637,0.47306,-0.43759,-0.44948,-0.11515,0.11529,0.30331,-0.47337,0.047884,-0.088265,0.077288,0.06302,0.14428,0.17167
-0.23693,-0.01753,-0.4466,0.36966,0.39021,0.49849,-0.19397,0.098329,0.48634,-0.36618,0.081054,-0.038813,0.11263,0.04738,0.17035,0.12588
-0.3006,-0.29036,0.47874,0.43731,0.022401,0.44999,-0.19102,0.059045,-0.37273,-0.47003,0.072275,0.035118,0.21725,0.2769,0.3359,0.23179
-0.36165,0.0068233,0.49672,0.18463,0.16776,0.44375,-0.28393,-0.16634,0.24161,-0.47629,0.011795,-0.024203,0.041465,0.22629,0.44831,0.0646
0.47352,-0.18531,0.41142,0.3179,-0.083711,-0.44274,-0.37266,-0.19453,-0.059291,-0.47676,0.13742,-0.19927,0.16008,0.15082,0.22028,-0.099026
0.41075,0.15506,0.20806,0.23661,-0.16803,0.42708,-0.47472,-0.36011,-0.1458,0.34435,0.031318,-0.16645,0.10956,0.16307,0.2309,-0.16035
0.49828,-0.4922,0.34452,-0.48786,-0.21115,0.47537,-0.32288,-0.016262,-0.0099722,0.49828,0.059337,0.063983,0.39526,0.42254,0.47415,0.24532
0.38163,-0.047442,0.31346,0.35908,0.2297,0.44681,-0.3241,-0.071845,-0.12872,0.37618,0.040131,-0.09951,0.14728,0.18633,0.30752,-0.15425
0.43013,-0.0068108,0.35693,0.32679,0.40021,0.45777,-0.40663,-0.31356,-0.10102,0.34868,0.083786,-0.14851,0.15436,0.16526,0.27921,-0.10183
-0.42349,-0.3208,0.46183,-0.42255,-0.4352,-0.32271,-0.36002,0.093683,-0.049653,0.47601,0.13071,0.11809,0.37104,0.29943,0.25877,0.013972
0.49363,0.42307,0.40214,0.49111,-0.17218,-0.10978,-0.48824,-0.098792,-0.25001,0.23194,-0.048201,-0.040477,-0.1888,0.15204,0.27507,0.28228
-0.48007,-0.42266,0.42167,-0.45949,0.21304,-0.084958,0.45401,-0.14423,-0.20337,0.22314,-0.10793,-0.091589,-0.39798,0.16326,0.22626,0.13777
0.45127,-0.38919,0.25681,0.32081,0.018848,-0.11924,0.36805,0.030642,-0.23507,0.23578,-0.099718,-0.044869,-0.18698,0.13753,0.33776,0.17704
0.41961,0.43317,0.33298,0.44156,-0.092807,-0.070469,0.34844,-0.082055,-0.16364,0.29045,-0.11714,-0.052314,-0.23307,0.16105,0.33034,0.3369
0.47935,-0.44835,0.35149,0.44902,0.081767,-0.057706,0.39858,-0.091214,-0.13768,0.16855,-0.048973,-0.082097,-0.32487,0.19933,0.29054,0.15249
0.37501,-0.39235,0.29382,0.42139,0.008525,-0.10583,0.40183,-0.12594,-0.13928,0.26682,-0.099297,-0.063182,-0.30022,0.17488,0.33993,0.23872
-0.20303,0.10788,-0.29926,-0.28004,0.15441,0.10245,0.36938,0.017108,0.37105,-0.19497,0.11963,-0.12314,-0.4648,0.11618,0.41822,-0.46606
-0.14437,0.027577,-0.48736,-0.32294,-0.4268,0.35594,0.37614,-0.036782,0.36406,-0.22524,0.047317,-0.22763,-0.039597,-0.12576,0.33669,0.20071
-0.058436,0.33463,-0.4612,-0.27476,-0.17888,0.04041,0.28287,0.33848,0.37262,-0.11781,0.088486,-0.082309,0.31243,-0.47234,-0.22391,-0.18196
-0.10281,0.28282,0.44412,-0.33179,-0.23579,-0.11198,0.28158,-0.016454,0.45134,-0.14972,0.036828,-0.15506,-0.47438,-0.10521,0.34021,-0.48086
-0.10464,0.19059,-0.28737,-0.44123,-0.086288,0.35957,0.28718,-0.25186,0.3095,-0.17366,0.075916,-0.20513,-0.13743,-0.19891,0.0679,0.17585
0.0057806,0.27368,-0.38709,-0.11186,-0.42337,0.0042291,0.33885,0.16129,0.28044,-0.11697,0.18701,-0.080249,0.086209,0.27602,-0.42219,-0.26568
-0.081667,0.16002,-0.053369,-0.20735,-0.25318,-0.26663,-0.46393,-0.0067649,-0.2022,0.10435,-0.034646,0.052497,-0.49972,0.13999,0.27061,-0.30678
-0.052251,0.066894,-0.10416,-0.1097,0.36558,-0.24397,0.47316,-0.077209,-0.26088,0.054616,0.016312,-0.12784,0.42858,0.08417,0.21956,-0.36315
-0.021588,0.2391,-0.057635,-0.111,0.26709,-0.21365,0.43681,-0.026993,-0.091093,0.097979,0.064463,-0.10106,0.39484,0.021146,-0.00057139,-0.47007
0.011912,0.078255,-0.1084,-0.087177,0.079277,-0.30145,-0.42941,0.14747,-0.23494,0.099893,0.0069651,0.065451,-0.40457,0.23529,0.43735,-0.31845
-0.13696,0.12798,-0.36718,-0.27539,-0.24785,-0.3167,0.45371,-0.081675,-0.22783,0.038275,-0.12151,-0.05334,0.35578,0.095777,0.3417,-0.31876
-0.066607,0.20639,-0.032473,-0.15214,0.22868,-0.342,0.49549,-0.039384,-0.16887,0.12923,0.012954,-0.081759,0.38872,0.092653,0.2367,-0.47107
0.008329,0.18513,-0.37482,-0.28044,-0.15302,0.10027,0.39644,-0.078556,0.24548,-0.063399,0.16299,-0.10889,-0.44251,0.067324,0.43258,-0.41386
-0.021967,0.17539,-0.30011,-0.31391,0.48044,0.14452,0.31718,0.011453,0.25766,-0.091994,0.12232,-0.09576,-0.41373,0.23422,-0.47307,-0.3665
-0.15481,-0.12531,-0.030008,-0.17921,0.48919,0.11037,0.43673,-0.12853,0.15623,-0.2211,0.043029,-0.21639,0.33884,-0.16694,0.069363,0.17649
-0.21493,0.20441,-0.22652,-0.18778,0.40541,-0.081183,0.41487,0.29163,0.074948,-0.21917,-0.009576,-0.25241,0.4437,0.069639,0.41826,0.43791
-0.0081246,0.14652,-0.46782,-0.38904,-0.072254,-0.080141,0.275,0.059875,0.1542,-0.16086,0.071662,-0.087957,-0.44425,0.41959,-0.31937,-0.46204
-0.11932,0.19298,-0.26502,-0.31152,0.34115,0.043709,0.32012,-0.1086,0.34102,-0.13993,0.15579,-0.027051,0.39894,-0.01758,0.25687,0.48196
0.33666,0.24972,0.19544,0.2622,-0.29832,0.16253,-0.10713,0.24288,-0.2122,0.47866,0.091606,-0.1331,-0.29405,0.44622,-0.19097,-0.49285
-0.46858,0.30793,0.25632,0.35272,-0.307,0.30331,-0.21911,0.3788,0.20855,0.48862,-0.44673,-0.1405,-0.31649,0.16617,-0.013104,0.1914
0.44987,0.34413,0.091577,0.36499,-0.19198,0.41683,-0.28084,0.087452,0.25784,-0.47096,0.12528,-0.20445,-0.214,0.21013,-0.49659,0.32908
-0.47106,0.27479,0.12178,0.26593,-0.18118,0.4758,-0.30251,0.21185,-0.15482,0.47546,-0.48375,-0.070844,-0.33033,0.29943,0.26257,0.2999
-0.35081,0.34356,0.28612,0.27305,-0.010076,-0.48499,-0.18858,0.2743,-0.25465,-0.48382,0.18349,-0.017755,-0.21416,0.25127,0.45891,0.49996
0.37806,0.13905,0.11562,0.058703,-0.34177,0.20632,-0.44521,0.078643,-0.16969,0.36566,0.10385,-0.195,0.4793,0.17475,0.34459,0.25123
0.25255,0.2259,0.14804,0.24786,-0.30486,-0.072458,-0.40525,-0.013371,-0.42492,0.22748,0.078668,-0.038667,0.45565,0.17666,0.32319,-0.40114
0.0015015,0.048998,-0.11004,-0.027473,-0.47692,-0.37022,-0.42491,-0.0056972,0.45581,0.20082,0.037336,-0.032945,0.30911,-0.10596,0.4461,-0.45599
0.050512,0.068321,-0.052222,0.028173,-0.31615,-0.32436,-0.4856,0.1007,-0.41182,0.2384,0.053811,0.030997,0.40203,0.091243,0.37296,-0.34386
0.073759,0.038204,-0.082697,-0.040594,0.34148,-0.21291,0.49896,-0.058157,-0.44383,0.19834,0.068988,0.024574,0.26819,0.018201,0.15568,-0.37901
0.18564,-0.015749,0.036473,0.26445,0.33975,-0.21496,-0.45593,0.043459,-0.34636,0.20788,0.14088,-0.031226,0.29446,0.083652,0.24312,-0.38393
0.13266,-0.036861,0.028916,0.12783,-0.093295,-0.201,-0.48593,-0.0099597,-0.49283,0.12632,0.047805,0.0053344,0.30471,0.040018,0.23864,-0.32741
0.39431,0.22685,-0.1113,0.095047,-0.20897,0.2715,0.37613,0.0727,0.43037,0.37802,0.33741,-0.11327,-0.42662,-0.30944,-0.30292,0.13666
-0.38891,0.37801,0.43795,0.45895,-0.11258,-0.40366,-0.12918,0.28373,0.44786,0.44334,0.096386,-0.28265,-0.2859,-0.3083,-0.15631,-0.44013
-0.47284,0.29528,0.30258,0.29342,-0.34771,0.23855,-0.14423,0.1706,-0.34047,0.46344,-0.18314,-0.30336,-0.31991,0.42017,0.35584,-0.28895
-0.40542,0.19278,0.27051,0.35593,-0.36914,0.26544,-0.25243,0.19149,-0.03254,0.46976,0.45715,0.065714,-0.37064,0.03367,0.070469,0.23475
-0.44582,0.19663,0.22264,0.25997,-0.33669,0.28469,-0.21626,0.093525,0.094968,-0.44975,0.031756,-0.14072,-0.37848,0.39061,0.061372,-0.4908
0.2517,-0.082998,0.047913,0.085771,0.41529,-0.15889,-0.14489,0.2996,-0.013401,0.34133,-0.31638,0.07026,0.36714,0.16809,-0.14367,-0.01788
0.057431,0.062115,-0.030275,0.17809,-0.01675,-0.12984,0.43449,0.10153,-0.173,0.081396,0.11534,0.003787,-0.43616,0.087644,0.35764,-0.33647
-0.024795,-0.098392,-0.20115,-0.082097,-0.036415,-0.20337,0.38879,-0.0075907,-0.26716,-0.019748,0.083248,-0.044435,0.107,0.072629,0.32322,0.40849
-0.07665,-0.19257,-0.17799,-0.054954,0.10221,-0.14696,0.39871,0.023819,-0.28645,0.024207,0.074297,-0.10723,0.18613,-0.057414,0.11405,-0.41686
0.027322,0.070944,-0.016487,0.056372,-0.48392,-0.094938,0.46545,0.12435,-0.17676,0.16458,0.18511,-0.034513,0.30146,0.12626,0.11178,-0.46259
0.13478,0.10797,-0.045328,-0.02648,0.3807,-0.088958,0.45947,0.078531,-0.24074,0.18259,0.18532,-0.035289,0.3292,0.044552,0.23843,-0.48924
-0.078318,0.0090713,-0.15533,0.031898,-0.48,-0.16574,0.44337,-0.072441,-0.10295,0.24001,0.15714,0.060572,0.3492,0.1623,0.38769,0.48899
-0.39762,0.16103,0.18005,0.4204,0.35516,0.1856,0.12956,0.079903,-0.056071,-0.26306,0.0073113,-0.0086793,-0.40939,0.19278,0.37652,0.46622
-0.43542,0.1066,0.28026,0.30256,0.34866,0.20717,0.074573,0.077767,0.29091,-0.33206,-0.032336,-0.027377,-0.44796,0.17101,0.48187,0.46708
-0.43313,0.17007,-0.18575,-0.29496,0.32201,0.068129,0.23327,-0.43075,0.055195,-0.32988,0.14766,0.046483,-0.34711,-0.49906,-0.44594,0.46673
-0.33365,0.31949,0.24522,0.32127,0.44184,0.27167,0.044485,0.13001,0.15623,-0.27767,0.031009,0.29809,-0.29793,0.30494,-0.44607,0.44156
-0.43329,0.10926,-0.18035,0.22792,0.23942,-0.13481,0.017867,-0.05927,0.029078,-0.42611,-0.13372,0.0084291,0.38938,-0.035343,-0.29367,0.3669
-0.31424,0.30334,0.079477,0.17866,-0.48794,0.24907,0.03629,-0.022564,0.10282,-0.31579,0.00077576,0.055504,-0.48994,0.27719,-0.39506,0.41975
-0.43105,0.11045,-0.42922,0.32778,0.3507,0.20188,-0.30284,-0.15697,-0.19079,-0.41244,0.10558,-0.084111,-0.36436,0.10494,-0.23148,0.40085
0.23888,-0.07924,0.25224,0.3466,0.16212,-0.12728,-0.17316,-0.00065063,-0.33145,0.49353,-0.077029,-0.45558,0.40799,0.28316,-0.29978,0.41094
0.48338,0.1344,0.21975,0.43997,-0.46704,0.15255,-0.20819,0.25198,-0.13264,-0.32719,0.055763,0.05258,-0.079557,-0.09782,-0.13735,-0.35491
-0.39954,0.080875,0.34612,0.4095,-0.46971,0.36076,-0.23859,0.015048,0.0048714,-0.30553,0.021976,-0.12511,-0.27505,-0.14444,-0.47005,0.26701
-0.43084,0.14363,0.40977,0.45982,-0.46586,0.33712,-0.16654,0.14296,-0.07886,-0.35108,0.039397,-0.14465,-0.18956,-0.25485,0.33364,0.33787
-0.38587,0.15599,0.17368,0.3795,-0.46197,0.19383,-0.12586,0.10451,-0.062273,-0.30456,-0.052535,-0.13483,-0.26057,0.11093,0.4622,0.35309
0.2241,0.051129,0.29978,0.11148,0.44337,-0.48931,-0.48775,-0.25963,0.13974,0.33548,0.067766,-0.17923,0.19904,0.12533,0.37141,-0.25948
0.34736,-0.14956,0.36055,0.3441,0.14998,-0.49267,0.43877,-0.10073,0.093449,0.33212,0.04227,0.011732,0.03518,0.15675,0.42869,-0.19448
0.41799,-0.057961,0.37337,0.22462,-0.32109,0.4553,-0.11601,-0.33165,0.17103,0.31115,0.14906,-0.13134,0.24885,0.21491,0.28351,-0.017659
0.3197,-0.089162,0.324,0.43516,0.15059,0.35813,0.43543,0.019832,-0.060117,0.3227,0.057523,0.11411,0.10725,0.2505,-0.475,-0.30561
0.34473,0.20864,0.26576,0.087514,0.2389,0.42968,-0.19479,-0.21181,0.10474,0.1918,0.04383,-0.19043,0.17506,0.22594,0.42663,-0.22142
0.4863,-0.14674,0.39839,0.36214,-0.25105,-0.43014,-0.45718,-0.078689,0.10829,0.38261,0.039609,-0.0045378,0.068392,0.15597,0.31258,-0.011749
0.49703,0.16112,0.19105,0.27492,-0.23655,0.28552,-0.14317,0.031014,0.30491,0.44794,-0.32278,-0.11077,-0.46601,0.1078,0.29412,0.2256
0.44195,0.15052,0.45732,0.25957,-0.34731,0.26981,-0.11623,0.25274,0.37869,0.39239,-0.252,-0.091026,-0.41124,0.17468,-0.3807,0.26956
0.38359,0.15818,0.19646,0.20719,-0.38002,0.064229,-0.25832,0.1206,0.14604,0.43751,-0.24636,-0.17144,-0.34262,0.24452,-0.37196,0.23613
-0.31821,-0.4085,0.076028,0.46633,-0.37784,0.41761,-0.23116,-0.45931,-0.083273,-0.44528,0.36622,-0.21725,0.11592,0.35855,0.31951,-0.19524
0.39061,0.26778,0.27665,0.0082414,0.12695,0.38553,-0.17521,-0.11937,0.0082455,0.25997,-0.26782,0.45995,-0.37443,0.26186,-0.10367,-0.0021563
-0.41669,0.21302,0.3531,0.37017,0.016729,-0.43151,-0.05359,0.21944,-0.20207,-0.41344,0.48323,-0.2106,-0.22352,0.16391,0.10212,-0.37432
-0.44925,-0.36558,-0.40635,-0.39223,-0.12027,-0.066978,0.38777,-0.21064,-0.43334,0.31169,-0.085371,0.027477,0.055383,0.039092,0.24918,0.18335
0.38785,-0.38106,0.41958,0.49088,0.033971,-0.0599,0.47243,-0.1329,-0.41587,0.25721,-0.024858,-0.060601,-0.029708,-0.11349,0.13833,-0.3986
-0.44963,-0.4874,0.41457,-0.46518,0.048326,-0.03083,0.43054,-0.22009,-0.23181,0.27772,-0.073559,0.00063812,-0.15049,-0.043505,0.20611,0.22031
-0.4298,0.49433,0.35294,0.49339,0.010919,0.01745,0.41245,-0.1679,-0.25585,0.2869,-0.08751,0.037061,-0.31069,-0.046504,0.25617,0.43241
-0.44837,0.44955,0.4074,0.48709,0.041107,-0.025904,0.35705,-0.19691,-0.33625,0.27564,-0.036248,-0.023339,-0.24951,0.045645,0.34598,0.41178
-0.36913,-0.22345,-0.46256,-0.49363,0.080875,0.037366,0.38653,0.43089,-0.44463,0.24301,-0.088983,0.057456,-0.30863,0.077834,0.33593,0.39316
-0.35057,0.40106,0.29685,0.45003,-0.058128,0.42377,0.0055179,0.34355,0.36011,-0.32251,0.11808,-0.0041958,-0.15549,0.49516,0.19106,-0.30124
-0.084524,-0.11436,-0.024566,-0.0988,0.36451,-0.3057,0.27359,-0.10457,-0.022167,0.20729,-0.39756,-0.3851,0.31258,0.18415,0.1634,-0.087239
0.37727,0.2034,0.23972,0.27579,-0.25482,0.099313,-0.17277,0.024386,0.36034,-0.46746,-0.026914,-0.14938,-0.31048,0.12586,0.20002,0.42237
0.32126,0.18785,0.1496,0.30187,-0.26188,0.22139,-0.30331,0.15312,0.42427,-0.47717,-0.0046212,-0.20601,-0.23587,0.16999,0.15688,0.42789
-0.48945,0.29866,-0.38733,0.34422,-0.21964,0.31015,-0.31445,0.15249,0.30515,0.44206,0.030421,-0.2752,-0.19325,0.15264,0.22089,-0.47426
0.31951,0.20833,0.23939,0.23832,-0.30904,0.13657,-0.239,0.1187,-0.44167,0.4794,-0.029141,-0.037307,-0.33908,0.016687,0.33886,0.37171
-0.41235,0.0685,0.20959,0.32775,-0.39878,-0.319,-0.21209,-0.10227,0.092928,0.33512,-0.045711,0.032503,0.17055,0.075474,0.29547,-0.20538
-0.33644,-0.13502,0.41503,0.49451,0.1994,-0.25957,-0.15669,0.032573,0.12034,0.3571,-0.082038,0.11771,0.39347,0.32984,0.38814,0.036915
0.39235,-0.079886,0.18881,0.28095,0.23224,-0.41535,-0.32518,-0.11296,0.061777,0.16927,-0.21123,-0.19401,0.10498,-0.006131,0.2218,-0.4764
-0.45523,-0.046241,0.26372,0.41687,-0.021696,-0.205,-0.25427,-0.016512,0.1691,0.36613,0.030163,0.016412,0.37448,0.19133,0.40203,-0.23605
0.45126,0.0032407,0.30466,0.25648,0.23006,-0.42267,-0.32513,-0.27996,0.066411,0.23211,-0.00094676,-0.090517,0.23169,0.1169,0.4279,-0.29283
0.44268,-0.0021396,0.32218,0.44842,0.14875,-0.20459,-0.22409,-0.016616,0.059871,0.2868,-0.098425,0.054574,0.25708,0.18486,0.36647,-0.12027
-0.021805,0.12501,-0.24234,-0.19402,0.11656,-0.22031,0.41156,0.1844,0.042408,-0.085133,-0.050833,0.094204,-0.24308,0.36251,-0.08306,-0.1299
-0.028757,0.16839,-0.17071,-0.30906,-0.16481,0.091297,0.30442,-0.0061226,0.25045,-0.19053,-0.0087168,0.16264,-0.33621,0.17697,0.40298,-0.33162
-0.08251,0.1758,-0.45432,-0.46264,0.12792,0.056126,0.22916,0.037537,0.37538,-0.20515,0.12031,0.25585,-0.35124,0.095435,0.32772,-0.33195
-0.13411,0.14403,0.42926,-0.30689,0.31585,-0.024169,0.2699,0.24543,0.22813,-0.26938,0.071353,0.10429,-0.40405,0.098596,0.40952,-0.30077
-0.048526,0.19905,0.35314,-0.095627,0.14,0.020332,0.38393,0.092081,0.20136,-0.19942,-0.04992,-0.054203,0.48715,0.10644,0.20879,0.11506
-0.023289,0.043184,-0.26585,-0.13357,-0.41318,-0.19729,0.43488,0.051091,-0.06541,-0.13525,-0.0072029,0.20491,0.48542,0.10993,0.34872,-0.17605
0.26056,0.030859,0.16401,0.27803,0.34928,-0.42135,0.45851,-0.034217,0.17248,0.19599,0.24211,-0.1678,0.07323,0.06274,0.32621,-0.23825
0.35247,-0.034217,0.25463,0.4348,0.42727,-0.35832,-0.46809,0.067412,0.17977,0.13019,0.1269,-0.0038246,0.30679,0.13904,0.35675,-0.12314
0.47594,-0.014731,0.18673,0.33629,-0.41029,-0.19367,-0.3211,-0.054599,0.31756,0.24864,0.12463,-0.23662,0.19892,0.098066,0.29843,-0.21974
0.39935,0.0055471,0.24389,0.42387,0.46219,-0.43002,-0.29479,0.13935,0.078343,0.26191,0.08027,-0.078039,0.22596,0.25693,0.29777,-0.085629
-0.454,-0.2387,0.35089,0.47737,-0.11053,-0.25835,-0.25257,0.091552,0.06606,0.28094,0.13398,0.11289,0.23419,0.32695,0.30836,-0.05887
-0.24528,0.17947,0.43221,-0.35554,-0.2922,-0.17949,-0.45664,-0.031201,-0.020011,0.46098,0.22027,0.067032,0.12138,0.090259,0.33123,-0.23471
0.29209,-0.48766,0.19034,0.36226,0.071466,-0.14852,0.44491,-0.007328,-0.1415,0.16091,-0.10107,-0.1398,-0.24658,0.1966,0.22334,0.34336
0.25976,-0.37939,0.18328,0.31621,0.093379,-0.086514,0.43971,-0.18202,-0.16543,0.060838,-0.081692,-0.095443,-0.30093,0.23905,0.19894,0.34271
0.23385,-0.37189,0.1793,0.3623,0.17882,0.0074114,0.37347,-0.11151,-0.1445,0.020107,-0.077592,-0.094025,-0.33887,0.2816,0.17441,0.30493
0.29843,-0.37986,0.20579,0.3571,0.020904,-0.049294,0.43676,-0.042087,-0.24783,0.13868,-0.12567,-0.045403,-0.30483,0.20331,0.17535,0.3672
0.35973,-0.37769,0.31225,0.36929,0.050608,-0.034033,0.46105,0.050111,-0.3631,0.14604,-0.11839,-0.064029,-0.40389,0.25526,0.21718,0.37584
0.31907,-0.18338,0.36396,0.43605,-0.035868,-0.18402,-0.47331,-0.006181,-0.45313,0.16183,-0.16153,-0.14542,-0.14439,0.21264,0.14442,0.37816
0.47943,-0.049903,0.30106,0.48476,-0.36908,-0.45117,-0.43534,-0.21108,-0.37648,0.30785,-0.11718,-0.15963,0.085804,0.078568,-0.46147,-0.065868
-0.45955,-0.31485,-0.49686,-0.41133,-0.23136,-0.40881,-0.40806,-0.012996,-0.1464,-0.41495,-0.087364,-0.13805,0.11747,0.13182,0.35901,-0.044322
-0.4397,-0.092219,0.37605,-0.45843,-0.24822,-0.26471,-0.32236,0.063082,-0.13099,0.29686,-0.077113,-0.12788,0.10705,0.090818,0.28786,-0.070978
-0.49174,0.039413,0.36771,0.45777,0.027644,-0.36906,-0.44005,-0.022368,-0.1052,-0.39539,-0.15151,-0.18013,0.074873,0.052305,0.26135,-0.11401
-0.43357,-0.060363,0.39349,0.37749,-0.21897,-0.24968,-0.4366,-0.085054,-0.1085,0.34716,-0.089679,-0.091193,0.19836,0.21792,0.30226,-0.060964
-0.34645,0.020628,0.3505,-0.4583,0.44753,-0.32266,-0.38432,0.026693,-0.088891,0.31688,-0.20563,0.0046921,0.18483,0.1705,0.26208,0.0078869
-0.21282,0.401,0.4394,-0.17469,-0.26433,-0.1605,-0.31775,0.050232,0.34741,0.33534,-0.18068,0.0028653,-0.45637,0.22155,0.29256,0.30249
-0.34295,0.35526,0.37934,-0.29087,-0.2133,-0.15685,-0.27096,-0.041699,0.211,0.22327,-0.13842,0.061502,-0.23829,0.2739,0.25441,-0.44997
-0.46505,-0.44747,0.37668,-0.40346,-0.27572,-0.075945,-0.35747,-0.16987,0.48243,0.23117,-0.15959,0.039455,-0.12357,0.17427,0.21675,0.44308
-0.42077,-0.49091,0.44476,-0.39154,-0.072483,-0.061268,-0.47304,-0.3459,-0.45801,0.23528,-0.11397,-0.0038037,-0.36325,0.2628,0.27171,0.29631
-0.45048,-0.3559,0.29756,-0.49503,-0.10703,-0.13173,0.49832,0.036657,-0.49854,0.18854,-0.15963,-0.10974,-0.27821,0.13216,0.22638,0.43584
-0.42152,-0.38768,0.33901,-0.4238,-0.066436,-0.046687,-0.48934,-0.17187,-0.45339,0.18367,-0.15126,-0.074085,-0.32712,0.19569,0.20392,0.39001
0.47164,0.031789,0.19885,0.49696,0.28926,-0.32988,-0.44761,0.042883,0.13968,0.15674,0.028982,-0.14057,0.18899,0.050837,0.21828,-0.41353
0.49321,0.26616,0.33299,0.42076,-0.12365,-0.32166,-0.25922,0.083273,0.16898,0.22322,0.16373,-0.12273,0.41061,0.22348,0.19784,-0.19111
0.30953,0.16286,0.061289,0.30675,-0.38473,-0.43555,-0.44028,-0.045553,0.028065,0.16244,0.028807,-0.20472,0.1775,0.0095718,0.412,-0.19542
-0.32571,0.14522,-0.49444,-0.34601,0.03254,-0.17228,-0.36745,0.11814,0.0049507,0.2051,0.15427,-0.062394,0.308,0.10592,0.12854,-0.26768
0.44497,-0.29098,0.18911,0.45547,-0.41078,-0.48607,-0.40893,0.067316,-0.11883,0.20874,0.048326,0.011353,0.22526,0.082468,0.40745,-0.20245
0.40359,0.01046,0.288,0.38855,0.0081788,-0.37967,-0.3334,0.042637,-0.021938,0.181,0.0026901,-0.19275,0.31453,0.095276,0.47121,-0.14033
0.38653,0.056184,0.2194,0.40949,0.026021,-0.18246,-0.43395,-0.075866,0.21354,0.24385,-0.018076,-0.11987,0.3332,0.35104,-0.3523,-0.22392
0.3338,-0.047184,-0.044731,0.22005,0.25844,-0.30113,0.46573,-0.23553,0.16946,0.24364,0.022918,-0.096457,0.012058,0.10597,0.23997,0.43522
0.45548,-0.14242,0.34193,-0.49299,0.32529,-0.24938,0.48531,0.18784,0.2647,0.25144,0.178,0.012033,0.3673,0.3631,-0.31911,-0.12418
0.34514,0.06518,0.047621,0.25096,0.43727,-0.28433,0.45977,-0.10342,0.13984,0.21891,0.053014,-0.17956,0.2824,0.070252,0.48323,-0.28954
0.32391,0.0341,-0.092315,0.26327,0.30516,-0.36992,0.4327,0.00060893,0.22355,0.20285,0.074977,-0.09561,0.24345,0.19562,0.39999,-0.28528
0.47202,-0.14213,0.27259,0.44292,-0.037507,-0.27082,-0.47171,0.053239,0.30652,0.30735,0.19905,-0.036469,0.21503,0.23544,0.39715,-0.086297
-0.21647,-0.1952,-0.3683,-0.26091,0.32514,0.32165,0.010339,0.18654,0.21242,-0.45974,-0.073376,-0.18756,0.14459,0.14743,0.13313,0.13778
-0.31824,-0.11648,-0.3744,-0.46676,-0.1211,0.3166,-0.11695,-0.011444,-0.3618,-0.47482,0.012658,-0.29052,0.054061,0.021734,0.1254,-0.035138
-0.37067,0.092211,-0.43112,0.38897,-0.39224,0.28464,-0.16583,-0.18289,0.13607,-0.4805,0.072429,-0.28431,0.037295,0.010823,0.10802,-0.025412
-0.25134,-0.21232,-0.47463,-0.43611,0.11883,0.3269,-0.12322,0.021171,0.28981,0.49914,0.028344,-0.040093,0.26063,0.25808,0.32895,0.14669
-0.26178,-0.13658,-0.47507,-0.39742,-0.33049,0.23377,-0.047388,-0.051442,0.15205,-0.47649,0.048547,-0.079361,0.050024,0.15637,0.35678,0.065001
-0.27549,-0.17315,-0.32244,-0.31907,-0.29509,0.22231,-0.061877,-0.12913,0.16184,-0.4045,-0.0052676,-0.11863,0.053402,0.1857,0.23657,0.037295
0.17427,0.48582,-0.00024607,0.20926,0.25515,-0.3183,-0.20246,0.10896,0.30921,-0.31569,-0.085679,0.28804,0.34293,0.19134,-0.040089,-0.42876
0.13564,0.2831,-0.073259,-0.065493,0.3385,-0.27837,-0.34429,-0.011695,-0.36076,-0.33196,-0.096457,0.32063,-0.44837,0.18389,-0.082918,-0.33685
-0.23807,0.40001,0.44127,-0.34054,-0.21995,-0.1578,-0.49405,-0.14576,0.30856,0.41904,-0.11096,0.21187,-0.28597,0.028161,0.20324,-0.41693
-0.34309,0.37411,0.30659,-0.42944,-0.28455,-0.14378,-0.4431,-0.16598,0.40926,0.3366,-0.011361,0.12152,-0.12594,0.11978,0.17937,0.48712
-0.25833,0.43261,0.41045,-0.35446,-0.15672,-0.094905,-0.40573,-0.24878,0.40345,0.32512,-0.020003,0.044072,0.43273,0.12291,0.20302,-0.47373
-0.29401,-0.48225,0.4303,-0.43023,-0.14276,-0.080437,-0.35119,-0.095001,0.33245,0.40924,-0.11085,0.072321,-0.49858,0.099768,0.23585,0.40656
-0.22821,-0.39593,-0.45339,-0.30219,-0.30075,-0.33556,-0.28097,0.24832,-0.2518,-0.41717,-0.083189,0.13436,0.33265,0.17875,0.078731,0.038875
-0.38818,-0.23788,-0.4244,-0.342,-0.44138,-0.35153,-0.26888,0.12649,-0.34563,0.26784,-0.098087,0.051855,0.27582,0.050462,0.18814,-0.073801
0.4981,-0.10123,0.32286,0.29037,0.47681,-0.45204,-0.38002,-0.25625,-0.34588,0.43386,-0.13544,-0.0055804,0.235,0.20763,0.39529,-0.26832
-0.30292,-0.22024,0.45005,-0.46472,-0.35592,-0.40404,-0.32913,0.10536,-0.27302,-0.49118,-0.099105,-0.038596,0.23436,0.16703,0.18633,-0.1522
-0.24174,0.049819,-0.33496,-0.2618,-0.041703,-0.27325,-0.21051,0.32891,-0.091214,0.37291,-0.069309,0.18487,0.33953,0.17713,0.058791,0.092015
-0.23376,-0.16607,-0.33391,-0.42752,-0.34321,-0.25353,-0.31434,0.23678,-0.12749,0.42196,-0.23233,0.1848,0.30219,0.17345,0.19383,0.00049215
-0.29253,0.24378,-0.30042,0.39199,-0.28583,0.070181,-0.071361,-0.05256,-0.221,-0.30749,-0.11558,-0.034175,-0.47465,0.040293,0.41093,-0.37821
-0.36428,0.30511,0.49622,0.20761,0.39695,0.091927,-0.11227,-0.12285,-0.15315,-0.43946,-0.019477,-0.069147,0.49766,0.004129,0.36191,-0.48531
-0.35058,0.27558,0.28316,0.30892,-0.39489,0.21344,0.0072904,0.10063,-0.038091,-0.34582,0.08525,-0.082576,-0.45121,-0.057427,0.32456,-0.30306
-0.44003,0.20651,-0.2138,-0.33783,0.062023,0.051342,0.29299,0.34693,-0.17678,-0.34094,0.013555,-0.17333,0.40246,0.039685,0.37016,-0.45921
-0.35489,0.2953,-0.20785,0.41389,0.43721,0.27583,-0.10863,0.11412,-0.14281,-0.31277,-0.13158,-0.082084,0.48459,-0.10471,0.39214,-0.43513
-0.34238,0.2132,-0.4657,0.39171,0.46083,0.12048,0.23419,0.086451,-0.23117,-0.35478,0.097971,0.088311,0.48589,0.12808,0.30621,0.45188
-0.13705,0.29303,-0.21021,-0.22355,-0.47522,-0.32596,0.29411,0.013605,-0.028778,-0.025133,-0.06712,-0.15148,0.19382,0.043388,-0.38913,-0.43631
-0.15376,0.098705,-0.20008,-0.24768,-0.32041,-0.30112,0.27863,0.16219,-0.20782,-0.096778,-0.083006,-0.040606,0.35907,0.064984,0.30053,-0.27331
0.14792,0.25014,0.034429,-0.11475,-0.17803,-0.2255,0.38408,0.05027,-0.18664,0.058699,0.014276,-0.077751,0.21394,0.13403,0.17529,-0.33348
0.062845,0.1736,0.0028361,-0.099989,-0.2461,-0.29959,-0.49467,0.065772,-0.43131,0.13491,-0.024395,0.077738,0.37608,0.12189,0.40576,-0.32563
0.04954,-0.010418,-0.010719,-0.0023022,-0.056443,-0.31765,-0.47219,0.13765,-0.48356,0.10156,-0.04403,-0.07049,0.48887,0.11102,0.44624,-0.3235
-0.018964,0.074452,-0.16555,-0.18757,-0.31475,-0.29253,0.37798,0.023932,-0.41872,0.039046,-0.032277,-0.054929,0.41166,0.17188,0.21158,-0.37006
0.2197,-0.0059725,0.065443,0.15304,-0.2302,-0.093967,-0.4254,0.077751,0.42262,0.19424,0.0071403,0.15302,0.39001,-0.018351,0.087464,-0.31405
0.25511,-0.011695,0.098617,0.14883,0.054228,-0.17832,-0.49867,0.066915,0.38703,0.19842,-0.0095802,0.093437,0.35245,-0.090592,0.14841,-0.38508
0.27764,0.04255,0.061593,0.17969,-0.21331,-0.1427,0.48991,0.11638,0.36221,0.21498,0.026442,0.047826,0.3382,-0.0072446,0.18998,-0.36043
0.24819,-0.10814,0.080074,0.17875,-0.013576,-0.20357,-0.46338,0.18692,0.34826,0.2355,-0.036986,0.095255,0.35903,-0.054357,0.13982,-0.33129
0.12126,0.059195,0.046942,0.029687,0.39177,-0.1847,0.43696,-0.2132,0.32435,0.22943,0.015106,-0.18782,0.31256,0.052309,-0.4824,-0.46535
0.31885,-0.032707,-0.022522,0.096744,0.074569,-0.14983,-0.4788,0.072208,-0.45637,0.22176,0.074368,0.13504,0.48848,0.1492,0.47053,-0.34963
-0.15596,0.15095,-0.37847,-0.39791,0.46478,-0.077763,0.23556,-0.052651,0.19795,-0.12935,0.22671,-0.048397,-0.41095,0.36749,-0.36356,-0.26152
-0.15885,0.1157,-0.28837,-0.37038,-0.16679,0.25218,0.28605,-0.053973,0.23474,-0.13265,0.26511,-0.056305,0.45351,0.14349,0.35548,-0.25193
-0.20148,0.089767,-0.27293,-0.28996,-0.016604,0.1058,0.25033,-0.20528,0.17568,-0.11964,0.21974,-0.035113,0.22896,-0.11785,0.26308,-0.34891
-0.17538,0.04514,-0.47121,-0.45155,0.3103,0.18108,0.20935,-0.012938,0.23872,-0.097186,0.27895,-0.045836,-0.45418,0.055045,0.3227,-0.23631
-0.30677,-0.13825,-0.31322,-0.25524,0.17293,0.18656,0.37455,0.11739,0.17865,-0.19111,0.14925,-0.12256,0.3887,-0.17346,0.018013,-0.40902
-0.15348,-0.059612,-0.20624,-0.15426,-0.18363,0.013555,0.22457,0.070577,0.22165,-0.11517,0.25053,-0.045961,0.40401,0.16112,-0.48449,-0.18816
-0.19255,-0.16037,-0.4779,0.48226,-0.11809,0.44056,-0.17291,-0.035414,0.37022,0.35674,0.04479,-0.18196,0.28462,0.1693,0.35502,0.10713
-0.26796,-0.081296,0.42107,-0.45211,-0.46444,0.49185,-0.1929,0.032202,-0.47639,-0.49453,0.078635,-0.089541,0.2051,0.20149,0.35668,0.088257
-0.23068,-0.21604,-0.39119,-0.39727,0.31785,0.45528,0.18663,0.080224,0.413,-0.4474,-0.048126,-0.090897,0.1558,-0.012979,0.31637,0.086518
-0.20724,-0.32007,0.46082,-0.44631,0.2324,0.39652,-0.24953,-0.04285,0.49693,-0.38918,0.0044627,-0.1003,0.15237,0.042104,0.27694,0.04984
-0.36191,-0.043964,0.49154,0.4791,0.022088,0.39202,-0.131,-0.062849,0.38997,0.44246,0.080383,-0.23303,0.26211,0.02281,0.41148,0.088841
-0.31183,0.044819,-0.4892,0.34318,-0.027815,0.49795,-0.1895,-0.10702,0.47318,0.34955,0.092227,-0.1875,0.17502,0.18772,0.34458,0.05429
0.22187,-0.0099097,0.23263,0.22143,0.23535,-0.36979,-0.30997,0.1202,0.129,0.28525,-0.091819,0.17611,-0.32075,0.21357,0.42275,-0.33438
0.12219,0.061289,0.047655,0.036069,0.37722,-0.35083,-0.46409,0.067299,0.25206,0.22873,-0.10332,-0.022126,0.48822,0.02012,0.25067,-0.34567
0.092344,-0.068859,0.036907,0.050036,-0.3465,-0.2583,0.49721,0.23421,0.40864,0.16379,-0.068004,0.046842,-0.36502,0.070615,0.27858,-0.27854
0.084753,-0.031568,0.019106,0.018355,0.17681,-0.35261,0.45104,0.06742,-0.40821,0.077667,-0.092219,-0.13723,0.46312,0.045853,0.26783,-0.2716
0.045415,0.035209,0.041536,0.059458,-0.46819,-0.24078,-0.49057,0.13484,-0.48047,0.049653,-0.032186,-0.064792,0.48742,0.22383,0.3383,-0.24446
0.04992,0.10546,-0.054995,0.01584,0.03996,-0.27638,0.4331,0.016758,-0.33183,-0.016979,-0.054111,0.011169,0.31768,0.12304,0.29878,-0.29355
-0.44476,-0.37782,-0.49272,-0.42368,-0.08867,-0.22084,0.4994,-0.10593,0.32743,0.35284,-0.1907,0.067378,-0.21697,0.24697,0.3012,0.27728
-0.34479,-0.49448,0.42819,-0.30446,-0.17219,-0.19783,-0.4822,-0.23824,0.32356,0.40837,-0.19001,0.053907,-0.30053,0.21969,0.29163,0.43483
-0.34552,0.27521,-0.45218,-0.26292,-0.18297,-0.16479,-0.38799,-0.29271,0.26528,0.40357,-0.20215,0.10793,-0.21302,0.2878,0.26742,0.42828
-0.34112,-0.44861,-0.44508,-0.2175,-0.065326,-0.22512,-0.40612,-0.21217,0.23519,0.33228,-0.22527,0.055583,-0.30274,0.1419,0.22053,0.39818
-0.30828,0.41137,0.48288,-0.26939,-0.35631,-0.20966,-0.34911,-0.12815,0.12229,0.43027,-0.12121,0.12213,-0.21225,0.17598,0.29006,0.35867
-0.21548,0.31813,-0.3984,-0.19434,-0.074852,-0.16329,-0.30097,-0.49339,0.32895,0.44821,-0.087556,0.20935,-0.18256,0.2526,0.20204,0.3324
-0.38626,-0.43129,0.42366,-0.38161,-0.28493,-0.17764,-0.2624,-0.11781,0.41982,0.33687,-0.26444,0.16811,-0.31866,0.053123,0.28636,0.29158
-0.41365,0.45338,0.46673,-0.39608,-0.1544,-0.18078,0.48814,-0.084345,0.39241,0.31808,-0.18014,0.18267,-0.3035,0.2461,0.25223,0.35628
-0.42966,-0.28334,0.35029,0.49854,-0.15343,-0.10815,-0.46899,-0.3059,-0.47256,0.369,-0.085488,0.15302,-0.4394,0.14683,0.25535,0.4074
-0.45921,-0.35271,0.48499,-0.33142,-0.12068,-0.11623,-0.39044,-0.010481,0.39006,0.30944,-0.27587,0.051383,-0.44216,0.030334,0.23261,0.40765
-0.41068,-0.13609,-0.47185,-0.33962,-0.16001,-0.09453,-0.46274,-0.4715,0.2302,0.36061,-0.27969,0.08935,-0.12068,0.15117,0.16285,0.40318
-0.39951,0.40987,-0.46264,-0.30136,-0.34242,-0.13589,0.499,-0.096711,0.16124,0.35315,-0.08764,0.20524,-0.074239,0.1856,0.26654,0.35758
-0.45454,-0.27086,0.48995,0.49402,-0.32065,-0.43251,-0.18779,-0.10494,-0.17002,0.386,0.20605,-0.028866,0.18359,0.22021,0.14864,0.036031
0.4192,-0.027956,0.34805,0.44227,-0.0025358,-0.31352,-0.36461,-0.20186,-0.1605,-0.33976,0.20096,-0.099977,0.17001,0.10319,0.10852,-0.18498
0.45715,-0.006498,0.33017,0.47709,-0.059479,-0.41103,0.44354,-0.27305,-0.28366,-0.49083,0.14659,0.066527,0.28503,0.16471,0.49142,-0.2428
0.43743,-0.007524,0.38827,0.3326,0.44603,-0.41847,-0.31846,-0.3168,-0.19978,0.23526,0.099251,-0.10446,0.13443,0.17663,0.2539,-0.068538
0.38747,0.017404,0.23477,0.26876,0.023936,-0.47481,-0.40843,-0.16979,-0.16351,-0.44507,0.074819,-0.094555,0.10388,0.306,0.49026,-0.099514
0.47118,-0.34192,0.32845,0.41473,0.2375,-0.30313,-0.33764,-0.031005,-0.063095,-0.45275,0.23602,-0.044085,0.23782,0.39417,0.46203,-0.1751
0.41103,-0.45105,0.38043,-0.44467,-0.18899,-0.15211,-0.47021,0.047938,-0.40905,0.19275,-0.083465,-0.10508,-0.024349,0.066548,-0.013434,0.28475
0.49643,-0.31645,0.3669,0.46134,-0.16393,-0.14565,0.37652,-0.074898,-0.42965,0.23441,-0.08374,0.050232,-0.45313,0.24013,0.11987,0.36481
0.45798,-0.41277,0.27236,0.47793,0.0049965,-0.12388,-0.45231,-0.1137,-0.35868,0.25736,-0.14795,-0.19242,-0.40557,0.23254,0.19138,0.24184
-0.45071,-0.38383,0.27476,0.48912,-0.058019,-0.05862,0.46377,-0.27935,-0.36535,0.28997,-0.12165,-0.027677,0.39441,0.3203,0.18146,0.29607
0.44029,0.49002,0.42357,-0.47635,-0.12071,-0.069151,-0.46391,0.13826,0.44049,0.28414,-0.22647,-0.040923,-0.27772,0.10501,0.20667,0.27988
0.48848,0.45838,0.24392,0.37497,-0.021242,-0.11128,-0.47344,-0.056201,0.47999,0.27127,-0.044831,0.032131,-0.35839,0.21117,0.2608,0.34048
0.057856,0.23289,-0.18921,-0.20405,-0.04484,-0.24998,0.40852,-0.12902,0.49297,0.11203,0.088953,0.10844,0.3188,0.060517,0.30568,-0.2645
-0.037557,0.25074,-0.26519,-0.23627,0.29306,-0.32628,0.4974,-0.15154,-0.41799,0.10476,-0.061251,-0.27195,0.33234,-0.050562,0.1183,-0.43195
0.091931,-0.013225,0.06543,0.19388,-0.48966,-0.32831,-0.34286,0.24,0.45731,0.15046,0.030588,0.011716,-0.32095,0.49587,0.35621,-0.08671
-0.016858,-0.00023773,-0.021563,-0.049928,0.46741,-0.47298,-0.43011,0.017851,-0.441,0.088357,-0.08759,-0.087594,0.28327,0.1537,0.26648,-0.26201
0.080195,0.16231,-0.091064,-0.044664,-0.3927,-0.25077,0.43922,-0.059575,-0.38219,0.094008,0.0037286,0.15119,0.2994,0.3093,0.27307,-0.34699
-0.17326,0.40821,-0.11885,-0.24938,0.23059,-0.38277,0.44856,-0.30913,-0.29441,0.090684,-0.0027318,-0.26608,0.15349,-0.11222,0.16128,-0.43172
0.2099,-0.33304,0.058757,0.34761,0.32246,0.47377,-0.4965,0.10639,0.10519,0.48841,0.10352,-0.086459,0.18012,0.21312,0.21873,-0.14707
0.20093,-0.16771,0.16038,0.19479,-0.38334,0.44752,0.47775,-0.13227,0.13207,0.30295,0.12585,-0.16368,0.11031,0.2193,0.25478,-0.18431
0.25634,0.4855,0.30479,0.28658,0.21703,-0.46487,0.47822,0.0080871,0.22043,0.36816,0.15007,-0.20303,0.13205,0.27541,0.30278,-0.14138
0.21268,0.086493,0.17259,0.11173,-0.10524,-0.48323,-0.49841,-0.10812,0.28823,0.25339,0.1502,-0.2151,0.13817,0.31939,0.35866,-0.092457
0.3541,-0.080191,0.29944,0.29369,-0.29907,-0.31111,-0.46291,0.055162,0.37526,0.35976,0.18033,0.046721,0.22003,0.22334,0.2964,0.011082
0.42019,-0.28774,0.31602,0.33514,-0.2832,-0.34038,-0.32173,-0.11658,0.23523,0.24708,0.077726,-0.32582,0.20184,0.33981,0.27866,-0.059504
0.4895,-0.099117,0.27336,0.46353,0.049498,-0.47074,-0.37602,-0.22193,-0.095305,0.39086,0.085967,-0.032824,0.25075,0.1526,0.29319,-0.13625
-0.43571,-0.23834,0.23332,-0.41468,-0.13447,-0.42468,-0.49188,-0.12285,-0.09815,0.49141,0.10537,0.066461,0.010623,0.31303,0.42713,-0.30872
0.48451,0.12231,0.26592,0.4199,0.34406,-0.49575,-0.39699,-0.11837,-0.12184,0.38449,0.15176,-0.045298,0.22054,0.22844,-0.49934,0.044168
-0.47934,0.26622,0.17485,0.30785,-0.18841,-0.39289,-0.42331,-0.36151,-0.056184,0.36136,0.11716,-0.16791,0.36653,0.20767,0.19091,-0.041182
-0.49603,-0.10577,0.23947,0.25976,0.33768,-0.44432,-0.10024,-0.077342,-0.13627,0.37625,0.08799,-0.1191,0.0338,0.035147,0.22421,-0.086026
-0.3895,-0.092407,0.32894,0.44836,0.30356,-0.35682,-0.28567,0.0053886,-0.032236,0.43047,0.16809,-0.098083,0.18732,0.089133,0.23704,0.010348
-0.12328,0.054265,-0.25798,-0.27626,0.28045,-0.37044,-0.47799,-0.06146,-0.47,0.035439,-0.090271,-0.079811,0.26755,0.1472,0.12657,0.44342
0.12548,0.10455,-0.087685,0.12754,0.20088,-0.23859,-0.46766,0.1502,-0.36493,0.14154,0.045611,0.11124,0.41009,0.26674,0.24307,-0.48338
-0.093053,0.021871,-0.18373,-0.0769,-0.35105,-0.29649,0.47332,-0.008842,-0.33906,0.029858,-0.080136,-0.027573,0.37218,0.051404,-0.034959,-0.30343
-0.1168,0.15332,-0.22918,-0.17507,-0.058599,-0.29238,0.42552,0.011057,-0.48909,-0.0036327,-0.10931,-0.026317,0.41267,0.075257,0.087982,-0.48354
0.044231,0.28794,-0.086751,-0.077476,-0.055809,-0.27901,0.48871,0.089195,-0.30683,0.081667,0.039409,0.16572,-0.40191,0.2706,0.26266,-0.37499
-0.088395,0.19009,-0.15799,-0.12632,0.14353,-0.20426,0.44071,0.018914,-0.41385,0.083365,0.0062102,-0.04901,0.412,0.183,0.16139,-0.43273
0.42751,-0.14496,0.39132,0.26765,0.27788,-0.35556,-0.35304,-0.081763,0.15687,0.37885,0.12416,-0.027423,0.15242,0.25823,0.40817,-0.038855
0.3212,-0.23152,0.32558,0.16103,-0.46198,-0.49053,-0.4515,-0.18594,0.059541,0.2608,0.1333,-0.16445,0.12322,0.23237,0.38548,-0.15263
0.32224,-0.039238,0.32728,0.32646,0.10044,-0.47384,-0.4315,-0.22444,0.24347,0.25418,0.093825,-0.16987,0.046962,0.085458,0.31934,0.052852
0.40178,-0.095343,0.38966,0.26507,0.47833,-0.40536,-0.36244,-0.06068,0.16399,0.39911,0.12283,-0.11673,0.040873,0.12863,0.33219,0.050474
0.29309,-0.20305,0.29063,0.25377,-0.083673,0.4426,-0.39597,-0.22715,0.17053,0.24481,0.011945,-0.27243,0.091873,0.089462,0.20704,-0.090142
0.26148,0.13776,0.28279,0.12136,0.47204,0.46647,-0.48092,-0.26075,0.16639,0.29924,0.10003,-0.2177,0.18926,0.054628,0.40465,-0.28477
-0.29476,0.25799,0.25228,-0.49673,0.48672,0.31927,0.11534,0.10007,-0.09606,-0.25003,-0.0098054,-0.048184,-0.36962,0.19831,-0.21672,0.41131
-0.27098,0.18347,0.29771,0.39104,0.45988,0.38858,-0.005839,0.040635,0.0034867,-0.17213,-0.03219,0.050045,-0.39235,0.083769,-0.21383,0.49056
0.45372,-0.0023189,0.18951,0.25419,0.29789,0.17631,-0.016454,-0.035084,-0.14962,-0.29705,-0.12921,-0.087031,-0.47978,0.33507,-0.25019,0.04662
-0.33639,0.19044,0.41984,-0.43361,0.44753,0.25477,-0.0085625,0.19688,-0.017559,-0.23708,-0.028849,0.11902,-0.33118,-0.044614,-0.25018,0.30074
-0.40849,0.088265,-0.24856,0.4809,0.27368,0.18748,-0.018943,0.060267,-0.23132,-0.3772,-0.16103,-0.019882,0.49326,0.16246,-0.1531,0.12603
-0.24418,0.19474,-0.32378,-0.45608,0.29454,0.19257,0.10227,0.12316,-0.1816,-0.27954,-0.045398,-0.0032407,-0.44853,0.17596,-0.061447,0.32221
-0.42464,0.41585,0.43793,0.38874,-0.12222,-0.11862,-0.49064,-0.025921,-0.42546,0.22847,0.0063812,0.15574,-0.32973,0.145,0.031176,0.3864
-0.43331,0.4236,0.43522,0.42949,-0.011336,-0.07064,0.48147,-0.14417,-0.42208,0.28168,0.044327,0.070986,-0.25085,0.15648,0.06576,0.28913
-0.33868,0.32276,0.2536,0.36139,-0.00094259,0.0036244,0.45404,-0.17988,-0.24812,0.28896,0.054295,0.084829,-0.45027,0.20202,0.19079,0.37421
-0.45598,-0.39157,0.39648,0.43572,0.056805,-0.098575,-0.49448,-0.21459,-0.38918,0.25524,0.03118,0.15019,-0.28937,0.37094,0.3065,-0.17973
-0.39941,0.37588,0.4018,0.41609,-0.31601,-0.03679,-0.41649,-0.024378,-0.45698,0.2561,-0.010969,0.18797,-0.39057,0.22675,0.017104,-0.24392
-0.41133,0.40261,0.30254,-0.44911,0.29963,-0.13087,-0.37515,-0.28969,0.40934,0.28003,0.020482,-0.060838,0.0054803,0.11492,0.043146,0.21289
0.31027,-0.32922,0.37607,0.36599,0.11447,-0.076408,0.41097,-0.13259,-0.32913,0.092665,-0.18969,-0.034125,-0.15208,0.14188,0.24217,0.30854
0.26459,-0.49978,0.37912,0.40517,0.025604,-0.11852,0.36486,-0.11792,-0.30411,0.10021,0.012779,-0.00062978,-0.27409,0.24785,0.21771,0.36814
0.4145,-0.40623,0.36484,0.3738,0.034071,-0.14912,0.46419,-0.049069,-0.26329,0.045227,-0.28909,0.017096,-0.3124,0.31257,0.17404,0.27137
0.39619,-0.37069,0.27585,0.41968,-0.0038579,-0.1669,-0.4112,-0.035547,-0.37246,0.075774,-0.15929,0.031493,-0.42774,0.26292,0.15303,0.35148
0.35021,0.49504,0.3848,0.41646,0.095823,-0.11502,0.47757,-0.19775,-0.28697,0.11222,-0.19931,0.012103,-0.26649,0.16157,0.13693,0.35181
0.35031,-0.45013,0.38252,0.34102,0.073088,-0.10981,0.3938,-0.12737,-0.17205,0.081071,-0.18029,-0.0077993,-0.34497,0.25313,0.15369,0.2783
-0.11433,-0.36511,-0.32615,-0.31062,0.35472,-0.28581,-0.48324,0.1364,-0.29152,-0.3415,0.13154,0.11044,0.35072,0.28791,0.34668,0.056297
-0.28483,-0.061985,-0.474,0.42966,0.4475,-0.40087,-0.39806,-0.22559,-0.36652,-0.48573,-0.0048756,-0.031239,0.094909,0.12264,0.13144,-0.25982
-0.29063,-0.28003,-0.41641,-0.44043,-0.20475,-0.47368,-0.0019102,0.061397,-0.29211,0.27866,-0.38899,0.090121,0.14864,0.38444,0.099034,-0.030008
-0.39236,-0.05673,0.46502,0.45816,0.28817,-0.38818,-0.3374,-0.097662,-0.16826,0.4934,0.23637,-0.017709,0.29088,0.287,0.26956,-0.11862
-0.43797,-0.060267,0.34707,0.43983,0.41121,-0.46356,-0.43928,-0.10115,-0.16206,0.44481,-0.097741,-0.076533,0.030355,0.22023,0.19518,-0.091131
-0.13652,-0.15726,0.41611,-0.48785,-0.015682,-0.16491,-0.33314,-0.1789,-0.025663,0.42065,0.034796,0.044022,0.24558,0.40416,0.36961,-0.24761
-0.42193,0.12903,0.35525,0.29324,-0.47838,0.1297,-0.23449,0.16957,-0.44221,-0.40253,0.15048,-0.12688,-0.39764,0.10006,0.41377,0.33815
-0.45842,0.15292,0.13333,0.31818,-0.31224,0.088211,-0.20381,0.17638,0.4415,-0.36602,0.19079,0.073476,-0.17412,-0.067249,0.066869,0.44978
0.4862,0.13164,0.29682,0.28793,-0.35541,0.39204,-0.33453,0.34911,-0.041407,-0.46221,0.14386,0.20189,-0.36929,-0.21768,-0.29646,0.2764
0.44621,0.15999,0.2726,0.2885,-0.31871,0.20171,-0.32148,0.17487,0.24362,0.49331,0.083223,-0.19058,-0.27015,0.29785,0.29367,0.419
-0.49492,0.25401,0.069618,0.29892,-0.24553,0.34162,-0.35753,0.26861,0.13912,-0.49481,0.18755,-0.17748,-0.17147,0.19514,0.042796,0.42439
0.32784,0.28147,0.18453,0.17662,-0.39816,0.17099,-0.31871,0.2341,0.46938,0.4405,0.24286,-0.195,-0.30893,-0.19062,0.46381,-0.48786
