19408,12281,16611,19498,18597,11184,15700,22519,13230,10822,11239,17194,22626,12042,14821,22061
18868,11393,15248,18513,18303,10789,15709,21261,12302,9501.7,10249,15803,20994,10987,12232,19317
13738,8900.5,11980,13486,12876,8268.2,12800,18042,8983.4,7263.3,8099.5,12118,15407,7874.4,11106,17317
5095.6,4306.3,6184.6,6624.8,5163.3,4200.4,7558.1,11171,3536.1,3539,4655.1,6204,7267.7,2931.5,6093.1,10825
15324,9109.7,12859,15826,14674,8613.9,12601,19236,9913.8,7449,8638,13988,17503,8343,9750.9,16119
14363,8747.8,12287,14536,13614,7804.5,12340,18632,9735,7945.1,8401,12935,16607,8293.1,10935,17831
9611.6,6880.4,5600,5554.4,10179,5978.2,6730.8,4790.8,4481.7,2208.8,2892.9,3405.5,8552.3,4183.3,4645.5,4102.4
8911.6,6371.2,5139,4686.8,7981.4,4016.2,5552.5,4519,3735.9,1534.8,2154.1,2667.4,6153.4,2810.4,3033.9,3847
13473,9153.9,7782.8,7569.2,13073,7362.5,8202.3,6644.8,6100.5,2657.2,3651.8,4458.6,11449,5545.3,5534.4,5322.8
9340.3,7063.7,5780.1,5548.6,9775.3,5607.3,6401.1,4788.5,4343.5,2015.8,2668.6,3159,8888.1,4114.1,4290.3,3865.2
8577.4,6035.2,4570.2,4133.9,7499.1,3888.1,5247.1,3966.4,3834.1,1542.7,2068.6,2474.9,5740,2992.4,3350.4,3473.5
11553,7241.7,6049.4,5721.6,10491,5306.5,6507.7,5259.8,4786.9,2026,2855.7,3522.4,8345.5,4118.3,4386.4,4578.8
9132.1,7227.7,12050,14831,7939.3,6796.6,10580,18322,6466.3,6088.7,7484.9,11062,10333,5276.9,9430,14226
17717,11017,18936,23719,16038,12085,14733,26740,12223,9219,10422,18414,19493,11156,12657,18998
15441,10602,15276,14359,11106,10972,12963,21201,8371.6,7744.4,8111.3,10574,13835,6851.2,12261,16624
11758,7990.7,12544,13726,9025.7,7171.5,10455,18899,6957.1,5979.4,6843.8,10166,10734,5520.4,8560.7,13405
13500,8962.2,14712,15996,10592,8786,12057,21791,7747.3,6358.3,7424.4,11316,12317,6229.2,9917.9,15117
6970.3,5598.6,8600.6,10273,6132.8,5255.8,8631.1,14587,4624.3,4349.6,4663.1,7442.1,7865.7,3753.5,6798.8,10734
10369,7735.3,10219,10225,11161,6724.9,11560,12084,6671.8,5180.1,5529.8,8045.8,12003,5834.9,8944.3,11489
14293,10275,15198,14621,15150,8605.7,14431,16615,9484.4,7854.6,8164,11882,16030,8804.5,12750,16610
15396,10631,14699,14396,16366,8873.4,15124,16854,9732.2,8332.9,8706.2,12209,17264,9070.9,13170,16632
10125,7777.5,10420,10161,11326,6135.1,10627,11060,6491.2,5561.7,5606.6,7982.1,11025,6035.8,9067.5,11707
9899.6,7983.5,10289,9627.9,10841,6922.1,11131,11381,6258.8,5639.5,5701.1,8027.2,10719,5565,9541.6,12038
14501,10869,14677,14340,15522,8953.9,14673,15822,9144.9,7561.1,8046.8,11588,15926,8435.6,11724,15728
10928,9313.1,10171,7941.2,7967.1,6178.2,16488,14352,6476.9,5301.4,6069.7,7841.5,9826.7,4577.4,10035,18127
8817.3,7164,7262.4,6306.3,6640.6,4323.9,13565,10406,5119.6,3754.5,4184.4,6362.2,8673.3,3299.2,7170.8,15387
8983.6,7119.1,6703.8,6083.7,6736.6,3849.8,12075,9753,4835.7,3366.8,3689.6,5577.9,8630.1,3203,6522.8,13838
10124,8028.3,8529.2,6813.8,7637,4444.1,14311,12024,5929,4192.4,4690.6,6102.5,10413,4022.7,7165.8,14319
8645.7,7742,8084.6,6693.9,6498.2,4146.5,13625,11315,5282.1,3676.1,4469,5905.7,8702.5,3642,6834.5,13775
6941.3,7233.5,7224.5,6190,5671,3621.9,12869,9948.3,4570.2,3393.3,4103.4,5795.6,7812.5,3210.6,6437.8,13910
17151,10991,13415,15360,18485,11775,15581,21634,11454,9754.7,9798.8,13199,18198,11032,15142,18982
8694.7,6296.7,7106.7,8231.2,9386,6957.5,9284,10607,6230.5,5002.8,5095.6,6911.3,9644.8,5659.2,9045,10123
14825,8492.5,9639.3,10881,13323,8966,12551,16358,9197.4,6655.6,6813.7,9545.2,13433,7799.1,10595,14154
16037,10107,11787,13966,15029,10819,15464,19577,10886,8175.9,8316.8,11521,15435,9801.1,13559,16959
19024,12817,15845,17890,20415,13109,18348,23375,13013,11644,11835,15934,20509,12470,17813,21412
14327,9780.5,11601,13432,15567,9676.6,13704,16429,9868.2,8165.3,8110.3,11376,16374,9031.2,12947,15131
16208,10847,14970,17167,15340,9536.1,13694,19589,11122,8836.4,9308.4,15103,17511,10111,13537,17830
12643,7813.9,10095,10421,10471,12099,11302,15123,7312.4,6107.1,7225,10796,11987,7061.1,11114,14944
14679,10766,13820,15171,13697,10021,14095,19769,9822,8441.8,9306.6,14435,15606,8839.6,13050,18143
17473,10971,14426,16751,16434,10265,14030,19524,11799,9258.4,10019,15201,18849,10586,13544,18410
9195.9,6472.3,7660.3,9060.1,8610.5,7662.9,8486.7,11190,6270.3,5041.9,4931.8,7968,9844.7,5461,8137.2,10639
17069,10699,14001,16630,16546,10219,14026,18845,11146,8431.1,9419.7,15203,17714,9948.9,12814,18063
12273,8096.4,14136,12253,12620,7822.4,15564,19518,8269.8,6299.4,7946.6,10430,14918,7694.5,10215,14450
9788.8,5542.9,9183.5,8640.5,10694,5582.5,11610,13192,6014.7,3953.6,5127.5,6978.1,11981,5727,6689.4,9648.1
8314.3,5238.5,8887.5,7346.2,7568,5429.1,11686,12105,5268.2,4145.5,5320.8,6462.2,8245.1,4702.4,6852.3,10147
5007.5,4438.8,7241,6491.1,5171.8,4637,10571,10279,3404.8,3429.3,4733.2,6210,6015.1,3483.8,6370.1,9546.6
4517.2,4111.2,6854.2,6061.2,4552.7,3881.9,10176,9479.1,3015.2,2838.6,4016.4,5800.3,5622.9,2988.2,5590.5,8839.3
3486.2,3505.1,5264.2,4684.3,3929.8,3367.8,8612,7143.4,2463.7,2358.8,2950.6,4324.4,4497,2312,4784.6,7293.9
10401,7961.8,9295,9499.7,10988,7978.7,12903,11882,7435.7,5861.3,5688.9,7431.8,11320,6802.7,10312,10614
8912.7,7099.3,8151.7,8137.4,9623.7,7065.9,11578,9790.5,6044.8,5043.7,4940.6,6439.5,10395,5703.4,9473.5,9889.3
7368.8,5930.8,6457.7,6758.1,7452,5149.6,9354.7,8000.1,4982.9,3834.4,3829.1,5320.8,8791.3,4353,6574.7,7922.8
7356.3,5115.8,5810,5572.8,6480.4,4595.1,9419,7954.7,4463.3,3263.5,3523.6,5262.8,6962.3,3768.7,6378.7,9134.9
6288.3,4378.5,5727.3,4884.8,5257.5,4367.8,11032,8890.6,4192.3,3297,3787.9,4951.7,5220.8,3327.4,6372.4,10158
6305,4824.5,5773.7,5065.2,5759.5,5097.6,10883,8636.3,4193.7,3464.8,3796.9,5008.2,5414.7,3538.2,7069,9931.7
19918,12039,19294,24424,19504,14037,16921,28366,14440,10848,12640,20064,23936,13325,16205,22999
18956,9638.4,14619,18965,17358,9838,13009,20418,12266,8180.2,9422.7,15351,21695,10489,12335,17739
19819,10139,15294,17743,16349,12804,13525,21911,11934,8606.4,9780.5,14829,20069,10098,12758,17757
21014,10957,16193,19086,17720,14293,14535,23359,13318,9629.6,10983,16262,21198,11324,14847,19196
20949,11665,16290,19203,18685,14808,15584,24299,14391,10298,11719,17317,22092,12275,13917,20318
22076,11591,15217,20070,20953,13114,15315,22136,15375,10455,11669,18658,24537,13086,12850,19449
10936,7994.9,12227,14957,11696,8255.5,12093,16647,8470.6,7364.1,7432.4,10800,14073,7449.8,12373,13275
13872,9219.6,14347,17314,13012,8044.8,12923,18883,10366,7273.7,7915.4,12863,16333,8343.5,11044,14307
7695.5,5645.8,9236.2,11117,5638.2,3711.6,8135.5,11775,5625.3,3576.5,4580.2,7715.5,8024.3,3811.8,5997.9,9006
7161.9,6079.7,10579,12401,5462,4174.2,9104.9,12840,5240.1,4191.5,6069.8,8272.3,6732.5,3871.3,6394.8,9758.6
9727.9,6462.8,11798,15132,8647.4,4885.6,8678.4,13631,6678,4326.1,5661,10046,11383,4827.9,6516.1,9475.7
12324,7462.7,12291,15659,11195,6076.2,9451.8,15471,8337.5,5150.4,6050,11193,14786,6540.9,7069.8,10763
16390,9820,14365,15228,15824,7667.9,14524,17480,10773,6609.4,7458.6,11743,15979,9564.8,10902,16774
12520,7494,7752.6,7443.6,9820.3,6637.6,12969,13081,7454.7,4551.9,4888.7,8869.6,9631.4,5640.5,8424.9,13878
15520,8512.8,9284.7,9140.6,12657,7580.2,13484,14416,8551.5,5074.5,5892.3,11819,11392,6257.3,8911.7,16072
14283,8375.2,9902.8,9984,12616,7408.4,13961,14559,9218,5333.8,6175.1,11320,12971,7236.3,9547.4,15710
13807,7805.7,9968.5,10325,12465,7027.3,13371,14504,8840.4,4981.1,5741.3,10463,12323,6903.7,8862.3,15550
14727,8966.5,12794,13209,13932,8063.3,14219,17328,10312,5947.4,7131.8,11120,15693,8647.2,10143,17416
22323,11624,19882,25445,21273,12370,15218,26245,14856,10651,12368,20444,24261,13793,14625,20535
24715,13100,21238,27867,23963,14792,17230,28474,15938,12104,14331,23356,25435,14989,16449,23187
17953,10620,17027,20159,16058,12659,14465,24298,11968,9481.7,10601,15951,19424,10802,15375,18977
14497,10681,17215,20375,12498,14096,15807,25610,9810.8,9581.7,11553,15804,16257,8768.9,16642,20627
13663,10417,16962,18676,11792,13354,14878,24452,9416.3,9261.8,10334,14527,15671,8397.9,16478,19411
17323,11795,20422,25227,16345,14603,16917,30284,12471,10959,12971,19929,19674,11810,17776,23328
20841,12644,17961,21788,21347,14401,19208,28649,13261,11847,13163,19524,22687,12345,16235,21485
24319,14265,21222,26596,25131,15646,20496,33278,14683,12943,15160,23054,24619,13888,17748,23951
11644,7934.5,9990.8,12326,12441,7729,10626,16242,7206.7,6316.7,6670,10291,12250,6514.1,8999.3,11877
23228,14367,23406,27776,23724,14973,20935,34522,14770,12571,14445,22256,25256,14170,18827,24685
24580,14809,22334,27166,25168,15496,22489,34113,15793,13744,15357,22905,26232,15146,19626,25291
10235,6757.2,8438.4,10305,10752,6976.7,9674.5,13035,6346.1,5325.9,5282.9,8039.4,11238,5519.7,8412.1,9963.1
8990.4,7096.6,7903.4,7736.5,8517.2,5539.7,10835,9369.5,5808.2,4328.6,4363.6,6406.5,9506.5,5033.9,7112.7,9049.8
9494.2,7270,7616.8,7491,10053,6144.7,11099,8896.8,5837.8,4593.6,4718.3,6684.4,10617,5267,7409.6,8698.9
8835.1,6478.7,7469.9,7524.8,8888.2,4994.7,9591.4,8504.5,5909.9,5011.4,4451.4,6082.4,9596.9,5366.5,8031.7,9078.5
3580.1,2694.7,2713.9,2728.3,3647.7,2122,4104.4,3046.5,2220.9,1758,1631.2,2361.1,4006.5,1928.3,2990,3495.8
11566,8627.9,8483.8,8639.6,11273,6387.6,11556,9526.3,6777.5,5137.2,5227.7,7589.6,11365,6192.2,8211.1,9725.7
11207,8190.4,8088.6,8363,11547,6609.1,11185,8553.2,6527.6,4876.5,5135.9,7450,11198,6068,7730,8777.1
16473,11278,9635.8,4620.8,16335,6087.5,10208,5653.9,5531.7,2809.3,3218.7,3808.8,7667.4,5491.2,5410.7,6820.6
18813,11912,10270,4930.3,19353,6542.4,11259,6440.6,5967.3,3008.3,3552.9,3898.1,8400.3,5870,5927.9,7728.5
18983,12026,10876,5103.8,20621,6454.4,12061,6671.2,5890.9,3005.3,3567.3,4047.2,8209.2,5875.4,6197.2,7779.8
17795,11476,11068,5001.3,19199,6327.1,12069,6895.3,5997.2,2918.1,3439.1,3973.3,8339,5752.3,5861.5,7342.2
16429,10753,12783,6641,18336,5568.7,10080,6851.6,6101.7,2857.8,3638.2,4875.2,9778.9,5754.8,5032.5,6690
14922,9808.4,11081,6044.1,15511,5185.7,9419.3,6135.4,6137.7,2619.3,3347.8,4674.5,9040.2,5229.1,4636.4,6391
8523.5,6284.6,7949.1,9043.9,6928,5872,10918,16569,5720.2,3945.9,4759.6,8045,8696.6,4267.1,8721.9,15215
8267.2,6051.9,7638.5,8694.5,6508.1,5336,9946.6,15190,5732,3854.8,4479.5,7726,8467.8,4144.6,7839.2,13066
20661,11891,18118,23649,19313,10634,16546,28189,15214,8793.5,10375,18320,25192,13201,13253,20814
16240,10047,13579,16201,14049,9527.6,14132,23241,10951,7163.5,8371.2,13966,17136,8902.3,11061,17893
15779,8814.1,11277,13732,13332,7784.7,12400,19323,10194,5681.7,6413.7,10728,15692,7574.6,9657.5,15426
16198,8891.9,11460,13830,12166,10279,12118,18768,10657,6786.8,6948.3,11528,15359,8293.2,11727,16300
24464,13848,20828,26236,24312,14222,18475,27822,16416,12408,13521,20892,25023,16364,17934,24526
20455,11866,17479,21671,20255,11625,15609,23234,13997,9849.6,11069,18028,21676,13533,14847,20547
17747,8567.8,12903,14669,12244,10362,12515,20048,9727.7,7110.8,7856.6,11163,15301,8370.7,12140,15608
14622,7562.7,11435,13183,10383,8362.9,11578,19014,8444.4,6222.1,7206.1,10624,13989,7292.4,10819,15477
16060,8254.5,12089,14629,11514,9207.4,12357,20235,8817.6,6904.8,8302.5,11790,14261,7393.3,11384,16892
13183,7298.1,10268,12253,10088,8196.6,11081,17885,7431.3,5616.9,6965.4,10420,13028,6337.9,10190,15205
5048.3,4579.8,4805.4,3785.9,5029.2,3906.8,8193.8,5046.5,3214.4,2511.9,2724.3,3334,5184.6,2794.8,4964.2,5947.8
9408.7,6470.8,7633.3,6366.9,8579.2,5645.2,10618,8327.8,5431.6,9887.4,4627.1,5575.4,9027.3,4675.7,6855.9,8343.6
9496.8,6552,7240.4,6797.1,9332.8,5733.4,11351,7894.9,6147.5,4626.9,4641.9,5749.9,10542,5309.9,7302.9,8860.1
9308.9,6491,6928.3,6531.6,9547,5353.6,10245,7498.4,5930.7,4230.3,4072.9,5431.7,10635,5323.4,6925.3,7724
7706.6,6544.8,7347.2,6118.3,7465.9,4659.2,10079,7471.2,4610.1,3237.2,3520.6,4970.4,7622.1,3894.7,5291.4,7197.1
6852.7,6850.5,7289.3,6187.3,7093.9,5633.3,11516,7822.7,4560.8,3689.8,3986.7,5295.3,7478.1,4212.6,5874.6,7903.4
12506,5581.7,4497.8,4427.9,9752.3,4058.9,6882.6,5827.6,4883.5,2144.7,2617.5,3544.8,8253.7,3677.4,3595.4,5109.7
11097,4740,4267,4192.7,9147.8,3616,6834.6,5861.4,4552.4,1903.6,2380.4,3290.8,8417.7,3653.4,3215.4,5049.8
12389,4698.8,4320.2,4429.8,9720.7,3601.9,6937.8,5856.7,4920.7,1918,2464.1,3458.4,9468.1,3772.2,3260.1,5049.5
13217,4962.1,4586.4,4575.6,10220,3688.1,7207.8,6056.4,5022,1909.4,2428.1,3410.7,9724,3873.3,3333,5026.6
14714,5366.3,5053,4958.2,11085,3995.6,7360.8,6327.8,5481.9,2212.2,2765.4,3690.5,10440,4220.7,3582.7,5314.4
15605,6946.3,5824.2,5668.6,12965,5656.1,7740.3,6870.2,5963.6,2390.3,3176.2,4335.5,12544,5054.8,3948.9,5498.6
14168,9435.5,14749,17555,13359,8936.7,13823,20013,10998,8097.5,8589.5,13691,17255,9057.7,12454,15210
14985,9480.7,14638,17262,14528,9101,13361,19115,11181,8033.3,8716.9,13759,18447,9276.9,12275,15170
7614,4872.1,7253.2,8815,7758.5,4966.7,7246.8,10138,5719.2,4430.5,4564.4,6887.9,9578.8,4812.5,6584.2,7625.8
5529.1,5196.3,7468.1,8984.7,4592.3,3543.7,6903.6,9948,4567.9,3432.7,3840.8,6391.3,6221.5,3358.7,6321.9,8206.4
12679,8219.5,13471,17508,11308,6379.8,11346,19255,9304.2,6548.4,6920.7,12778,14377,7477.2,10057,14322
9981,6287.7,9674.9,11881,9379.2,5637.9,9203.4,14340,7351.9,5457.6,5495.1,9105.2,12028,6072.3,8820.5,10737
7042.8,4647.6,5323.1,6315.7,7337.2,4438.8,6287.9,7168.2,5065.3,3781.3,3610.8,5307.7,8046.9,4394.7,6098.4,7229.3
19603,11359,14999,18416,19723,12036,15734,19499,12987,9900.9,10603,15910,17866,11783,16074,19292
18298,10738,13995,16763,18062,11181,14802,18573,12402,9121.2,9318.5,13679,17487,11648,15063,16591
17121,10172,13268,16413,17245,10698,14363,17431,11610,8752.6,9203.6,13953,15254,10784,14510,17108
20188,11858,15566,19695,21080,12496,16664,19963,13587,10568,11386,16841,18612,13014,17304,20816
11789,7220.6,8302.4,10142,12437,7344.2,9637.1,10478,7828,6119.9,6120.1,8984,11918,7369.4,10573,11900
13353,9376.4,14842,16447,13639,9013.2,13313,19566,9791.9,7859.2,8558.5,13406,19403,8852.6,11397,15256
19397,13029,19230,21847,20374,13387,18485,26346,13654,11398,12471,18475,25884,12968,17497,21840
19086,12514,19119,22134,20324,12629,17473,25954,13526,11306,12107,18524,25233,12823,17364,20986
16633,10994,17020,19894,17693,11066,15939,22858,11969,10072,10185,14971,22640,11337,17519,18596
12012,8510.6,13362,14755,12534,7767.3,11575,17261,8738.4,7106.9,7081.6,11436,17091,7681.4,11771,13284
14765,9852,15022,16975,15127,8875.9,13530,21213,10363,8088.3,8513.5,13005,19467,9115.4,12622,14981
17258,10236,8986.5,5755.9,18768,5399.1,10553,6919.2,5628.8,2661.9,3439.7,3965.1,8294.8,5466.2,5170.8,6519.6
16882,9846.4,9708.8,5974.6,19632,5518.7,11636,7377.4,5822.2,2566.8,3404,3979.7,9460.4,5565.8,4970.5,6267.7
16685,9761.5,9316.8,5699.3,19002,5897.5,11597,7207.7,5733.4,2627.9,3365.1,3847.3,8816.5,5690.6,5159.5,6324.4
15418,9252,8813.1,5198.4,16892,5566.8,12093,7467.5,4849.9,2465.6,3326.9,3725.5,6926.3,5188.8,5087.6,6530
16391,10102,10400,6029.8,18100,5832.6,12117,8199.1,5494.1,2625.7,3556.8,4184.6,8275.3,5499,5246.8,6720.9
15954,10132,11699,6526.6,18544,5952.1,12449,8497.3,6429.5,2911.2,3899.9,4693.3,10150,6018,5271.6,6717.1
5866,5381.8,7409.4,8063.1,5819.7,5582.2,9034.9,14679,4129.9,3968.8,4809.5,7106.5,6967.6,3725.5,8124.3,12294
6663.2,5719.8,7633.4,8292.5,6368.3,5652.2,9610.7,14641,4893.1,4396,5053.3,7375,7409,4310.8,8260.7,12567
6656.6,6242.9,7956.9,8481.2,6498.5,6175.8,10022,15286,4775,4686.1,5276.1,7622.7,7724.1,4213.5,8716.7,12972
9193.6,7206.8,8543,9347.5,8201.8,7346.8,10694,15876,6162,5546.3,5827.3,8408.6,9379.8,5070.5,10092,13655
9831.9,7133.5,8495.2,9542.7,8746.5,7225.1,10489,16298,6472.1,5633.1,5668.6,8720.9,9769,5294.4,9946.9,13578
9458.3,6515.1,8091.6,9127.6,8013.4,6727.2,10221,15578,5996.1,4919.6,5279,8525.4,9157,4907.5,9157.1,12941
16096,9091.9,12688,14199,11321,11809,12624,19276,11045,7531.5,7831.4,11425,17327,8262.6,12019,15064
20151,10761,16511,19597,17360,12734,14079,22989,13381,9256.9,10170,15703,22059,11439,13528,17365
19061,10823,15393,17418,15792,13409,14521,23188,13256,9057,9560.3,14106,20908,10771,13600,17405
20829,12418,17647,21934,20979,13699,16575,25152,14568,10426,11830,18217,23820,13797,14787,20093
17968,9909.1,14303,17240,16260,11195,13145,19821,11901,7909.7,9132,13819,20137,10527,12185,16342
15280,8241.3,12651,15273,13297,9323.8,11180,17463,10816,6873.3,7945.6,12262,17970,9027.5,11134,14386
6840.1,5542.4,9551.8,12645,6644.2,5439.2,8839.9,15694,5029.8,4616,6433.9,10621,8203.9,4206.7,6678.6,12469
7322.1,5585.1,9454.5,13152,6702,4883.5,8402.6,15021,5485,4300.7,5864.3,11336,8822.9,4341.3,6232.8,11797
15875,8938.7,14950,19987,14343,8034.1,11983,21452,11804,6858.5,8618.7,16152,18677,10138,9106.5,16317
15852,9884.3,13941,18366,15596,10332,13169,20930,11876,7967.7,9007.4,15127,20108,10934,11952,16770
18348,9650.7,15226,19008,14618,10342,13052,21694,11744,8016.2,9287.3,15509,18582,10562,11774,17438
11413,8392.1,12109,12181,8708.2,9180.2,12700,22950,6530.5,6352.6,7422.2,10697,11564,7154.7,11669,17495
12183,8190.6,8650.2,8423.9,13017,8002.4,13904,10081,6675.3,5616.1,6034.8,7451,12811,7000.6,9796.6,10310
10986,7016.5,7140.2,6768,11530,6711,10912,8156.9,5951.9,4578,4637,5990.4,10943,5878.4,8477.8,8359.1
11803,8036.9,8158.1,7383.4,13049,7786.5,13076,9566.2,7047.1,5570,5523.4,6750.8,12465,6995.5,9335.4,9473.1
12393,8861.9,8588.5,7848.4,13649,8069,13392,9232.9,6766.9,5892.7,6050.7,7461.2,12718,7209.7,10161,10088
6894.4,5111.5,4584.4,4429.1,7955.5,4929.6,7674.7,4955.5,3943.5,3467.4,3352.1,4130.8,7226.1,4009.4,6183,5898
10700,7151.1,6993.3,6606.4,11459,6770.3,11085,7520.6,5705.4,5494.6,5175.4,6435.1,10015,5748.3,8613.9,8863.9
11855,9182.1,16241,15837,10349,8017.6,14135,21285,7612.2,7186.4,8046.3,11786,11882,6491.1,11301,14133
14012,10160,14972,14656,9900.5,8147.7,15654,21387,7925.8,6925.7,7426.2,10863,11562,5996,12598,17020
14431,10196,15257,14127,10522,9226.4,16474,22280,8997,7084.9,7725.1,11319,13262,6681.7,12767,17509
14357,9926.3,15016,14617,10923,8957.5,15034,20742,8399.9,6696,7330,11420,12962,6601.7,12356,17367
22001,14648,26349,29395,21111,14813,20883,34793,14054,12192,13525,21313,23547,12931,17392,23266
20130,13649,23588,25961,19871,14027,20576,31651,13348,11656,12467,18941,23005,12460,17040,21335
5159.6,3943.2,3769,3823.6,5953.2,3768.3,6223.1,4852.2,3444.7,2853.1,2662.1,3407.9,6302.4,3221.1,4948.5,4890
8655.6,7321.4,7862.3,7154.4,9146.6,6143.4,10957,9996.8,5575.6,4378.1,4811.7,6070.7,9030.2,4708.7,7883.2,10489
12918,9617.4,10148,10780,14493,8710.6,14280,13505,8518.1,6938.4,7073.8,9009.1,15291,7762.7,11120,12168
9074,7788,8682.8,8645.5,10369,6429.4,11577,11136,6424.2,5314.7,5095.8,6982.5,10576,6018,8933.6,10176
7253.7,5776.1,6765.1,6584.4,8020.6,5061.7,9244.4,8450.6,4786.8,3708.6,3582.3,5342.6,8278.5,4306.9,6684,7849.3
3611.7,3428.9,3180.4,2596.1,3633.7,2937.9,6681,4981.8,2412.1,2097.6,1961,2898.8,3243.1,1930.8,4089.2,5845.4
14161,11387,13471,16161,14610,10702,15257,20222,10518,8641.1,8225.2,11802,14638,10055,15108,15555
16262,11761,15286,17704,17321,10788,16251,22610,11943,10091,10043,14479,19809,11074,15286,19238
12632,10533,13233,16377,12530,9732.8,14235,20991,9256.3,8002.9,7958.6,11797,12997,8452.7,13519,16359
14129,10844,12958,15221,14694,10286,14369,19556,10051,8411.7,8233.8,12027,15699,9398.2,13783,16001
21602,14800,20087,23114,22975,14166,20872,31577,15436,13113,13576,19258,26428,14367,19137,25306
18297,13896,18449,21323,19475,13774,19912,28896,13876,11680,12075,17587,20986,13298,17487,22154
8097.1,5495.2,7157.9,8566.3,8640,5819.6,8489.7,10076,6076.3,4605.8,4751.4,6716.6,10132,5478.2,8566.1,9283.4
17345,11223,16024,19581,17787,11544,16286,22130,12832,9534.7,10110,15166,20063,11955,15100,18004
14798,9536.4,12826,16054,15817,10504,14535,17986,10860,8178.6,8746.7,12928,17691,10132,14745,15940
13502,9162.3,12922,16637,13367,9514,13528,18601,10140,7755.9,7943.2,12383,15019,9073.6,13259,15224
8019.8,5397.8,7308.3,8856.4,7855.6,5799.9,8497.5,10444,6058.3,4720.5,4597.2,6755.2,9770.1,5280.9,8700.7,9541.5
12308,8942.9,14193,18276,12933,10016,13919,20752,9200,7673.4,8410.9,13479,14419,8552.7,13832,16589
8234.5,6317.8,6680.5,5873.6,6620,5234.8,10325,9232.4,5159.9,3743.9,3782.8,5300.1,6005.2,3528,7046.1,11300
8067.8,6248.5,6828.4,5942.2,6551,5236.4,10889,9355.4,5233.9,3840.2,3976.1,7334,5927.1,3544,6961.1,11692
7656.2,6185.8,6832,5919.8,6820.8,5295.5,11150,10077,4996.2,3735.7,3936.6,11826,5620.6,3748.8,7217.3,12285
6446.7,5485,6049,5662.1,5660.3,4469.5,10493,9295.3,4186.2,3107,3698.3,10648,5338.1,3225.7,6457.5,11862
6183,5660.5,5928.8,5747.9,5827.1,4250.3,10263,9306.8,4168.6,3123.8,3316.2,10238,4979.9,3113.8,6467.8,11063
8459.9,6333.5,6856.9,6312.3,6619.1,5641.3,11996,10837,5542.8,3853.9,3908.8,6272.2,6255.7,3766.4,7774.8,12703
15390,9935.4,11716,13921,13114,10835,12831,20154,8952.8,6866,7250.5,11287,13269,7431.3,11884,16855
22155,13735,18962,23143,23766,14094,18105,28613,14935,11948,13603,20885,21469,14767,16054,23225
22983,14573,19280,23823,23014,14419,18555,27335,15611,12355,13600,21028,22318,14825,17166,23665
16334,9036.6,11769,13236,12847,10172,12329,19659,9474.9,6889.4,7060.8,11033,14183,8453.3,11195,15184
15268,9800,12048,13637,12032,11175,13687,21742,8851.5,7185.6,7012.1,10959,12859,7089.3,11587,16551
21694,14031,18168,22242,20600,13670,17835,28096,14729,11236,12621,19183,20594,13437,15052,22278
12818,8510.6,14578,16445,10793,9230,12788,23044,7950.7,6540.7,8055.4,13594,12052,6748.3,10183,17677
11957,8919.8,12619,13877,9647.7,9990.2,13436,23271,7550.4,7043.4,8519.4,12460,11328,6332.7,11057,20144
10577,7507.8,11750,12849,8707.3,8566.3,11920,20839,6287.4,6013.8,7450.8,11382,9695.6,5522.8,9403.5,17074
11692,8149.6,12495,15435,9981,9159.1,12545,22287,7735.5,6595.1,8062.5,13704,11509,6614.3,10400,18437
14014,9461.7,14283,16553,11455,10710,13420,24519,8967.9,7705.4,9380.2,14850,13173,7877.5,11768,19937
10723,7283.9,10533,12409,9463,8653.4,11418,20482,6947.9,6339.5,8455.2,13265,11222,6306.8,9194.1,17023
15066,8642,9978.9,12239,16933,8766.4,11117,12480,8917.5,6383.8,6901.3,10619,15796,8533.9,10707,12991
20455,12628,15971,18943,20256,11590,15403,21680,12850,9633,10900,16568,21132,12138,14726,20925
21416,13190,15821,19086,21391,12618,16626,21300,13434,10158,11304,16900,22199,12827,15372,20517
12581,7868.4,9394.6,10944,12737,7189.8,9554.2,11811,7811.3,5793.2,6116.7,9276.6,13434,7215.8,9416.5,11720
18665,11762,15545,18018,18428,11130,15078,20466,12766,9722.4,10681,16194,20231,11884,13898,19037
19272,11897,14263,16469,19274,10555,14319,18158,11973,8919.8,9993.2,15348,20795,11347,13897,18915
18261,12823,17385,18330,17994,12715,18965,25950,12413,10440,10762,15445,19437,12260,17215,23581
14989,10474,14098,12223,12784,10466,15328,21568,9534.5,8045.6,8452.4,11523,12271,9182,14472,20992
14377,9783.5,12723,11849,12511,9958.2,14965,20225,8552.2,7522.4,8200.7,11608,11526,8402.8,13726,21285
6835.5,5544,7390.3,7986.8,6912,5583.7,10805,12834,4829.3,4080.7,4598.8,6648.7,7556.2,5065.4,8438.2,15010
8003.4,6389.1,8351.8,8753.1,7634.5,6718,11934,13935,5314.7,4475.2,5019.9,6719.9,8229,5896.8,9984.1,17106
11060,7757.8,11277,11112,9851.4,7931,13162,18898,6764.7,5781,6576.6,8792.7,9469.8,7010.8,11619,18681
12542,5141.8,5107.5,5965.4,12369,5398.1,8623,6891.6,5799.8,2703,3155,4411.3,9411.6,5061.8,4257.6,5633.3
11391,5290.4,5080.2,5373.8,13322,4689.7,6945.1,5998.8,5185,2412.4,3067.4,4107.9,11632,4787.9,4216.3,5580.2
12064,5043.9,5279.9,5609.3,11944,4950.2,7543.9,6328.7,6063.7,2284.7,2836.1,3953.3,9725.1,5204.4,3855.2,5041.6
12490,5167.7,5375.8,5639.5,12658,4537.8,7725.9,6121.6,5977.4,2192.7,2893.2,3931.1,10349,5221,3745.8,5531.5
12437,5014.9,5589.6,5849,13286,4804.9,7540.4,6298.1,5783.6,2200.2,2918.1,4034.6,10099,5063.7,3785.1,5381.2
11963,5536.9,5760.6,6101.4,12885,4995.3,8112.1,6666.3,5989.8,2576.1,3221.5,4366.7,10496,5517,4346.9,5955.4
19036,11719,15772,18695,17943,11012,16090,22835,12842,9894.3,10791,16342,19183,11681,14618,20116
17408,10806,12640,15174,16386,10233,14332,18490,11175,8662.3,9341.3,14200,17263,10119,13750,17887
15974,10312,13156,15385,14968,9107.2,13704,18854,10657,7894.9,8658.2,13329,16344,9462.3,12468,17478
11300,8793.7,11505,13025,10315,8502.8,12139,17510,7945.3,6688.9,7195.6,10932,12046,6785,11991,15629
8517.8,5588.8,6297.2,7343.2,8548.5,5154.1,7318.8,8869.6,5961.4,4416.8,4482.7,6771.6,9880,5077.7,8150.8,10459
15829,9891.9,12190,13595,13954,10270,13872,18919,10346,8658.3,9016.2,12390,15388,9166.1,14148,17458
7782.3,5256.3,8989.7,11564,7536.5,4913.7,8295.9,14726,5505.1,4397.9,5746.5,8658.5,9692.6,4704.8,6284.2,10448
9145.3,5954.7,9692.7,12340,8892.7,5605.2,8722.7,15330,6651,4932.5,5947.1,9805.7,11917,5540.1,6832.5,11355
6956.1,5025.6,7705.9,9960.7,6819.7,4596.6,6698,10975,5325.3,4196.4,4473.7,7264.4,9419.6,4538.3,5973,9463.8
11620,8000.1,10707,13431,10612,7943.2,10868,16647,8074.4,6211.7,6925.3,10917,14405,6827.2,7668,12855
20691,13022,16895,21177,19814,12189,16507,26071,14382,10176,11570,18483,26096,12436,12324,20570
10683,7404.9,9368.8,11246,10271,6873.2,10027,14253,7878.7,5774.5,5938,9384.9,13927,6546.6,7767.4,12028
5361.5,4287,5190.7,4339.8,5205.8,2481.9,5956.8,4991.2,3725.6,2271.4,2348.1,3220,6227.3,2730.8,3631.4,5186
11608,8541.7,9869.1,9162.8,12240,6323.3,12201,10913,7378.6,5122.4,5340.8,7417,13300,6592.9,7762,9855.3
2360,2069.7,2239.9,1718,2651.3,1591.4,3427,2607.3,1717.7,1241.2,1119.6,1405.1,2949,1468.1,2147.6,2632.9
4638.2,5188.3,5804.8,4138.5,4580.2,3399.8,9887.3,7121.6,3770.3,3109.9,3177.8,3377.5,4451,3115.9,6932.8,8484.2
7265.5,6078,7443.7,6480.4,7044.8,3403.2,8838.4,7941.2,5076.4,3104.7,3502.6,5005,8191.6,3769.4,4755.6,8162.7
7679,6136.5,7008.4,6151,7429.2,3430.9,9104.8,7709,4827.5,2877.2,3364.1,4880.9,8701.4,3553.6,4868,7537.6
3722.3,3906.7,3611.2,3561,4590,4211.4,8590.2,4282.3,2359.4,2390.5,2391.5,3156.5,4218.8,2569.9,5500.5,5988.5
4397,4335.3,4276.8,3989.2,5188.5,4883.7,9616.6,4926.2,2612.3,2695,2856.2,3548.4,4786.9,2833.6,6367.3,6896.5
5934.2,4866.6,5541.2,5453.7,5850.1,4941.5,11588,6984.8,3740.6,3269.9,3811,4791.7,5698.9,3776,6540.4,8369.8
7474.5,6117.5,6228.7,6096.5,7028.4,6286.9,11715,7160.8,4230.4,4051.5,4646.3,5746.6,6926.5,4291.3,7792.8,9070.8
7765.6,6109.5,6130.1,6038.1,7295.9,6286.3,11474,7128,4292.3,3994,4267.2,5421.8,7016.7,4366.5,7823.7,8572.7
8648.7,6589.3,7427.2,6507.8,8579.8,6478.7,12056,9182.1,4727.5,3854.3,4414.4,5732.4,8771.1,5050.5,7919.3,9564.8
15509,9989.8,10737,12965,11529,12421,15191,22580,9638.9,8551.2,8240.7,10818,13983,7306.3,15041,20198
19679,12121,15912,20080,19245,13978,17519,26061,12936,9974,11519,17202,21355,11954,14975,21871
23264,12983,15868,18638,19800,15858,17678,25234,14650,10709,11423,15407,22190,13215,18359,21759
24007,13146,16108,20507,23382,14041,18282,25595,15877,10883,12308,18494,25138,14430,16633,22330
22561,11277,13621,16783,18732,13519,15726,22415,13881,9802.1,10621,14676,21351,12451,16694,19737
20018,10997,13771,15685,16644,14949,16522,23265,12866,10576,11781,14543,20261,11501,18669,21120
18233,12808,16443,18360,19851,14162,19022,24292,13391,12267,12988,16696,20275,12089,17399,21882
11076,9100.6,12063,14131,12344,9925.4,13993,19434,8484.4,7828.9,8032.9,11604,13376,7759.3,13798,15650
16227,12012,14373,16472,17429,12505,17089,21131,11739,10093,10392,13982,19166,10348,14681,18053
6866.8,5538.3,5257.2,6028.9,7713.3,5961.2,8291.4,8489.4,5082.7,4173.9,3963.3,5372.7,8762.5,4157.6,7527.7,7997.7
16937,11929,14440,15928,17899,12490,16745,21687,12426,10221,10491,14030,20325,11294,16049,18542
18598,13130,15607,17169,20389,14200,19212,24502,13783,12061,12694,16254,21498,12625,18492,21827
6484.9,5140.5,8729.9,9409.3,5955.8,5595.9,9085.9,12844,4206,4735.7,5652.6,7187.2,7917.4,4121.1,9332.5,12811
6403,5178.8,9076.8,10353,6086.8,5533.9,9144,13772,4344.6,4662.4,5817.3,7933.5,8029.4,4166.8,8915.6,12940
7619.8,6444,11209,13174,7022.8,6993.6,10895,16828,5560.8,5901.9,7790.1,10503,9520.2,4702,10855,16570
7909.8,6643.6,10854,13348,7224.3,7338,10739,17287,6096.3,6244.4,7470.9,10407,9944.8,5170.4,11136,15876
7836.4,5196.3,9400.5,12181,7288.8,4732.6,8420,13344,5478.8,4561.9,5229.1,9211.5,8782.1,4916.4,6999.5,11474
2478,2169.9,3451.8,4558.7,2495,1676.8,3678.5,5256.6,1647.1,1767.4,1597.8,3307.2,3845.5,1329.3,2774.2,5203.2
6373.6,6466.3,10780,11643,7282.1,7565.2,10119,13688,4577.5,5704.3,7095.7,8757.5,9938.9,4792.5,9833.1,13358
5922.9,6293.3,10098,10663,6785.7,6482.9,9263.3,12831,4139.9,5367.6,6564.8,8250.6,8945.2,4103.1,8845.9,12668
7743.3,6666.7,11461,14210,7513.5,6630.3,9567.9,14776,5702.3,5228.6,6715.9,11360,10706,4695.8,8862,13226
8769.9,6799.7,11629,15779,8098.2,5820.9,8761.8,14049,6101.6,5279.7,6138.9,11881,10225,5067.9,8577.3,12629
16366,10486,16245,19909,15062,9215.6,12967,20657,10668,9023.2,9843.5,17223,19536,8897.1,13119,19031
13941,9337.4,14203,17031,13029,9253.7,12664,18307,9168.5,7927.5,9224.1,15122,16570,7968.3,12577,17678
6688.1,5103.4,5727.9,5194.8,5964.6,4894.1,10736,8305.2,4457.5,3417.8,3786.1,4866.8,5843.8,3684.7,6813.7,9228.5
7982,6426.9,7612,7131.6,7828,5184.7,11444,10471,5257.6,3986.2,4428.6,6255.3,7894.7,4611.6,7119.4,9952.9
8428.4,6854.9,7549.7,7233.3,8524.4,5259.8,11255,10396,5455.4,3983.7,4398.8,6104,8824.4,4809.5,6866.3,9723.4
5248.8,4681.7,5344.8,4620.7,5115.6,4297.3,9604.3,7130.7,3396.2,2900.6,3371.3,4200.7,4982.2,2999.1,5882.1,8399.9
8456.4,6233.5,8284.2,7934.9,8513.3,5334.5,11775,10978,5791,4256.2,4803.4,6811.7,8961.7,5002,7089.7,10066
4663.5,4607.9,5232.5,4527.8,4788.1,4185.1,9705.7,6990.1,3186.8,2826.9,3310.2,4240.2,5016.4,2835.6,5790.9,8444.9
15348,11640,15877,13894,16419,9788.9,17011,18622,10238,9305,9392.5,11879,17548,9603.8,13393,15555
14988,11437,15565,13899,15944,9169.6,15876,17442,10117,9050.9,9167.5,11488,17356,9724.5,13522,15537
11097,9100.1,12568,10889,11715,7256.1,13212,13839,7467.7,6812.8,7300.1,9220.4,13135,6848.6,10904,13077
7700.3,6690.2,8995.3,7975.4,7894.3,5047.3,10217,10123,5058.4,4679.5,4927.7,6600.7,9107.4,4431,7464.9,9632
14608,11330,15991,14104,15672,9783.6,16373,18404,9620.7,8288.7,8910.2,11879,16538,8954.3,11184,14728
16110,12050,15716,14299,17815,10475,17215,18219,10344,9073.8,9455.8,12036,18287,9886.7,12895,15385
12138,5288.8,4896.9,4981.8,11605,4325.5,7583.2,6035.9,5433.6,2153.5,2816.8,3614,10039,3968.4,3593.4,5568.7
12599,5935.2,5778,6031,12665,4976,8513.4,7072.1,6172.5,2617,3207.2,4272.6,11528,5251.8,4313.9,6155.8
11967,5701.9,5378.5,5456.5,12676,5190.7,7672.9,6527.4,5663.7,2581.6,3151.2,4183,9628.7,4602.1,4329.1,5999.9
11140,5333.9,4799.2,5055,9939.8,5063.3,8550.3,6709.6,5710.2,2707,3082.2,3783.3,8329.4,4685.1,4452.2,5872.5
11334,5280.6,4857.8,5567.4,11282,5358,8659.9,6669.2,5614.2,2690.7,3077.9,4185.5,8782.6,4941.7,4410.4,5689.3
12502,5028.3,5031.9,5916.2,12345,5435.6,8736.7,6863.6,5786.6,2684.5,3110.9,4302.7,9493.3,5017.5,4231.8,5621.6
6811.3,5965.3,9145.1,10200,5852,4841.2,8962.4,13239,5272.3,4112.5,5100.5,8107,6632.9,3994.6,6765.8,10813
9542.2,6770.8,9425.2,10731,7273.8,5887.6,9751.2,14764,6874.8,4842.3,5618.3,8793.4,8142.8,4740,8338.8,12108
12419,7785.1,11899,15089,10972,7695.8,11597,17888,9282.9,5848.5,6707.7,11856,12885,7086.9,9380.8,13453
9832.1,5212.8,8002.7,10516,9181,4183.1,7347.8,11060,7556.4,3664.5,4393.9,8024.2,11723,5553.2,5572.7,8677.5
17693,10669,18016,21855,17219,10674,16002,24676,13658,9069,10162,16851,19716,11481,12673,17970
14945,9196.8,13614,15623,11749,8787.8,12565,18579,10919,7352.3,7783.4,12177,14200,8332.6,11334,13524
21533,13684,21589,27402,21397,13755,17927,30130,15136,11748,14525,23577,24475,14509,15743,24034
15673,9858.3,14041,17697,15752,9861.5,12830,19618,10983,8009.1,9353.9,15323,19275,9957.5,11501,16356
18936,11274,17124,20896,17177,11390,15205,24745,13443,9541.7,11174,17937,22288,11559,13802,19556
16211,10547,15122,17763,14684,10363,14297,21753,11705,8660.5,9755.5,15833,18742,9683.6,12528,17742
10625,9270.6,13344,13316,8443.2,10350,12835,19888,7313.6,7821,8161.6,11076,10871,6296.1,14099,16374
9136.4,8868.2,14140,14606,7964.9,9401.3,12603,19683,6578.2,7423,7891.9,10698,9844.6,6140,14230,15609
13613,9836.2,15311,16482,11802,8041.8,12433,19522,8752.2,7845.4,8824.8,14481,14031,7163.4,11853,16691
6778,9222.9,11715,11752,7214.5,8649.7,13223,19915,5282.2,7345.6,8622.8,10089,9491.4,5061.3,13179,16980
8193.1,8738.7,14958,16281,7890.1,7339.4,11919,20949,6231.5,6414.7,7793.3,13017,9712.1,5073.4,9790.3,14898
17442,11380,21112,23539,16783,10212,14757,25437,12062,10527,12047,19545,21781,10053,15228,20317
21707,13205,23421,24705,22000,12495,17276,27424,14360,11898,14368,22669,27060,12232,17398,23456
19010,12416,20295,22356,19025,11550,16488,24529,12962,11617,13492,20643,23241,11139,18018,22511
10712,4696.1,3910.5,3327.7,6991.6,1784.8,3726.3,3129.2,3767.3,997.98,1646.1,2096.7,7450.3,1870.9,1779.6,2445.5
10820,5131.1,4689.9,4202.1,8579.7,2386.7,4144,3612.6,3747.5,1119.1,1839.6,2469.8,9047.8,2354.3,2043.5,2713.9
10692,5787.1,4464.3,4175.5,8235.4,2918.6,4660.2,3974.2,3784.8,1265.6,1945.1,2698.8,7362.1,2606.4,2588.4,3144.8
4787.7,3100.2,2297.1,2178.7,4394.1,2486.8,3702.5,2288.9,2108.3,984.83,1195.4,1585.3,3118.8,1710,2292.9,2424.2
7025.5,4090.2,3765.1,2824.9,6148.1,4675.6,7619.5,9728.5,2382.1,1433.2,1965.9,2649.1,4841,3300.9,5469.1,6485.7
7524.6,4594.3,4183.5,3203,6695.2,5417.1,8623,10941,2523.8,1625.6,2100.9,2797.6,4968.8,3801.5,6111.7,6991.6
22796,10894,14914,18088,18458,10395,13109,20960,13336,8839.6,9706.5,15985,19970,11551,12809,19321
22499,12981,15776,19101,20500,11795,15113,22855,14032,10208,10857,17045,21336,12882,14568,21381
20334,9719.8,13064,14963,16302,10092,12428,18872,11788,8253.8,8861.3,13630,18076,9959.1,12536,19668
20755,11211,14405,16870,17863,10654,13633,20961,12281,8996.2,9878.2,15236,18688,11039,13368,20384
21634,10983,15053,17142,18863,10127,13057,21504,12190,8249.3,9776.2,15447,19872,11274,13252,20944
21641,11917,14998,17743,19796,10485,15113,22860,12953,8921.4,9792.4,16142,21273,12047,12816,20636
7185,6127.9,9815.4,9962.1,6226,6112.7,10278,15860,5418.9,4965.1,6435,8937.4,8358.5,4022,8004.4,13666
10439,6990.5,11367,13896,8757.7,6063.2,10638,18138,7345.5,5541.4,6713.4,11529,11065,5751.9,8517.9,15554
11614,7102.4,11700,11771,9029.9,8208.9,11604,17754,9030.9,7900.1,6504.9,9416.5,10721,6880.8,9255.1,13217
7885.3,6481.5,9847.4,9951.6,6953.6,6355.4,11003,16474,5718.5,5289.1,6065.2,8608.7,8505.4,4181.7,8615,14935
5948.4,5333.1,8922.3,9407.3,5517.4,4716,9086,14339,4263.1,3988.6,5059.7,8471.7,7143.5,3313.9,6683.4,12435
4904.2,4816.1,8344.7,9083.1,4528.5,3668.2,8235,13595,3713.6,3424.8,4090,8095.4,6346.5,2869.3,6040.6,11680
5925.4,7012.6,13154,11994,5045.6,5696.4,12169,19241,3857.9,4599.7,6211.4,9734.9,6508,4033.5,10435,16275
5931.5,6615.5,15003,12710,5628.4,5147.5,10973,16972,4625.9,5277.4,6227.9,10920,6740,3562.8,9678,14353
5855,5978.9,13374,12387,5502.7,4668.2,10018,14662,4488.3,4721.6,5518.4,10247,6602.7,3440,8297.3,12592
15990,10570,19984,22123,16727,9239.8,15080,23546,10974,8459.8,10339,16394,18884,9627.4,13127,18823
8314.1,7698.4,12632,10985,6270.7,5828.7,11858,16924,5335.2,4669.8,5568.5,7768.1,8520.4,4510,10455,14163
14513,9963.1,19199,19009,13316,9478.2,16051,26378,9363.2,7136.1,8700.6,14049,16398,8686.6,14103,19293
4160.5,4637.9,4905.3,3980.8,4116.2,3348.4,8635.1,6521.8,2685.2,2485.6,2784.8,5310.9,4186.3,2221.8,4441.1,7180.5
5098.6,4725.4,5022.4,4294.6,4631.3,3173.1,8265,6409.5,3050.1,2554.5,2682,3406.9,4491.1,2343.4,4288,6700.2
5375.5,3598.2,4336.6,4192,4769.9,2334.2,5295.7,4963,3021.1,1965.4,2253.9,3425.6,5535.2,2253.8,3036.5,4509.3
9344.2,7513,8146.8,7436.5,8632.9,5695,10661,9380.9,5950.8,4333.7,4767.6,6665.2,9255.3,4959.1,6281,9008.1
11830,8796.2,9223.6,8830.2,11671,7184.3,12870,10718,7116.7,5435,5688.3,7701.6,12075,6418.2,8786.4,10504
10704,8302.4,8835.8,8293.2,10583,6430.8,11772,10073,6951.6,5334.7,5262.8,6887,11293,6322.2,8095.9,9499.6
9933.5,6960.7,9631.5,10967,8198.3,7369.3,9774,15405,6713.4,4883,5948.8,8886.7,8901.5,5885.8,9461.8,13053
13822,8573,13572,16533,12238,9434.3,11849,18652,10685,6271.4,7691.5,12588,14313,8817.6,11318,15477
17408,9199.6,13676,16402,14941,9970.1,12778,19030,12859,6872.1,7904.5,13282,19471,11470,11120,15661
17678,9765.7,11469,12733,12913,10145,11959,16761,12248,6605.4,6999.1,10154,15844,9001.1,11510,14605
16279,8961.1,10851,12358,13015,9388.2,11569,16206,11359,6013.4,7057.4,10431,14132,8301.5,10874,14740
18892,10533,13716,16192,16009,10885,14069,21302,12843,6873.6,8303.6,12656,18537,10917,13292,16989
6099.9,6430.8,6914.7,7469.9,5957.4,5187.5,8605.7,11713,4813.6,4298.5,4312.3,7348.2,6680.7,3520.4,7342.3,10988
11541,8330.4,11144,13419,11022,6638.6,11222,16164,8476.9,5652.1,6321.2,11310,12434,6837.8,9012.5,13886
13454,9545.9,12469,14177,13256,8185.5,12889,17589,9831.9,7578.1,8026.1,13158,14382,8296.6,11820,17021
15470,9959.2,12966,15288,15820,9201.3,14020,18288,10686,8093.1,8633,13654,17102,9438.8,12720,17355
16510,11017,14264,16703,16562,9923.2,15893,20874,11667,9241.2,9955.5,15403,17934,10712,14035,19641
5249.8,5326.1,6398.1,6408.4,5021.4,3665.9,7594.3,10832,4214.7,3521.5,3705.2,5713.7,5603.1,3127.2,5728.6,9653.8
20347,12736,18185,20304,20619,13131,18050,23337,12992,11146,12031,17547,22051,11827,15941,21197
14304,9468.4,12303,13999,14851,9088,13118,15917,8812.7,7544.5,8132.5,12223,16015,7899.8,12048,15645
13297,8822.5,12934,14522,12529,8261.2,11898,16313,8935,6903,7482,12326,15552,7337.8,10563,14578
14420,9746.3,12796,14458,14603,10041,14060,17673,9334.1,7855.5,8027.5,12367,16659,7890.3,13364,15809
8452.2,7432.8,9223.6,8348,7299.7,7458.5,9875.6,11199,5531.3,5010.4,5074.2,6874.1,8812.4,4198.4,10488,12143
10059,7544.9,10203,10856,8265.1,7362.3,10611,12946,6598.7,5459.9,5711.4,8330.2,9896.4,4642.6,9908.1,12487
10935,8542.6,9686.5,9187,12212,7201,14079,11789,7184.8,5955.2,6139.7,7642.6,12339,7439.7,10216,11893
8321.1,6912.2,7724.2,7082.8,9070.4,5331.8,11452,9224.5,5416.7,4234.4,4446.3,5803.1,9252.4,5186.9,7804.9,9797.9
10736,8466.2,9419,8744.1,11577,6897.1,14155,11445,6690.2,5326.9,5626.2,7257.4,11242,6587.3,9202.7,11658
9288.2,7986.7,8022.3,7259.4,10451,5991.9,11388,9315.7,5517.1,4506.4,4845,6429.8,9290.3,5226.9,7509.7,10378
8104.4,6975.2,6715.2,6118,8908.6,5209.5,9950,8047.6,4963,3692.4,3949.5,5454,8895.9,4662.1,6269.1,8641.2
6430.5,5779.7,5704.4,5221,6958.1,4643.4,8818.1,7440.6,4214.5,3271.5,3341.7,4696,6913.2,3816.7,5420.5,7055.6
18565,13616,17590,14680,13317,9935.6,17237,29976,8754.3,6727.1,8074.1,10040,10283,6716.4,11192,17436
17185,12009,15958,13674,13130,10053,15667,26220,9281.5,6904.5,7823.8,9805.6,10253,7557.6,11056,17397
16308,11192,15369,13702,12670,8645.1,14748,25193,8428.4,6297.4,7235.1,9015.1,9614,6752.8,10115,16478
16175,10163,14844,13001,12888,7731.5,13851,23391,8231,5830.9,6596,8459.2,9514.4,6671.6,9130.7,15698
17125,11172,17300,18501,15030,10539,15698,28003,9877.8,7644.3,8239.7,11788,13317,8619.1,12344,17587
22262,14452,18177,19147,17150,13148,19457,32394,13367,10249,10143,14319,18840,11108,16297,22693
10076,8624.4,8918,7773.6,11298,6651.7,12235,10240,6208.8,5111.2,5267.5,6622.1,10269,5759,8660.1,10291
10858,8341.6,9358.4,8101.1,11314,7662,14004,11647,6388.5,5542.8,5715.4,7007.3,10382,6232.1,9857.1,11803
9447.4,7428.9,7938.3,6502.5,9303.7,7408.3,14766,11444,5556.8,5576.2,5985.3,6175.4,8290.8,5182.1,10224,13113
8648.3,6662.2,7904.4,6773,8371.5,6468.3,14076,11753,5051.1,4860,5415,5977.1,7541.2,4914.4,9119.9,12544
8725.5,7536.1,7951.6,6818.2,8641.8,6875.9,14224,11374,5349.3,5030,5413.4,6308.4,8286.2,5198.8,9822.9,12405
10886,7907.7,8898.2,7832.5,10339,7085.8,13837,11700,6167.3,5516.6,5661.7,6940.5,9345.6,5661.6,9324.4,11563
12689,8813.6,13699,16682,12385,8551.2,12912,19556,8350.4,8450.2,9258.5,14314,15131,7974.6,13509,19610
8905.5,6749.4,8515.7,10108,8919.3,6797.7,10038,12175,5803.5,6158,5836.1,8674.3,10950,5426.9,11605,14662
19245,13081,19048,22352,18865,12302,17691,25355,12015,11407,12537,19276,22630,11308,16770,23709
15105,10699,15096,17715,15441,10462,15683,21311,9929,9437.8,10617,15456,18035,9313,14076,20301
8849.9,8043,12031,13633,8441.4,9020.2,12476,16999,6042.7,7096.2,7813.6,10105,11098,5547.1,13156,17409
9489.6,7323,12739,16000,9008.5,7607.6,12122,19089,6827.6,6660.8,7680.4,12489,11768,5945.1,11019,16615
8941.8,7672,8505.5,7304.9,6757.2,5263.8,10267,10836,6143.3,5157.9,5149.5,5976.6,8194.5,4699.8,8274.2,11067
8974,8025,10316,8829.6,6927.6,5689.5,11299,12776,6415.5,5490.6,5818,6760.5,8746.3,5086.8,8699.9,12030
13732,10490,16254,15979,13347,10420,15412,19159,10161,8598.3,8891.5,11311,16656,9328.2,14534,16041
12479,10411,14796,13504,11706,9853.6,14620,17539,8962,8066.5,8411.8,10154,13813,8281.1,13836,14891
9893,8722.2,12860,11672,9045.9,7669.8,12493,15048,7298.7,6610,6891.5,8582,11142,6647.4,11664,12826
10609,10015,16021,14328,9971.5,9216.8,14903,19646,8300.2,8107.7,8425.1,10452,11664,7480.3,13495,15681
13748,8965.9,11820,12280,14405,8203.3,14230,15950,8509,6651.7,6869.4,10180,12917,8103.9,10947,13574
14095,8550.5,11729,12131,14753,7571.5,14235,15632,8711.3,5741.3,6147.9,9586.1,13079,8155,9716.1,13724
10838,7907.5,9979.1,10250,12086,6721.6,11976,12663,7245.8,5367,5570.6,8181,11593,6685.9,10320,11669
13730,9961.5,11214,11520,14629,9319.9,15077,14671,8731.5,7056.4,6861.6,9475.7,13679,8607.2,11896,13687
12840,9307.9,11090,11245,14145,8924.5,15338,14409,8283,6818,6892.5,9579.2,13173,8015.9,12074,13579
11319,8067.2,9047.6,8964.6,11837,8647.2,12904,12388,7107.3,5135.9,5200.4,8229,9485.8,6626.7,9005.5,11440
22252,9610.9,11761,5754.8,22026,5571.4,12217,8122.1,6414.1,2456.7,3734.8,4105.2,8607,4776.1,5382.5,7445.4
20521,11282,11844,5953.6,19240,5464.7,11737,7841.3,6325.4,2467.1,3606.8,4115.5,8635.7,4867.7,5429.7,7365.8
19266,11529,12638,6521.5,18272,6048.5,11008,7842.8,6312.1,2743.4,3883.9,4561.1,9148.1,4972.2,5239.8,7220
20075,11247,12592,6281.2,20507,6105.6,12465,8701.6,6406.4,2847.9,3865.6,4454,8516,5395.3,5349.7,7202.3
14120,9877.7,9572.1,5478.6,16159,5310.9,8800.5,5847.4,4923.3,2273.3,3035.6,3655.4,7276.8,4685.9,4546.1,5725.2
21120,10173,10881,5950.6,22447,5663.2,12290,8452.2,6520.8,2644.3,3709.4,4210.8,8174.9,5634.8,5170.5,7306
18130,13104,18633,21716,17275,11293,16388,26112,13337,10040,10860,16313,22686,12192,13959,19712
17829,11901,17522,20396,16746,11244,16071,24577,12807,10108,10991,16020,21076,11508,14838,20459
4802.5,4389.5,7382.2,8092.5,4885.8,4542.5,8057.2,12734,3641.2,4120.6,5247,6637.8,6400.6,3673.7,6764.2,10256
6035.6,5615.6,8887.8,9683.1,6551.8,6339.7,9093.4,13201,4086.9,4718.2,6165.7,7678.7,8505.6,4039,8153.3,11621
5874.5,5416.5,7827.7,9288.5,6013.1,5742.8,8294.9,11773,4199.8,4380.5,5188,7476.3,8292.3,3564.9,7960.8,10999
6215.4,5209.6,7405.5,9333.2,5902.1,5103,7812.1,11351,4155.8,3889.8,4334.2,7256.6,7318.5,3331.6,6786,9907.2
13582,9249.4,11731,13038,14575,9482.2,13139,16891,9920.1,7864.6,7700.5,10527,16715,9109.2,12365,14539
10896,7940.7,9224.8,10572,11289,7332,10279,12867,8016.9,6097.5,5957.6,8193.5,13460,7433.8,10140,11667
16508,10971,13847,15745,16858,10885,14894,19049,11451,9150.4,9164.3,12706,19632,10755,14916,17305
13008,9298.9,11490,13040,13482,8476.8,12123,15739,9673,7504.7,7303.9,10092,17770,9118.5,12657,13946
15039,10653,13356,15077,15399,10211,14015,18657,11446,8693.7,8491.4,11867,18913,10908,14143,16615
16126,10995,14261,16728,16960,10501,15260,20205,11971,9601.5,9548,13194,19982,11409,15661,18483
22294,14297,20241,22932,22727,13471,19819,29389,15860,13271,13475,18048,25632,14945,18552,22439
17610,11921,17673,19609,17237,10675,16637,26283,13166,10448,10666,15317,21822,11683,14476,18935
19604,13128,18484,20895,19979,12063,18035,26671,14305,12298,12372,16811,22686,13213,16963,20549
16466,11563,17634,20175,17090,10536,16276,25987,12564,10462,10638,14960,20330,11357,15027,18163
18937,12241,17733,20070,19456,11103,16958,26636,14008,10889,11299,16036,22873,12939,15407,19005
15298,10333,15172,17671,14867,8496.7,13732,22113,11181,8159.2,8561.8,12379,18512,9560.6,11049,15483
11673,7436.4,9111.3,10887,11773,7462.5,9876.4,12806,7917,6260.9,6209,9062.3,13782,7542.8,9981.5,12388
13538,8119.5,12229,15095,12834,7426.8,11237,17303,9685.2,6512.8,7614.8,12314,16334,8565.7,9670.5,14479
23665,14404,20061,24807,22630,13070,18733,28716,16794,11767,12937,20653,28664,15301,16142,23944
19106,11760,16511,20248,17859,12010,16467,23498,13713,9970.4,10573,15591,22651,12545,15602,20063
10205,6549.3,8568.9,10627,10084,6369.5,8811.7,12281,7164.2,5687.3,5813.3,8731,12390,6485.6,8534.8,11383
22860,14113,19253,23484,21897,13557,19292,28038,16742,12217,13373,19621,27941,15302,17410,23861
15893,10812,14932,17723,16085,11062,14773,20970,12268,8958,9487,14300,19845,11407,14064,17390
17337,11609,15901,18706,17439,11808,15607,22305,13217,9894.5,10340,14851,21261,12633,15429,18198
10876,7738.4,9869,11282,11147,7722.9,10279,12726,8271.7,6000.5,5873.7,8677.4,13584,7682.7,11083,12497
13605,9005.7,11946,14692,13856,9683.5,12923,17052,10178,7813.8,8115.3,11788,17105,9225.7,13069,14940
6668.9,5129.7,6074.2,6955.2,6851.3,5682.8,7650.5,8887.1,5228.1,4117.5,3855.2,5680.7,8775.9,4476.8,7669.7,8555.7
16326,11006,15531,18621,16218,10756,14665,21333,12123,8867.8,9265.6,14584,20825,11309,13690,17629
20382,10840,18323,24530,20091,10048,16500,30475,14326,8827.3,11076,19473,22875,12625,12672,21022
21464,11024,16890,21668,20109,10941,16602,26874,13993,9285.3,10639,17298,22710,12272,14480,19776
22363,11278,16580,20427,19378,10987,16937,27865,14593,9058.7,10258,16111,21195,12025,13749,18966
21249,10342,13326,15908,17933,10334,14378,22014,11641,7216.8,8356.1,12897,18232,9061.2,11689,16321
20419,11587,15318,17991,18913,10878,15817,25448,12422,8348.5,9469.3,14788,19766,10592,13364,19027
17171,9364.5,11589,11232,12462,9731,14090,24694,7695,5404.9,6454.3,9657.3,12134,6965.7,13627,19201
4263.9,3986.8,4424.3,4041.7,4054,3492.8,8178.8,6027.5,2959.1,2471.1,2715.3,3413.4,3993.3,2499.4,4780.4,7612.6
5960.5,4967.4,6029.6,5135.3,5263.7,4267.1,10271,8089.6,4187.5,3080,3405.4,4503.3,4999.8,3334.8,5618.8,8538.5
9378.6,6160.6,7571.8,6724,7774.7,4702.5,10278,9366.7,5855.1,3549.6,4016.9,5546.6,8668.1,4278.9,5499.7,8611.2
6761.2,5170.6,6746,5188,5787.9,3638.3,9242.4,8298.3,4470.9,2707.3,3220.4,4280.5,6750.4,3414.2,5066,8371.7
10978,7749.1,10531,9971.6,9982.5,6096.5,12235,12976,7112.7,4894,5546.6,8034,10939,6049.2,7864.7,10730
7679.9,5191.8,6142.1,5266.3,6235,3960.8,11165,8703.8,4802.6,2960,3415,4510,6050.6,3507.7,5556,9431.9
13243,8214.1,10878,12118,11224,6418.9,12470,18998,10397,5644.4,5883,9196.7,13626,7936.4,9744.8,15451
9981.1,6381,7743.6,9965,8535.6,5250.9,10730,15689,6631.5,4596.8,4843.8,7704,9980.5,5324.2,8584.7,13846
5066.5,4192.3,4803.1,7055,5164.4,3638.8,8617,10965,3422.3,2756.5,2888.3,5014,7268.7,2923.5,6337.8,11999
12098,7748.7,10468,12440,9147,6906.2,12900,21002,8682.4,5580.7,5866.7,9370.7,10166,7159.6,10162,17233
15108,9399.4,12294,13676,11651,8088.6,13293,21000,10611,6633.1,6964.7,10605,13064,8189.8,11338,17887
14440,8865.6,13223,16022,14299,7316.5,12826,20149,10862,6355.2,7275.4,12001,16122,9614.6,9951,15969
10990,9551.3,15408,17637,8490.4,10268,14777,28672,7194.3,7522.9,8825.2,14339,10972,6749.7,14741,21029
13195,11094,16205,17050,10257,11676,14912,24910,8520.3,8779.3,9511.4,13784,13504,7550.2,16082,20741
13047,10424,16045,17166,10238,11384,15092,27341,8219.3,8344.1,9548.4,14970,13467,7556.5,15480,20600
9530.5,9425.4,16913,18660,8444.7,10431,14257,27664,7399,8308.9,9857,15137,10900,6958.4,15046,20638
11295,9715.1,17272,20030,9250.3,9156.7,12498,23618,8054.3,7754.3,8720.1,14957,13282,6582.1,12732,18577
13105,11245,18401,19345,10779,11248,13776,23411,9045.3,9102.6,10344,16325,15430,7401.7,15110,19682
9934.1,6788.7,12806,16477,8405.7,5364,8742.6,15277,6646.6,4678.6,6646.6,13120,10030,5030.5,7057.6,12159
10066,5957.9,10735,13643,8744.2,4773,7909,12658,6645.7,4490.1,5414.9,10369,10002,5263.8,7118.2,10704
15804,9970.8,16020,19262,13837,8727.8,12778,19758,10095,7706.3,9027.2,15867,16105,8373.6,12062,16885
7337.4,6644.8,9849,11084,5794.2,5554.5,9315.9,13318,5451.4,4881.1,5939.4,9323.3,7012.9,4127.8,7959.2,12277
5939.5,6641.2,11043,12227,5297.9,5177.7,9429.4,13882,4911.4,5012,6747.3,9894.7,6707.9,3860.5,7459.2,11772
5816.7,6285,10139,11112,5105.3,4750.8,8561.4,12408,4533.4,4392,5764.2,8430.8,6441.7,3524.9,6754.6,10392
14436,9927.7,15019,18681,13197,8817,12472,19098,9731.9,8665.3,9209.8,14798,17480,8154.3,14466,18533
12361,8540.1,12509,14992,11435,7364.1,10255,15055,7969.6,6932.1,7189.6,11620,14594,6682.1,10812,14703
19519,13358,20362,23451,18113,11873,16485,25427,12637,11370,12456,19795,22320,10935,15426,21545
20604,13515,20911,24031,19631,12570,17080,25382,13065,11646,13527,21053,23802,11648,16128,23135
18102,12201,19078,22042,17795,11529,15634,22704,11776,10363,11330,18067,21074,10469,15149,21825
11555,8926.2,13422,15213,11115,8388.5,11598,16237,7879.3,7302,8181.4,12327,14116,7027.1,11699,15659
16298,9941,11562,14407,16708,9415.4,13000,16630,10165,7899.5,8971.6,13085,16390,9052.2,11441,16381
18690,11620,14440,17531,19057,11117,15260,20980,11887,9319.1,10316,15408,19579,10937,13548,19440
19068,11319,14070,17169,19414,10672,14386,20197,11903,9372.9,10191,15177,19419,11014,13322,18239
14333,8869.1,10392,12990,14786,8051.5,11443,15170,8950.4,7065.9,7389.4,11250,15091,7970.8,10218,14116
13295,8615.1,10311,12649,13878,7317.3,10737,14946,8581.8,6575.6,7323.2,11228,14663,7837.7,8957.6,13550
13400,8595.2,10764,13123,13574,8144.5,11123,15377,8469.3,6628.5,7441.1,11270,13934,7734.3,9998.1,14253
18239,9698.6,14136,16870,15910,8464.5,13377,20475,11648,8897.6,9461.7,15380,19246,9844.2,11594,19153
13193,7575.4,9624.4,10069,10573,9405.6,12098,17446,8103.5,8000.9,9340.2,9800.4,11548,7485,12128,16437
8609.6,6445.9,8591.1,9088.6,7639.8,7180,10533,15761,5973.7,6332.1,7307.6,8479.1,8550.1,5704,10466,15436
8946.9,5951.7,8342.5,9379.6,8784.9,7023.9,10369,15272,6282.3,6071.8,7453.2,8959.9,9333.2,5817.6,9380.2,13946
7940.9,5113.4,7321.1,7629.8,7438,5689,9053.2,12718,5432.8,5017.3,6196,7552.8,7716.9,4947.2,7620.9,12399
8869.2,5792.4,8116.9,8915.2,8556.4,6964.2,10413,14577,6202.2,6048.8,7475.2,8996.7,8381.9,5622.5,9169.8,13701
2910.2,3355,4378.5,3537.7,3526.5,3042.2,8440.4,6693.7,2191,2260.7,2866.5,3545.5,4062.9,2199.7,4605.2,7830
3110.4,3374.3,4282.8,3515,3634,3062.6,8016.6,5917.1,2275.8,2089.1,2654.1,3239.2,3837,2081.7,4560.9,7048.5
5655.5,4460,5726.2,4559.8,5335.5,4302.4,10549,7609.5,3844.9,3073.4,3647,4483,5147.6,3066.4,5983.9,9390.6
5127.6,4421.2,5905.9,4723.5,5251.4,4839.6,10837,7683.9,3685.1,3400.6,4020.9,5193.6,5304.4,3274.4,6746.7,10433
5723.5,4470.9,6118.5,5383.8,5605.4,4322.8,10101,7937,4170.9,3346.2,3840.6,5105.5,5900.6,3459.6,6228.1,9306.4
4793.9,4100.9,5363.5,4189.3,4860.9,3953,9623.6,6691.7,2930.7,2727.6,3367.5,4452.2,4691.1,2525.3,5663.8,9363.1
6385.7,4138.4,3537.1,3030.3,4646.2,2761.1,5001,4042.7,2361.6,1626.1,2335,2756,3744.4,1875.6,2528.3,3954.8
13802,7398.4,5966.5,5907.4,11115,6215,7901.7,7298.1,5181.7,2800,3582.7,4616.4,9576.9,4646,5009.4,6206.8
19225,9929.1,8010,7979.2,17240,8580.4,9764.5,9031.7,7334.7,3946.2,4827,5978.7,13498,6881.7,6495.8,7298.2
16996,8978.4,7214.1,7166.3,14886,7444.9,8632.8,7957.1,6651.2,3562.1,4341.2,5406.4,12080,6144.6,5730.6,6360
11405,6492.6,5044,4774.2,9352.5,5001.4,5864.1,5494.3,4398.7,2279,2755.9,3466.2,7790.4,3826.4,3734.7,4227.7
12871,7194.2,6197.8,5766.7,11134,5649.6,6737.5,6508.3,5414.2,2903.8,3576.6,4362.3,9748.8,4991.9,4815.5,5471.4
6630.3,8543.8,12781,14561,6303.4,6598,10780,22081,5626.6,5696.6,7031.7,10751,8249.6,4242.9,10827,14048
11978,9794.8,18062,22024,10764,8137.6,12787,28969,9905.6,7781.8,8684.7,15387,14258,7272.2,12055,16106
17413,11288,20819,23565,16968,10881,15985,30886,13859,10422,11128,18439,21273,10602,16419,19959
16587,11728,21464,24126,15036,10764,15835,32128,13160,10287,11042,18134,19171,9880,14599,19244
17030,11247,19995,22810,16146,10479,15145,29777,13354,10056,10907,18203,20692,10155,16127,19047
12527,8714.8,15489,17651,12145,8284.3,12233,21473,9568.9,7789.1,7730.2,13357,15270,7269.9,13949,14764
11928,9033.6,8156.9,5501.4,12586,5855.5,8263.5,5176.2,4760,2250.2,3041.1,3819.9,7649.7,4421.8,4293.7,4624
8948.2,6946.5,8128.2,4657,9990,4912.6,6458.2,4109.9,3511,1812.3,2508.6,3224.5,6357.6,3318,3544.9,3868.3
4800.1,5113.5,4356.1,2103.2,5521.4,2870.7,4489.6,2216.9,1882.2,983.51,1210.1,1387.9,2603.4,1680.2,1916.2,2288.5
13060,9038.3,9859.7,6388.8,13479,6281.3,8154,5605.4,5011.9,2346.4,3395.3,3986.7,8629,4440.6,4410,4887.8
13615,9853.8,10980,6892.6,14826,7110,9083.5,5990.1,5271.8,2560.5,3596,4202.3,9509,5024.5,4950.9,5126.6
10883,7891.4,8581.8,5341.4,11747,5826.6,7285.6,4566.2,4155.2,2215.3,2977.6,3341.2,6799.6,3794.1,4076.6,4278.1
17241,10666,15787,18195,16855,12226,16729,24840,12311,9056.8,10034,15049,17986,10241,14243,20758
15715,10111,14071,15964,15411,11029,15352,21727,11496,8081.2,8792.6,12919,16887,9723.7,13084,18774
14901,9535.4,12704,14564,15241,10384,14263,19131,10560,7519.9,7932.4,11881,17746,9290.9,12623,16786
10093,7184.8,9557.7,9262.2,8406.9,8483.7,12576,17033,7846.2,6170,6565.3,8008.1,10184,5952.3,11475,16068
8666.6,6642.3,9992.6,10233,7195.2,7715.4,12195,18204,6902.4,5853.4,6181.5,7890.4,8727.7,5589.5,11423,15770
6251.9,5628.1,8618.5,9496.7,6307.4,6082.3,10164,15596,4974,4515.3,5294.5,7288.3,8264.3,4360.2,10264,14730
4688.6,4082.3,6927.5,8099.2,4732.2,3802.8,5979.6,9850.6,3316,3037.4,4366.2,6950.8,7055.9,2769.3,5086.9,7911.6
6611.3,5144.4,10169,13153,6313.5,5431,8059.1,13831,4786,4109.3,6208.2,10211,9310.4,3869.7,7298.4,10968
3548.5,3076.1,5040.1,6400.4,3415.8,2252.7,4362.8,7507.2,2506,2316.5,2862.8,5368.6,5457.4,1939.7,3325.3,5774.6
6296.5,5001.7,9642.4,13487,5620.6,3854.4,6680,13402,4776.7,3500.6,4924.1,9996.2,8636,3541.8,5177.8,8948.5
17434,8728.4,16157,21408,14080,9137.3,11894,23289,10753,7520.5,9121.2,16605,17275,9125,10117,15501
12885,8858.5,15625,17575,9315.3,9974.7,12066,20945,7700.9,6752.9,8671.1,12523,12771,6949.6,11503,15575
4591.7,8377.3,8964.8,7216.3,4396.1,4870.4,15765,12268,3843.6,3929.8,4724.5,6295.8,5649.9,3309.5,7501.7,15970
10350,8978.6,12885,11786,9176.7,6128.8,16662,15927,6928.2,5579.4,6944.6,10701,10744,5855.1,8681.5,15416
11593,9874.1,11782,9620,9104.5,6948.3,16712,17539,7068.6,5953,6793,11124,9542.5,6097.4,9488.4,19373
9017.4,9469.2,10864,8228.3,7282.8,6777.1,16572,14657,5868.1,5569.8,6337.9,8112.8,8538.4,4589,9742.6,18481
11077,9403.6,10184,7907.2,8030.8,6232.2,16495,14354,6514.3,5360.2,6078.6,7872,9823.3,4627.7,10100,18254
8664.4,7108.1,7293.7,6322.8,6498.8,4327.8,13738,10416,5180.4,3716.6,4187.4,6372.6,8684,3279.3,7193,15316
17849,10920,15760,17008,15961,10604,15051,22674,11544,7659.9,8096.7,13066,18628,10682,13092,18857
12710,8994.2,12094,12121,11456,8184.6,12885,18515,8360.8,5830.7,6631.6,10301,13288,7432.1,11470,16569
9479.7,8609.1,10941,9684.8,7854.9,8342.4,13443,19199,6520,5864.2,6358.7,8694.5,8652.5,5857.1,12171,18109
13883,10312,14434,15128,13044,10285,14716,21282,9512.6,7617.5,8005,12246,14392,8781.8,14128,18658
17576,11385,13411,11171,12823,11939,13532,19402,9431.1,6516.3,6230.4,9523.9,13830,7837.4,14013,15264
15918,11485,13726,11646,12116,12178,15832,22181,9533.2,7377.4,7359.3,9887,12121,8120.1,16107,19741
14608,9538.8,14530,14975,12871,10109,16445,25206,9610.5,7828.9,8997.7,12959,15639,9379.7,16036,21542
21322,11560,17937,19834,19453,11319,18005,27303,13917,10099,10992,16672,23363,13629,17854,22484
17589,9178,12148,11864,13241,10063,13402,19365,9616.9,6888.8,7465.8,10187,13791,7917.8,13548,17487
14007,8175.3,11988,12407,14189,8772.5,13010,18954,8619.6,6419.5,7629.8,11514,14768,7777.9,10917,15733
8482,6103.4,8992.9,8716.8,7811.5,6612.6,11435,15077,6017.1,4962.5,6040.1,8135.3,8345.8,4831.7,9273.9,14462
7711.8,6185.4,8852.3,8524.8,6983.7,6723.7,11331,14977,5359.9,4995.7,5974.8,8081.5,7902.6,4387.1,9708.9,14940
16094,10726,15413,18277,14177,9926.4,14050,21015,11552,8721.7,9299.8,14423,19130,9794.1,12491,16512
15846,11307,15832,19160,14734,11358,14928,21707,11456,8495.7,9581.6,15036,19187,10315,12741,17746
7716.8,6673,8790.6,8887.6,7320.7,6397.5,8722.4,11409,4818.7,4986.2,5422.7,6755.7,8841.8,4076.4,7480.7,10399
7852.1,7004.8,9035.4,9482.7,7535.9,6611.3,9149.2,11930,4673.1,5106.2,5375.2,6664.9,9144.8,4195,8246.3,10859
6503.4,6262.2,8641.6,9166.4,6159,5597.3,8354.7,11416,4210.3,4593.1,5075.7,6638.1,7872.3,3546.8,7310.9,10311
6963.9,6472.1,9584.3,10191,6811.3,6306.5,9234.5,13557,4765.9,5352.5,6123.1,7664.1,8796,4046.3,8369.8,11828
12157,6735.1,9631.9,10385,7710.7,5521.3,8393.7,12528,6736.8,5109.1,5112.5,9409.9,10204,4634.4,6763.7,8734.2
10606,8307.6,11226,12990,7881.6,6665.6,10307,17147,6805.9,5897.6,6910.5,11939,9954.1,5394.1,7838,11460
11862,9662.1,13215,13736,8926,9377.5,13425,20964,7782,7852.2,8321.8,12194,11431,6513.5,12167,15759
15735,12015,16655,17870,12457,12101,16734,26060,10231,10533,11030,15168,16227,8968.1,16354,20948
17049,11889,13935,13875,12943,12990,14757,20009,9362.5,10528,10266,12824,14842,8802.1,16394,19210
13772,10716,12241,12030,10733,11165,13995,18667,7729.3,8677.9,8528.5,11191,12165,7292.7,14042,17797
18698,12310,21023,22159,17761,10475,16585,28725,13235,10559,11766,18599,22364,10746,14547,19492
16550,12017,18919,19960,16266,9915.9,15697,27108,11768,9758.6,10809,16420,19745,9523.1,13515,17865
6474.9,8676.8,12616,13160,5884.5,6382.9,11503,22157,5202,5724.9,6700.1,8842.3,8024.5,4307.4,10498,14174
13926,9873.8,17381,20163,12807,8758.3,13879,26482,9749.5,7888.9,8661.1,15687,17529,7493.6,10556,14992
5410.4,6219.4,8941.1,9382.1,5156.6,4299.5,8040.3,15044,4361.3,4026.3,4507.4,7032.8,6442.1,3234,6558,8869.4
17554,11773,21564,23691,16312,9716.2,16032,31159,12287,10644,11353,19207,21777,9959.1,16057,20541
12935,8907,11502,12472,14212,9762.6,12910,15007,8873.5,6892.6,6870,9967.1,16205,8632.8,12884,14534
11513,7774.9,9993.5,10552,12229,8389.6,11059,13386,7553.8,5824.4,5892.2,8863.4,12867,7250.7,10366,11846
14766,10123,13476,14072,14658,10870,14294,18053,9344.3,7482.7,7702,11734,15448,8879.7,14200,15488
11582,8187.1,10019,10676,12568,8497.3,11521,12850,7659.5,5953.8,6024.9,8638.4,14130,7404.5,11219,12981
17673,11584,14990,15619,18231,12140,16569,19615,11661,8874,9099.2,13330,20538,10857,14343,18028
16490,11198,14224,14723,17324,11610,15606,17147,10797,8655.2,8950.5,12626,19192,10277,15123,17300
17985,8757,10727,12572,14021,9447.2,11072,16109,10694,6969.7,7594.7,11570,17098,8845.3,10828,14418
17307,9132.3,11785,13885,14754,9170.8,11283,18169,10645,6943.4,8057.4,12965,17168,8908.9,10261,15529
21348,11688,14351,17717,21460,11707,14618,21782,14125,9737.6,11078,17279,23032,12630,12426,19052
20498,12270,14061,18468,20890,12511,15003,20384,13203,9975.9,10804,16936,21710,12064,14310,19491
18413,11180,13039,16546,18191,11283,14108,19173,12351,8923.5,9251.2,14643,19876,11066,12621,17152
19375,11751,14426,17578,18480,11801,14785,20699,12914,9580.4,10283,15385,21172,11545,13921,18817
6683.9,5377.6,6926.4,7895.6,6711.9,9731.5,9252.2,9793.8,4012.7,4313.3,4607.8,6716.6,8057.5,3553.6,10003,12053
7020.5,5514.3,7360.5,8230,6791,8207.9,9241.9,10330,4181.4,4276,4684,7020.4,7862.2,3558,9617.9,12026
12234,8631.2,12184,14299,12561,9075.1,11795,16231,8216.8,6449.6,7333.3,11382,13428,7626.6,11484,15166
16354,10925,14066,16781,16363,13285,14240,19611,10712,7772.9,8725.2,13475,17050,10301,12443,17019
9931.3,7429.8,10735,11993,10175,9074.5,11477,15379,6964.4,5982.2,6443.6,9654.5,11228,6430.1,11365,14258
11011,8544.8,11495,12496,11267,12973,13473,17257,8187.6,7893.7,8023.6,10628,12750,7813.8,15282,16228
16440,9427.6,12361,14974,14887,16566,12598,17974,10823,7577.2,8625.4,13526,16508,9411.8,12386,15798
11091,5628.8,7198.2,8007.2,7761.9,7658.7,9269.3,12435,6178.7,4023.8,4431.4,6553.4,8626,4362.5,9231.2,12065
14309,8903.5,11520,13612,12907,8891.5,12205,17305,9315.7,6828,7510.1,11263,12872,7992.2,11427,14863
18260,12231,15678,18795,18406,11919,15258,21268,13340,9686.5,10542,15879,19148,12359,14494,18114
16552,11089,13259,16135,17207,11489,14263,18498,11842,8966.7,9738.3,14051,17324,10990,14248,16999
14261,9574.4,11858,13468,14169,17521,12773,16784,10161,7637.9,8289.8,12061,14943,9525.3,13010,15011
16806,10573,15249,18926,17467,11818,13871,20028,11610,8250.7,9134.8,14571,20145,11558,13270,18008
12980,6620.4,10243,11877,9986.2,7336.8,9492.3,14042,9620.2,5449.2,6043.6,9217,16018,7461.2,9491.9,11748
15330,8612.7,13204,16140,14263,9631.8,12151,17435,11044,7196,8374.8,12975,19763,9672.6,11882,15258
13154,7909.2,12749,15818,14349,7766.7,10672,15985,9564.1,6223.8,6616.9,10858,18049,9272.3,9658.9,12942
12485,7075.9,10848,12678,10842,8106.2,10105,15633,9018.7,5925.4,6980.6,10053,16716,7397.8,9527,12965
7372.9,4586.3,7298,8971.6,6304.6,5156.4,7443.5,12200,4912.4,3756.9,4692.8,7038,9345.1,4163.1,6765.2,9224.6
16631,10946,18418,20988,16308,10426,15157,24614,12054,9733.5,10238,15687,21486,10330,15593,17029
14848,10274,17781,21113,14928,10216,14780,24390,11294,9544.5,10244,15734,20687,9523.7,15544,16731
15843,10439,16454,19650,15735,10052,13878,22312,11679,9300.6,9830.5,15188,21442,9900,15750,17124
14261,9714.8,15883,18483,13776,9288.5,13262,21033,10275,8488.5,9187,13935,19165,8313.4,14221,15443
13976,9665.8,16459,19118,13192,9140.8,13729,22078,10581,8596.8,9149,14594,19440,8725.3,13571,15718
5567.2,5214.4,9801.9,11098,5090.8,4551.4,7824.2,14685,4415.2,4730.4,5297.5,7872.2,7659.6,3442.4,8262.7,10310
8852.6,6909.3,10473,12656,7711.6,7438.1,10102,16925,6003.4,5411.8,5990.5,9704,8292.7,5313.5,8230.9,12868
7992.4,6810.6,10936,12916,7053.1,6964.2,9344.5,17137,5657,5121.3,5945.3,9492.3,8129.2,5142.4,8210.8,12052
9228.7,7296.7,12865,13943,8132.6,7254.4,10478,18089,6121,5448.9,6423,9885.9,9350.8,5331.3,7997.6,12291
9793.8,8263.7,13011,14307,8467.3,9487.4,11476,19608,6510.8,6357.6,7283,10953,9918.1,5746.9,10605,14279
8075.5,6735.7,11206,12627,7309.6,7561.9,10502,19295,5284.5,4866.3,6104.1,10253,8260,5285.6,8776.5,13085
9355.1,7480.3,13087,13860,8116.9,9133.3,12500,23807,5528,5559.1,7368.5,11467,10066,5822.6,10933,15304
18446,11601,20368,22743,17726,10593,15533,27899,13789,10267,11320,17932,21475,10631,15209,19102
15566,10655,17931,19567,13897,8942.8,13891,24822,11687,8687.5,9346,15568,17353,8620.6,13276,16554
17430,10993,19022,21815,16303,10259,14937,26389,12888,9933.5,10247,17265,20524,9781.1,14833,17889
16640,10892,18217,20098,16121,10471,15143,25700,12421,9897,10563,16884,20076,9448.8,15000,18093
9350.5,8411.1,12178,13313,8775.4,6926.9,10731,17809,7506.9,6666.6,6487.6,11018,10994,5431.4,11028,12363
15731,10744,19844,21794,14496,8961.1,14361,27467,11703,9488.7,10273,17432,17456,9131.6,14330,18489
7273.7,6160.6,9993.9,10467,6873.2,6371.3,9780.5,14058,4904.8,5774.8,6786.4,7297.8,9446.2,4502,9934.6,12633
6221.3,5370.7,9684,9961.5,5883.2,5179.3,8899.1,12904,4190.8,4967.2,6204.8,7219.5,7870.4,3988.1,8016,11181
5240.2,4753.2,8614.8,9493,5181.7,4628.1,8124.6,11911,3636.5,3997.6,5260.2,6707,6592.7,3414.8,6925.1,9831.5
5639.9,4739.8,7970.9,9851.6,5394.1,4925.2,7963.5,11717,3659.3,4091.4,5811.1,7708.6,7081.5,3238.9,7161.7,10481
12840,9079,16417,22319,12950,9512.4,13885,23643,9195.6,8223,9776.1,17142,15126,8551.9,12481,18482
22549,12391,20317,26222,22294,11610,17264,26758,14801,11943,13581,21510,26968,13827,17167,24261
15588,10914,15342,15886,15384,10577,16192,22570,10607,8053.5,8053.8,11562,18621,10274,14195,16885
17665,12141,15217,15890,17586,12197,16403,20112,11760,9056.4,9273.1,12688,21378,11096,16048,18411
10287,7386.5,8936.7,9486.1,10852,7568.5,10186,12013,7120.6,5581.6,5226.3,7264.7,13557,6772.6,9946.4,10769
16973,11651,14769,15047,17409,11544,15489,19264,11366,8942.6,8899.8,11981,20709,10611,14968,16789
10295,7745.8,9502.6,9658.1,10518,7979.5,10788,12917,7031.2,5975,5498.6,7386.3,12581,6691.2,11064,11169
5845.1,6373.5,7809.2,7116.9,5980.8,7365.6,9867.9,11947,4379.6,5143.4,4570.3,5197.4,6209.6,4157.7,12546,12034
14856,9790.1,11017,13007,14840,14382,11921,14837,10369,7505.9,7690.4,11131,15698,9418.9,12341,14183
16832,11070,13776,16590,16325,11018,14160,19203,12078,8700.5,9285.5,13957,18459,11287,13584,17737
15001,10224,12016,14001,15622,14433,12297,16012,11063,7804.5,7955.5,11809,16562,10051,13316,15568
16048,10833,12208,14539,16839,10622,13228,15933,11762,8149.3,8064.4,12191,17788,10644,13912,15311
16068,10870,13002,15693,16581,10927,13720,17327,11513,8495.9,8836.4,13068,18062,10658,14147,16316
7373.6,5552.4,5887.4,6432,7419.5,10635,7274.7,8074.5,5136.6,4022.7,3849.6,5448.9,8322.2,4431.4,8210.8,8119.5
9337.9,6268.6,10602,12506,8363.1,7360.7,11163,20586,5264.4,4338.5,5417.7,9418.8,9817.7,5712.8,9385,13102
12337,8094.2,14675,17654,10306,10412,13580,24824,7564,6516.5,8200.6,13230,13074,7331,12586,17530
6248.3,4412.5,6222.1,7542.4,5399.3,4500.4,7924.5,14270,3148.2,2659,3217.9,6191.7,7810.8,3646.8,6786.3,9940
7121.4,4969.5,7479.8,9072.5,6155,5114.6,8784.8,16221,3846.7,3030.9,3782.3,7588.9,9208.2,3902.4,6979.9,10380
15649,10303,17483,21814,14691,12372,14322,25584,11361,8715.7,10704,17722,17175,9998.2,13582,19864
12949,9873.1,16424,19753,12117,12943,13992,24267,9915.1,8624,9952.3,15431,16346,8853,15025,19228
9368.7,9061.5,12114,12272,7282.2,6975.8,11007,18586,6594.8,6155.5,6418.7,9352,9243.2,4693,11010,14432
13363,10872,14855,15587,11182,8934.3,12607,20987,8928.5,7330,7885.4,11814,14033,6496.6,12399,15965
22001,12888,21297,23134,20876,11247,16538,27378,14481,11169,12192,18940,26955,11969,15058,20220
23652,13694,22977,24033,22426,12383,17782,28108,15864,12611,14001,20691,27772,13005,15661,21391
22646,13207,21229,22770,21309,11993,17455,25992,15010,11759,12825,19001,25970,12377,16114,21560
18056,12355,18844,19410,16101,10219,14977,23138,12044,10138,10905,16694,20339,9932.1,14067,19201
15489,9980,13763,14455,15421,11064,16278,21338,10465,7959.8,8750.7,12523,18979,8935.4,14190,18198
14821,9238.7,12161,13455,14761,9950.5,14648,18597,9851.3,7352.7,8082.2,11686,18725,8518.4,11276,15106
14870,10307,13069,13428,15102,11168,15035,18735,10564,8421.4,8833,11817,18456,9534.8,14289,16407
18482,10775,14384,14599,17383,11768,16360,20896,12984,8924.9,9282.7,12408,21944,11021,15488,16919
19311,11940,15689,16602,20048,13279,18282,21715,13755,10316,10740,14579,24522,12606,16849,19024
17773,11888,15793,17093,18429,12214,16976,21704,12792,10086,10425,14172,23378,12159,16868,18575
11085,7987,9637.7,9202.1,11432,6186.8,11172,10351,6680.8,4776.8,5313.4,7758.5,12141,5984.1,7716.8,9775.8
6177.1,4438.9,5477.1,5323.7,6537.5,3422,6853,6120.2,4096.8,2965,2986.6,4539.5,7540.8,3485.8,4590,5501.9
10971,7659.3,9649.3,9630.8,11088,5743.1,10941,11000,6976.6,5087.9,5552,8362.5,11648,6411.9,7712.9,9397.5
12580,8620.7,10468,10527,13810,7271,12520,11447,7658.1,6018.8,6127.9,8873.8,13444,7314.5,9807.8,10747
7360.3,6044.3,7479.9,6623.5,7945,5037.2,9739.5,8243.9,4504.3,3954.1,4262,6025.1,7822.6,4188.3,7341.8,9121.7
8861.4,6518.8,8820.8,8146.6,8571,4654.5,9930.9,9807.2,5710.5,4163.6,4493.3,6663.6,10252,4713.4,6481.4,8570.8
16754,12598,20062,19071,16965,10859,18399,23658,10736,9577.1,10610,15470,16978,9850.2,14897,19126
18202,12805,17773,17471,19165,11697,18080,20458,11082,9613.4,10599,15066,18184,10524,14956,18894
17855,12163,18236,18237,19136,11860,17992,20772,11209,10046,11142,15854,18059,10506,14973,19097
9325.2,8572.1,11105,10515,9522.8,8012.6,13814,15859,6024,5735.1,9034.6,11194,8796.7,5447.8,10734,14656
14570,11592,19508,19273,14357,9842.5,16937,22106,9972.6,8869.1,10392,16124,16455,9023.5,14671,20039
11602,9204.4,13589,13194,11381,7669,14644,17034,7704.7,6757.1,7598,11663,11972,6518.1,11984,16604
2663.9,3059.2,2767.1,1945.3,3129,2653.5,5461.2,2905.8,1759.8,1549.7,1514.6,1694.1,2732.2,1554.4,3005.9,3442.8
8240.6,6595.5,6837.6,5546.4,8920.1,5720.2,10186,7151.1,4501.1,3528,3873.4,4819.6,8497.6,4056.1,6684.1,7630.4
10150,7195.5,6518.5,5457.7,8921.7,6247.5,12026,7926.7,4916.1,3896.7,4149.1,4880.9,7341.3,4344.5,6548.3,8008
13025,9222.6,8809.3,8159.9,15942,8576.4,14312,9986.3,7040.8,6010.4,6548,7503.3,13710,7260.4,9149.3,10101
6484.8,6216,5616.9,4645,6877.1,6148,10785,6745.8,3867.3,3750.5,4043.2,4411.8,5851.3,3731,6654.3,7295.1
5026.6,3948.5,4384.7,3958.7,5841.9,3681.7,6794.8,4813.3,2908.5,2708,2646.2,3365.9,5401.8,2804.4,4881.1,5196.4
10350,7569.7,11000,10254,9521.5,8251.9,11628,15694,5993.4,5549.2,5634.1,8730.4,7179.1,5693.9,12226,13070
10126,7015.5,11461,11059,9256.2,7538.4,11740,17304,5909.6,5521.2,6436.7,10164,7384,6011.6,12241,14224
11758,8503.9,10706,10566,10193,9664.6,12506,16290,7220.9,5851.8,5756.7,8386.4,9295.1,6500.5,12411,13887
17980,11739,17227,18390,18733,11131,16605,25709,11411,8956.7,10085,14943,20702,11026,14684,19817
14925,10189,14172,14945,14097,11045,14663,20854,8516.6,7070.4,7600.8,11716,13215,7887.3,13766,15796
13961,9445.2,12933,13582,14383,9191.1,13264,17769,9293.8,7557.8,7360.1,10168,16420,8858,13460,15253
11088,8066.8,9925,8835.3,8414,6066.6,14691,15931,7030,4875,5709,9351.7,9106.5,4825.5,9226.7,17495
13186,8992.6,10863,10925,10796,7169,14818,17258,8228.3,5511.5,5914.4,9701,11388,6167.5,9687.9,16777
16499,10494,11681,10382,11568,9333.3,17331,20058,10072,6633.1,6706.3,9492.6,12277,6878.4,12307,21177
12064,8170.7,9800.7,9154.1,9419.5,6318.5,13755,15979,8187,4952.7,5304.6,7913.5,10245,5739.4,8489.5,15116
12751,8622.7,10263,9023.9,9140.3,5937.9,14775,16338,7785.5,4782.5,5277.7,9550.5,9547.6,5038.9,8819.3,16999
14632,9816.8,12509,11907,11148,8565.3,15502,20662,8999.5,6897.8,7059.8,10743,11456,6847.8,11416,18489
13015,10094,12765,12574,12403,8162.3,13446,16247,9062.2,7122.8,7505.5,10495,13748,7666.8,11697,16644
11224,8769.9,12593,12451,11112,7320.3,11444,15441,7915.1,6822.1,7085.3,10115,12320,6966,10993,14305
19442,13634,17445,17328,20159,13536,18857,22594,13343,11007,11257,14843,21963,12437,18179,22289
19010,13525,17789,17941,19555,13169,18497,21866,12831,10648,11071,15141,20835,11975,17257,21375
16561,11814,15575,15562,16910,11501,16121,18609,11281,9846.6,9969,13617,18856,10366,16964,19820
13897,10745,13863,14022,14358,9917.1,14677,16827,9521.2,8306.1,8293.6,11589,15228,8794.8,14401,16860
17013,11356,17583,21369,16109,11266,16456,24896,12561,10271,11458,17412,21536,11428,15544,19281
2350.5,1970,1873.7,2115,2626.5,2206.6,2975.7,2997.8,1816.5,1519.7,1266,1616.8,3647.8,1454.4,3323.8,3360
11529,8726.6,14073,16531,11691,8523.9,12169,18055,8329.8,7246.5,8267.3,12973,15709,7578.2,11657,14708
14229,10613,15841,18910,13674,10321,14743,22523,11094,8935.4,9976.1,14931,19273,9957.2,13852,17809
4572.8,5097.4,8625.6,9323.7,4830.1,5161.3,8408.3,11969,3602.7,4536.8,5381.9,6589.3,6173.1,3792.9,8395.2,10711
4377.9,5026.2,8668.5,9558.7,4906.9,4513.8,8036.4,10960,3269.5,4267.7,5054.8,6316.1,6826.7,3200.4,7094.5,9256.1
19222,11310,17783,19649,18807,10275,15331,22027,12813,9949.4,10799,16226,22825,11004,15848,20531
18247,10216,12447,12084,12516,9503,13777,18949,10723,7620.7,7331.6,9895.3,14988,7447.3,12512,17591
16721,11062,13039,13002,11117,9852.4,14205,19159,10137,7327.9,7009.6,10067,13663,6130.5,12302,17669
14018,9807.8,12793,12754,9363.3,8231.5,13188,18740,9143.9,6694,6540.7,9738.1,12924,5529.9,11296,16364
12601,9097.2,11364,11698,8598.8,7177,12450,17890,8211.7,6140.5,6215,9382,11759,4989.6,10568,15921
13061,9298.6,11473,13346,8887.5,7742.3,12767,18786,8326,6339.3,6276.1,9331.7,11815,5222.6,11168,16702
13142,7976.7,14096,15184,11083,6593.1,11351,17654,8644.9,6814.8,7889.4,12346,12779,6803.4,10462,14715
12500,8165.6,12373,13358,9550.1,6422.6,10992,15850,8058.7,6256.8,7162.3,11522,11272,6067.1,9867.6,13972
11717,7716.7,10713,11319,8803.9,5819.5,10031,13566,7000.8,5229.4,6085.8,9760.3,9613.2,5057.6,9157.4,12796
13822,9151.4,16389,17857,12634,7929.3,12333,19588,9154.7,7311.1,8508.9,14233,14517,7520.4,10777,15294
7837.7,6842.7,10069,11993,5755,4752.9,10473,16617,4941.7,4738.7,5081.5,9832,7162.6,3918.5,8757.7,13568
7823.3,7160.1,10462,11853,5763,5502.7,11693,17481,5289.1,4896,5283.1,10071,6539,3939.4,9109.9,14487
4125.7,4982.1,9089.2,7649.8,3994.2,2582.9,5839.3,8785.9,2770.3,3207.2,3674.4,5130.3,4910.5,2328.7,4081.4,7515.3
6598.9,6914.1,11745,10425,6192.6,5522.5,9412.3,13514,4584.3,5075.6,6267.4,7562.8,7221.6,4229.8,7563.7,11493
7454.4,7275.2,11625,12052,6864,7003.4,9662.8,14838,5626.4,5788.7,6861.7,9512.8,8820.5,4816.7,9402.2,12857
19939,12273,20679,26300,18121,11495,15652,27392,13226,10192,11959,19989,23001,11843,15000,21043
19735,12837,19250,23154,17725,10898,15167,24745,12901,10521,11926,19165,21991,12309,16013,21770
9442.4,6531.4,8857,10530,8908,5364.6,7733.1,11299,6463.4,5161.9,5514.9,8855.7,11627,5765.5,7720.6,10614
9620.8,6346.2,6897.3,6282.5,9953.1,7328.8,13091,8359.7,5318.5,4331.4,4572.6,5669.3,9722.7,5348.7,8748.5,9365.8
7714.8,5411.2,6425.2,5892.3,8293.2,6277.8,12319,7840,4563.3,3548.3,3984.9,5190.1,8611.5,4489.1,7656.9,8467.7
9143,6141.2,6548,6215.5,9317.3,6911.4,12816,8044.6,5164.7,4133.2,4512.7,5669.5,9273.8,5165.8,8204.4,9275.3
11220,6592.3,7948.1,7223.9,11686,6100,12931,9340.7,6287.9,3908.4,4701.9,6272.7,12578,5679.8,7059.2,9420
5933.2,4668.3,5522.4,4820.9,6738.4,4747.1,9901.1,6451.2,3597.7,2693.2,3124.1,4234.5,6967.8,3375.1,5565,7204.5
3324,3508.7,3725.9,3448.9,4607.9,4142.5,9464.8,4611.3,2209.7,2144.8,2353,3010,5579.6,2279.3,5139.7,6397.6
9413.6,6619.4,9906.1,12422,7946.9,5414.5,10214,14067,7270,4465.7,5489.9,9424.3,9327,5202.7,7807.7,12706
11945,6828.4,9660.4,10401,8369.1,6911.5,9859.8,13967,8108.6,4647.3,5656.1,8488.6,9961.7,5948.7,8889.6,12676
10506,7248,9429.3,11086,8676.9,6869.3,10647,15076,8211.6,4871.6,6053.8,9042.7,9902.2,6334.7,9286.9,13827
10067,7183.8,10360,11485,8577.4,6843.6,10228,15359,7264.1,4776.6,6464.8,8935.5,9341.5,6027.1,9082.1,12478
9298.6,6464.1,9021.4,10335,7818.3,6482.9,10067,15907,6611.8,4596.1,5982.9,8482.1,8661.7,5794.3,8482.3,12749
8507.7,6143.2,8489.2,10137,7569.1,6155.9,9524.5,14704,5985.6,4272.8,5368.8,7880.2,7802.2,5500.1,8056.1,12494
12109,9077.4,11808,12841,12955,10019,14005,16470,9103.7,7580.8,7539.3,10972,14366,8926.2,13540,16013
12081,7539.7,9929.8,9687.5,11726,8082.4,12141,12766,6959.8,5447.1,5430.2,8349.4,8990.9,6712.3,10936,12611
11680,7927,10178,10223,11107,8037.2,12812,13647,6948.4,5386.2,5320.1,7886.6,8401.8,6317.3,11171,13375
18300,11247,15126,16444,19163,10801,16010,20523,11365,8893.2,9384.4,14280,18581,10510,14519,19838
20892,13836,17772,18635,21552,13423,19703,24337,13418,11610,11785,15677,22252,13722,20208,23344
16739,11672,14110,14851,17785,11764,17518,19586,11063,9460.1,9260.6,12545,18722,11042,17269,19434
13342,9346.4,14879,14613,13962,9665.6,13635,15667,8739.3,7674.3,8258.7,12286,14511,7659.1,14290,16432
13539,9390.6,14800,14178,12320,8260.3,12766,15808,9011.7,7498,7997,11478,13386,7621.1,13478,15667
17145,11500,18514,18644,18061,11111,16019,18885,10866,9233.2,10158,15168,19045,9875.4,16508,19693
8252.7,7883,12711,10364,8312,6370.9,11401,13917,6374.7,6309.9,6844.3,8981.8,9278.7,5261.9,11064,15265
12649,9450.4,16341,16079,11502,7806.3,13007,18177,8843.1,7512.3,8394.4,12979,14054,7119.5,12384,17217
13595,10041,16724,17087,13312,9038.4,13937,18598,9767.3,7882,8241.9,12994,16194,8721.2,13235,16262
11666,8917.3,11204,12293,11276,6888.2,11984,16062,8522,6727.3,7152.5,11459,12218,7333.1,10483,15065
6676.2,6361.1,7686.3,8705.9,6412.6,4692.9,8840.1,12152,5200.5,4384,4548.2,8104.1,7397.7,4074.7,7202.7,11262
13829,9064.5,12439,14775,13970,7567.4,12371,16634,9945.4,7766.5,7845,12549,15566,9295.4,13516,17102
14139,9887.4,13148,15043,14408,8737.1,13909,18444,10144,8130,8544.7,13183,16007,9442,12677,17592
18045,12233,15598,18138,18513,11851,17419,22283,12618,10123,10961,16366,19895,11800,16030,21099
17946,12044,15626,18256,18765,11675,17282,22007,12221,10233,11548,17207,19124,11548,15940,20747
18038,10125,13301,15747,12593,11665,14727,24578,11038,9102.2,9115.3,12506,14718,9137,14119,20088
18731,11967,13653,15569,13270,13966,16241,24357,11738,9729.4,9432.1,12898,15618,9372.2,15417,21313
25004,14924,20495,24928,22954,16206,19090,29384,16052,12795,13383,20025,23933,14892,19410,25986
27245,15442,20927,26242,27027,15786,19835,29468,17517,13584,14634,21936,26523,16986,20414,27646
24869,14406,19268,22970,23418,14383,18382,26936,15330,11971,13218,19685,23315,14975,18670,25058
18629,11213,13971,15137,12916,13331,15852,24979,10688,9560,8790.1,11726,15635,9165.4,17428,20327
7963.1,6063.4,5975,6203.5,8434.4,5152.8,9157.9,7073.1,5257.2,4118.4,3898.5,5303.8,9363.6,5072.8,7087.4,6952.8
4977.3,4130.1,4485.6,4562.2,4794.4,3133.1,6378.4,5339.5,3556.9,2602.7,2445.1,3493.7,6556.2,3072.8,4278.7,4877.6
9512.5,6931.9,7309.5,7392,9685.1,5843.8,10522,8660,6246.9,4770.4,4507.7,6159.6,10732,5744.6,7607.8,8037.4
9624.3,7098.2,7854.3,8084,9415.6,5351.8,10461,9026.3,6148.3,4393.1,4415.6,6551.3,11318,5410.6,7055.6,8064.6
7961.3,6143.9,6831.6,6561.5,7723,4607.2,9751.1,8073.9,5265.8,4005.2,3993.7,5321.8,9089,4629.5,6588.5,7645
4235.8,3021.1,3128.4,3182.5,4030.9,2113,4588.8,3744.7,2545.8,1772,1736.1,2605.8,5052.5,2097.7,2911.8,3430.9
8044.4,7069,11341,14845,7993,6950.8,11153,19572,6810.7,5965.5,6790.8,11786,9285.7,5902.4,10142,16633
8405.4,7389.4,11554,14733,8506.4,7313,11735,20313,7088.9,6086.2,7041.9,12326,10446,6238.6,9753.9,16371
9666.4,7120.3,9460,11553,9823,6379.1,9780.9,14357,7394.6,5158.3,5516.5,8805.5,12459,6432,7998.5,12124
20133,11960,16884,20876,19403,11323,16894,25329,13858,9690,10737,17418,24503,12457,13733,20342
8298,6848.4,9267.9,11421,8203.5,6711.5,10311,15670,6692.7,5389,5651.9,8995.7,10402,5567,9535.7,13253
11514,7625.8,10023,12414,11352,7220.7,11156,16375,8413.1,6325.3,6429.7,9964.6,15052,7041.3,10147,13723
15461,9245.6,13275,15989,12281,11008,14245,24293,9112,7635.4,8592.8,14229,15354,7825.5,14707,20355
16870,11764,15443,18183,13626,14236,17298,26622,10673,10463,10990,16641,16178,9530,18538,24510
20794,13062,20760,26696,20236,15950,19563,31860,14291,12501,14400,22832,20930,14834,19940,26352
21900,12150,16939,20638,17423,14380,17126,28746,12568,10429,11172,17230,19822,11816,17980,22546
18596,11532,16524,19447,14263,15046,17228,29680,10948,9740.3,10632,15777,17698,10209,18360,23984
21447,13115,19678,23433,18138,17328,19340,32170,13094,11459,13168,19436,20755,12506,19753,26379
6336.3,5032.6,5118.7,4845.9,6631.3,4158.9,8320.5,6229.8,4182.3,3022.3,3020.2,4064.7,7936.8,3514.1,5298.7,6385.1
11072,8092.4,8502.8,8754.1,11212,6467.4,12194,10579,7043.6,5367.3,4989.2,7002.5,11563,6462.7,12035,10211
9196.9,7254.3,9752.6,7215.8,9459.2,5906.1,11798,9360.1,5736.2,4456.1,4498.4,6159.3,9813.6,5076.2,7629.9,9721
6000.4,3974.6,4412,4649.8,6165.3,3175.4,6242.5,5499.5,3841.7,2631.5,2517.2,3802.8,6768,3451.2,4417.1,5042.2
9512.8,7359,7823.4,7694.2,9719.1,6045.9,10991,9297.5,6182.4,5137,4710.5,6410.6,10108,5760.3,8963.4,9565.1
10236,7551,7511.9,7316.1,10003,6546.2,11523,9481.9,6405.3,5038.5,4791.2,6689.4,10016,5669.5,8780.2,9325.4
4854.3,5626.2,6571,6439.8,4650.2,3209.4,10648,10105,3166.9,2725.6,3304.6,4743.7,4486.6,2744.4,5753,11040
4910.9,5827.7,6374.1,5864.5,4572.3,3148.6,10054,8791.7,3193.5,2728.4,3403.9,6220.4,5050.2,2669.2,5768.3,10726
8379.4,7299.8,8812.1,7329.3,6350.4,4659.3,13615,11389,5151.4,3922.7,4763.8,6609.5,6623.6,3722.6,7787.6,14959
10620,8210,10518,8931.5,7743.3,6079.8,14978,13489,6514.3,4816.6,5493.1,8061.3,8511.9,4329.7,9708.6,15654
10333,8144.7,10772,9319.4,8049.4,6832.2,15627,15047,6736.6,5128.8,5751.8,9503.3,9072.1,4811.7,10939,16175
10734,7522.7,10792,9538.5,8600.9,5420.3,13702,14742,6337.4,4457.4,5251.6,9283.3,9135.5,4659,8605.6,14275
8836.9,6737.8,9559.2,10394,7100.7,7377.4,12275,20608,6161.3,5201.2,6002,9179.3,8298.7,4863,9573.8,17556
9495.8,7184.9,9340.3,9932.7,7566.1,6694.2,12518,19419,6350.9,4966.4,5555.1,8820.6,9150.1,4431.7,9040.9,16404
12784,7891.6,12211,14535,10871,9629.3,13402,23470,8803.4,6159.6,6556.2,10836,12598,6701.5,10039,16207
12012,6851.8,9813.5,10754,8223.4,7619.1,11836,21053,6713.5,4523.9,5013,8125,9755.4,5003.3,8768.5,15032
13882,9533.9,11505,12796,10919,9868.5,15192,24001,8931.7,6409.2,6783.9,9962.1,11918,6385.5,11547,18883
19973,11242,17927,20523,18485,12182,14608,26571,13107,8757.9,9775.8,15242,21440,11125,12682,17679
19958,12948,19974,24887,19033,12135,17396,27928,14064,11395,12504,19938,24479,12835,15748,21863
22924,13565,20122,24542,22063,13204,17947,27199,15966,12255,13081,19653,28119,14839,17239,22682
24880,14638,21848,26558,23699,13319,18791,29868,17013,12942,14318,21604,28940,15825,17638,24075
19573,12069,17296,21512,19081,12278,17186,24133,13901,11633,12029,17828,23859,12794,17344,20870
20589,13101,19700,23896,20277,13518,18099,26737,14472,12256,13354,19519,25004,13372,17375,22546
20291,12858,17347,20704,20089,12846,17620,23679,14319,11997,12870,17917,24825,12904,17503,21881
5094.8,4399.1,7562.4,8679.5,4593.7,3586.8,7666.3,12707,3912.1,3234.3,4177.2,7211.6,6208.9,2752.9,5350.6,11869
8041.7,5902.1,9731.6,11209,6767.9,5436.1,9304.7,14630,6057.5,4523.5,5642.7,8740,8418.7,4356.1,7315.8,13104
7037.3,5983.8,9615,10182,5997.8,5725.4,10125,16126,5285.6,4862.8,6257.7,9249.8,8106.1,3922.7,7784.9,14083
12867,7782.5,12752,15654,10813,7557.3,11206,19162,9793.8,7963.6,7206.8,12551,12972,7977.2,9362.4,15582
9540.5,6461.5,10612,10136,7383,6985.1,11487,16992,6846.9,5700.8,6047.5,8079.8,9054.7,4753.4,8753.5,13302
7417.3,6367.2,9540.7,9772.6,6523.9,6052.2,10507,16272,5243.3,4918.5,5805.2,8707.7,8167.4,3913.3,8128.2,14469
10462,6800.2,9577,8082.7,9713.3,6647.7,12738,13435,6361.7,4528.3,5063.3,8925.3,9879.4,5821.2,8968.1,13162
12739,7862.7,8943.6,8640.5,12214,7948.5,14254,13847,7977.1,5314.7,5295.4,7983.8,11329,7240.5,9692.9,13829
11017,6775.1,8092.2,7832.3,12262,7419.3,12440,11701,6622.3,4414.6,4399.6,6842.3,9763.9,6449.8,8509.6,11853
14419,9636.2,12126,12202,15234,7849.5,14575,16659,9591.3,6766.1,6671,9934.3,14145,9156.6,11765,14464
17488,9607.7,12107,11945,17656,8745.3,15426,17127,10294,6360,6612.4,10309,15935,9394.8,10723,14664
15708,10443,12719,13578,16712,9385.6,16393,17849,9534.8,7419.2,7631.3,11213,14623,9258.7,12255,14967
9060.5,9288.4,13056,12549,7644.1,8292,12117,18818,7093.4,6363.4,6641.1,9380.6,9176.7,5501.3,11975,12899
9626.6,9630.6,13075,13171,8055.5,8824.8,13799,22450,7385.2,6880,7220.9,10070,9306.7,5830.1,12709,14808
12372,10710,15456,17364,10580,9848.8,15088,25761,9346.4,8122,8367.1,12424,12283,7790.1,13623,17105
23750,13549,24421,29389,23087,13602,19567,32890,17256,12504,13974,22127,27299,15163,16275,22256
19205,12753,21944,24324,17833,12058,18243,29307,14980,11577,12506,18629,22419,13533,15504,19662
20849,13065,21417,24715,19440,12762,18986,28379,15487,12128,13127,19449,22859,13879,16705,20574
16950,11748,14796,16559,17842,11676,16717,20734,11782,10145,11205,15977,17656,11178,16095,20739
11383,8804.3,10601,12133,12269,8028,11847,14449,8193.2,6942.1,6907.5,10499,12626,7796.6,11500,14515
17295,12161,14636,16582,17526,11548,17043,20970,12262,10112,10576,15270,18458,11564,15358,20308
6460.4,6105.7,5822.3,6474.8,6770.2,4644.1,7611.7,8366.2,4887.6,4315.8,3901.4,6020.5,7043.2,3957.5,6799.5,8509
5240.2,6286.7,6576.2,7546.4,5561.8,4446.5,8034,10588,4226.8,4162.2,3989.5,7097,6475.8,3243.6,6783,10036
14365,10072,13007,15557,14754,8979.6,13658,17935,10330,8170.9,8739.4,14233,16073,9081.4,12892,17902
20383,13265,15261,15378,21493,14173,18222,19253,12618,10993,11441,14822,21132,11516,16161,19704
10847,7321.2,7919.7,8465.3,11383,7612.9,10517,10579,6745.2,5776.4,5825.5,7898.6,11653,5925.9,9598.2,11181
18100,12376,13976,13991,18735,12712,17039,18319,11377,10517,10838,13954,18195,10505,15926,19582
18786,12905,14911,14698,19520,12639,17183,19018,11657,10307,11007,14061,20285,10859,15921,18668
6952.7,5170.8,5411.6,5609,7371.9,5193.5,7603.6,7344.5,4598.1,4035.3,3942.7,5208.2,7841.1,4029.8,7263.4,8097.4
19139,13210,15225,15203,20002,13318,18009,20253,11906,10892,11428,14747,19358,11094,16425,20167
