829.48,794.61,945.46,907.68,370.89,330.2,443.66,803.57,1350.7,383.23,1202.1,574.96,494.78,350.88,592.28,462.58
426.48,530.98,510.76,398.8,282.28,197.91,264,210.02,559.95,233.61,594.99,329.26,360.08,287.6,587.01,278.85
425.7,523.51,489.31,419.44,394.64,297.81,299.01,230.59,569.04,227.19,617.04,366.8,302.84,279.39,610.26,357.85
385.56,508.18,480.71,408.93,208.42,162.27,236.32,222.62,579.68,186.77,549.45,334.25,274.14,205.41,459.28,245.37
403.61,521.63,480.04,404.25,236.05,176.36,257.81,212.99,614.2,199.72,570.49,316.28,287.7,219.78,494.81,244.84
459.92,554.29,485.25,382.46,291.85,218.61,262.86,216.9,616.92,214.77,566.21,318.89,295.1,271.19,592.36,291.59
449.52,735.17,534.25,437.97,362.82,264.3,185.09,216.46,246.66,191.54,268.76,200.03,174.46,209.91,531.84,266.31
1374.9,2025.5,1368.5,1523.5,850.57,657.66,623.18,1154.3,540.31,482.79,864.58,557.3,408.2,374.25,644.29,723.74
1253.1,1747.6,1211.9,1449.6,844.5,666.95,599.82,1067.5,528.19,455.01,857.31,579.78,393.85,386.56,694.64,684.32
829.96,1206.4,836.07,869.55,598.83,468.53,366.38,611.39,385.34,302.79,486.01,350.52,283.08,289.38,537.6,461.59
1322.8,1643.1,1117.7,1349,712.19,574.26,543.6,1030.6,446.75,405.49,722.18,495.31,337.43,355.87,675.68,657.52
377.42,596.49,468.77,374.16,308.77,251.77,185.68,203.85,229.12,169.83,231.91,184.63,160.65,200.08,498.53,257.86
725.65,907.47,859.56,540.77,583.86,954.58,1248.5,2371.6,253.45,178.27,297.28,385.66,364.23,575.23,1324.9,1129.9
748.97,944.78,963.31,548.42,569.14,1357,1841.8,3666.1,214.25,126.55,238.42,408.15,415.75,675.62,1577,1549.7
838.6,1069.6,1100.4,614.63,624,1208.2,1712.7,3568.7,255.91,171.38,306.78,442.97,391.71,703.38,1585.5,1629.3
568.81,700.53,791.84,477.85,445.38,802.6,1043.1,1918.8,210.72,157.99,302.13,325.53,311.37,468.14,1212,943.8
268.79,369.12,395.06,325.55,185.12,140.83,128.87,137.93,138.14,124.53,210.46,148.92,112.99,150.4,484.65,235.79
284.82,377.53,409.52,328.08,211.25,141.91,133.92,145.05,141.98,130.72,217.34,165.95,121.56,171.78,523.64,266.31
300.96,361.64,407.38,371.41,261.26,169.54,159.86,183.79,169.12,135.58,218.06,188.37,148.22,185.35,523.66,265.1
383.5,432.06,391.8,309.67,299.7,173.15,148.62,152.73,182.6,130.74,201.75,166.2,157.61,219.29,624.13,246.15
435.83,713.62,485.72,379.03,346.18,244.94,177.12,199.04,244.49,190.25,256.01,181.29,192.34,218.79,489.1,247.69
296.94,388.55,379.15,320.31,228.62,154.19,133.03,137.24,157.77,122.43,195.27,149.71,138.75,164.87,485.44,214.8
345.17,490.4,397.98,316.19,293.05,189.21,152.79,168.17,185.34,134.63,199.46,159.07,157.96,190.16,493.55,234.36
1027.2,1647.2,1083.4,1049.8,745.07,528.38,386.47,639.87,449.37,383.3,648.17,403.12,337.67,297.55,516.7,499.42
587.24,840.34,642.53,663.55,430.45,336.22,303.39,607.43,379.46,253.08,416.44,282.22,347.21,276.58,475.09,556.51
529.83,860.52,576.45,506.65,342.29,268.7,244.52,460.55,359.34,209.57,322.3,236.88,287.28,228.32,509.79,457.49
1576.4,2188.9,1521.5,1761.1,767.07,659.44,796.93,1857.6,770.1,514.01,1092.3,649.85,541.37,408.55,704.8,1049.2
1137.5,1602.2,1153.3,1289.3,605,525.75,594.55,1333.3,594.4,397.02,823.65,510.76,448.43,350.65,632.49,904.44
986.11,1436,972.26,1101.6,578.84,485.13,497.81,1107.6,538.16,366.21,718.91,441.11,418.55,330.23,578.12,824.4
1088.1,1452.8,1095.6,1218.9,633.73,507.85,503.52,1108,593.26,394.28,758.31,475.34,465.57,367.82,632.24,879.12
328.14,415.34,394.16,361.5,258.7,159.62,138.37,147.2,227.2,137.52,233.31,181.2,140.99,184.01,486.82,275.85
382.03,463.91,473.07,408.65,368.17,245.66,188.47,199.08,318.95,182.24,277.88,207.87,200.59,244.05,544.39,296.83
366.93,439.58,458.48,388.13,332.97,223.98,181.3,186.14,297.87,174.64,270.68,203.21,188.28,232.31,527.37,291.71
527.51,536.65,614.05,542.65,420.32,258.62,229.22,297.45,373.74,215.38,373.54,309.66,235.59,311.69,647.45,448.4
414.66,470.03,475.23,447.05,347.82,188.65,194.62,246.11,284.11,175.31,282.07,250.21,192.3,267.12,597.02,371.92
361.91,440.55,421.01,329.15,246.99,158.76,137.16,140.45,230.33,135.82,209.58,174.94,141.86,207.21,487.91,267.97
397.71,460.15,482.52,415.07,313.32,180.85,172.91,207.87,419.64,180.23,327.86,267.07,268.81,246.81,585.71,360.82
408.51,571.62,463.5,386.7,332.87,249.16,181.6,227.39,613.9,211.27,317.5,242.5,399.02,246.72,493.84,325.51
1960,2220.4,1890.1,1724.9,848.28,755.06,1139.8,2206.9,1713.9,841.25,1532,998.84,913.38,689.89,1058.3,1640
3062.1,3190.8,2739.4,2658.6,1282.7,1083.5,1720.2,3447,2317.6,1195.4,2536.3,1473.6,1156,991.81,1725,3144
1171.6,1350,1032.4,936.84,610.1,467.06,531.28,944.66,1111.6,485.67,900.06,580.6,629.64,461.03,742.88,875.49
2768.2,2832,2388.1,2422,1130.6,952.18,1464.7,2964.1,2088,1023.8,2205.4,1274.6,1060.6,876.46,1460.7,2530
1181.2,1657.5,1093.2,1225.4,703.25,588.27,544.65,1002.1,455.03,426.22,720.28,529.24,357.94,347.67,643.43,662.9
850.37,1267,789.05,852.35,577.8,452.06,332.41,556.45,351.87,311.03,499.09,354.96,277.04,285.76,539.57,447.75
382.58,492.51,358.6,266.86,330.1,245.67,130.99,134.42,214.68,147.9,192.84,133.99,165.41,194.02,412.93,176.77
648.53,1123.3,684.85,670.22,491.71,380.66,281.85,476.34,329.08,306.26,453.95,337.63,227.43,251.49,549.29,454.88
1205.1,1734.7,1186.8,1480.8,731.23,625.41,569.57,1108.1,507.49,465.38,873.15,644.74,368.6,371.71,731.71,817.36
400.45,500.04,379.57,276.58,333.7,254.03,141.43,139.31,209.62,153.01,207.72,138.59,179.82,216.61,427.52,177.99
1994.8,1775,1925.4,1764.2,739.89,635.41,762.87,1778.2,2343.2,738.09,2052.4,907.44,778.57,625.74,898.03,1439.6
1578,1544.3,1453.6,1283.4,646.75,537.45,532.06,1100.1,1961.2,616.7,1515.8,684.76,713.16,492.92,717.92,1001.8
1493.3,1348.3,1357,1358,618.81,518.3,554.23,1208.8,1780.6,542.89,1515.8,693.8,605.33,478.93,736.4,1072.5
2335.4,2106.3,2182.5,2299.6,861.49,737.79,970.07,2522.6,2685.8,854.76,2419.1,1103.2,803.82,708.21,1120.1,2040
1778.6,1719.3,1717.5,1506.7,705.64,597.39,596,1252.2,2400.3,709.74,1682.1,814.85,798.06,564.62,917.17,1422.9
669.01,899.14,707.66,617.9,387.47,321.44,252.34,365.55,1048.8,337.28,683.37,356.07,449.82,323.23,494.05,512.24
569.34,997.95,666.44,631.57,491.34,391.33,270.16,386.94,326.55,253.54,376.95,255.89,236.62,239.68,479.44,331.08
427.07,673.73,478.62,389.41,351.32,291.44,187.67,228.78,230.31,175.98,252.59,174.99,183.74,199.94,451.61,243.78
701.94,1289.2,832.94,854.35,516.29,462.97,360.36,573.56,363.24,310.19,519.31,347.61,263.52,254.94,566.13,443.38
1153.3,1623.8,1215.9,1384.6,665.38,571.2,545.23,986.5,494.66,415.49,817.63,516.09,360.06,336.74,706.58,650.27
533.4,820.05,588.89,563.23,403.66,324.41,239.59,323.45,284.94,212,323.25,241.7,208.02,281.26,624.12,347.13
419.59,446.98,422.22,336.32,312.03,201.85,158.82,153.54,183.56,138.24,208.51,174.45,152.74,265.51,715.07,274.03
1470.6,1548.6,1611.9,1159.6,551.74,503.25,614.58,1318.2,2032.9,601.19,1564,663.03,645.28,446.07,587.79,654.84
2076.8,1949.8,2025.9,1649.1,764.49,667.44,813.58,1908.7,2579.6,775.34,2314.5,933.81,767.61,592.21,841.88,1229.3
1701.6,1698.6,1710.3,1340.3,624.71,546.83,622.42,1408,2309,673.08,1737.3,867.8,711.19,543.9,757.75,1057.4
3188.9,2616.7,2976,2863.1,1076,896.61,1205.8,3139.5,3712.6,1113.7,3621.9,1569.5,1063.9,880.51,1448.3,2791
1481,1570.1,1395.8,1282.7,580.2,500.5,499.56,1038.1,2331.3,603.24,1647.7,766.05,766.07,525.42,795.45,1212.8
991.7,1199.7,990.74,798.14,428.42,372.99,344.25,565.36,1477.7,480,793.45,439.67,597.08,347.65,511.39,464.02
643.98,1036.8,935.14,1140.6,446,368.13,420.86,1064.1,617.52,366.02,546.68,369.11,416.51,324.67,632.31,915.86
611.44,916.68,907.68,1364.2,475.17,364.41,489.09,1269.7,534.5,358.53,599.85,391.28,394.03,317.46,622.5,954.65
386.01,465.81,429.86,373.23,329.56,226.68,207.97,274.62,362.87,180.78,246.44,203.73,263.54,235.99,552.28,341.68
450.46,657.83,596.69,481.05,342.3,250.37,237.76,527.18,461.92,259.73,362.8,241.71,327.82,224.73,534.34,517.92
747.55,1177.7,993.23,1210.2,483.06,420.63,456.1,1313.4,691.98,395.6,618.67,397.18,408.12,279.75,548.61,1023.4
1657.1,1894.7,1573.9,2264.9,850.48,723.61,887.37,2264,1096.5,701.34,1267.8,765.08,595.89,481.41,748.37,1644.4
1113.3,1553.8,1104.1,1361,655.64,534.58,507.3,926.75,484.6,412.39,713.78,496.43,359.43,349.12,620.87,590.53
495.76,803.94,575.04,559.98,339.79,278.22,227.64,321.43,272.78,203.28,308.44,224.26,209.71,226.49,466.7,309.54
768.34,1300.8,832.5,880.84,553.35,423.26,359.04,601.67,392.02,304.74,487.47,351.95,287.57,285.43,529.53,463.84
907.17,1303.2,952.23,1079.4,593.16,461.11,428.59,716.07,418.9,341.21,621.46,416.87,319.93,323.48,582.31,497.78
405.07,560.48,439.35,353.18,326.98,253.54,167.37,192.17,247.49,159.16,223.58,165.77,201.4,230.9,440.53,221.12
301.43,503.31,378.58,290.32,217.34,179.18,127.48,138.96,195.69,135.89,186.35,132.86,148.14,177.14,394.03,203.05
381.24,588.62,420.51,342.17,308.77,228.86,169.95,222.57,216.75,167.87,226.81,163.62,182.23,190.29,419.93,235.08
612.56,1018.4,633.06,611.36,468.77,375.47,275.86,440.51,305.64,289.07,417.5,288.81,242.97,231.63,448.82,426.16
918.53,1181.2,866.52,921.61,621.58,487.45,398.64,666.83,385.98,368.48,639.22,408.45,313.95,314.02,564.79,534.3
385.68,484.46,358.68,278.6,333.47,266.84,145.83,145.9,237.79,146.35,209.23,147.2,193.77,196.36,405.75,188.83
878.84,1425.6,889.3,897.56,636.86,494.04,380.71,668.81,387.29,380.4,562.93,414.96,308.84,287.6,514.1,577.26
1365.2,1957.6,1335.4,1732.9,847.87,739.94,716.24,1379.2,539.74,559.61,1067.3,719.51,444.56,426.41,772.37,930.73
1622.1,977.33,1886.8,1424.9,888.87,1251.7,1071.8,2223.7,2734.6,674.92,1532.4,1028.4,859.26,493.72,995.89,1275.5
1009.5,690.57,1121.6,858.86,613.02,845.04,685,932.28,1871.2,442.51,928.41,603.67,680.04,391.48,860.67,698.77
877.1,630.98,872.61,786.93,542.1,665.92,688.42,711.59,1557.3,418.38,812.66,543.58,618.74,332.92,729.37,497.03
1060.7,772.83,993.18,807.34,575.24,539.32,553.96,768.68,1947.8,485.56,908.46,527.08,685.16,363.2,675.1,470.14
2272.8,1251.6,2437.2,1948.6,975.64,912.93,1079,2985.8,3273.3,858.19,2023.6,1277.9,1030.3,575.15,1008.3,1604
767.2,521.87,710.48,567.24,435.31,437.46,473.95,480.08,1528,355.82,682.56,445.45,581.04,344.79,658.99,415.2
1067.5,1513.2,999.62,999.66,666.81,555.12,490.9,848.55,456.6,456.14,650.41,463.6,393.14,335.38,595.46,507.07
455.82,679.26,501.26,419.53,385.48,314.56,205.25,234.73,247.54,208.68,274.18,205.4,206.41,199.69,412.17,241.22
1381.9,1852.8,1302.1,1310.2,877.21,743.29,662.69,1222.7,569.23,603.34,1011.8,624.21,459.02,403.37,668.75,669.39
1544.9,1900.7,1313,1335.1,902.7,757.68,682.21,1318,596.63,598.6,984.08,631.61,502.7,427.88,665,665.34
389.79,557.22,425.72,343.57,330.81,282.99,179.14,187.22,237.16,175.98,214.93,175.28,207.72,198.42,394,213.65
456.68,773.85,462.93,386.37,355.96,294.07,195.62,239.68,269.53,207.22,240.64,196.16,230.86,208.88,404.2,247.24
1578.5,2070.1,1410.8,1719.7,913.05,752.01,692.83,1261.5,590.46,601.57,1117.3,771.78,473.45,460.63,798.66,938.86
403.05,542.7,370.67,287.98,353.78,260.51,142.28,152.14,231.39,157.72,218.76,144.57,185.68,190.5,370.03,188.11
1210.7,1766.9,1166.6,1331.4,771.38,624.89,549.79,1026.2,488.79,487.61,868.57,619.95,384.02,381.05,666.87,831.79
698.28,951.15,644.09,629.1,486.94,369.5,266.12,394.49,311.46,274.29,449.82,312.29,261.43,267.89,467.72,400.04
393.76,539.34,359.8,273.82,381.5,275.25,140.33,142.73,233.65,145.95,203.13,147.11,189.5,190.01,399.47,196.31
1185.1,1766.1,1191.9,1389.9,766.02,620.57,559.87,1063.7,476.23,508.15,890.24,630.44,380,371.67,638.72,829.83
617.46,904.26,593.41,530.17,396.36,278.73,236.77,348.6,395.31,233.52,344.24,257.48,181.03,224.08,513.49,366.45
1306.4,1685,1045.9,1075.5,625.84,469.48,413.39,737.82,595.99,371.5,636.08,441.82,302.5,329.72,678.81,720.13
834.47,1090.2,779.71,775.12,473.84,371.87,348.05,595.78,472.2,289.94,454.3,325.38,226.36,269.8,591.69,468.16
659.97,989.16,611.42,540.98,478.35,343.19,246.54,325.95,457.68,261.93,365.28,260.65,202.07,253.23,502.68,369.26
1331,1588.6,1108.7,1202.1,647.09,507.87,477.19,955.5,625.49,391.28,670.64,448.25,308.99,352.32,710.31,727.1
2228.1,2392.8,1718.8,2010.7,969.87,723.26,762.34,1649.6,926.82,623.34,1129.5,704.67,439.91,467.2,932.7,1169.6
563.53,521.66,527.2,505.24,530.68,274.37,307.4,382.83,350.67,216.4,334.77,363.74,322.94,388.66,962.36,569.13
402,472.88,481.57,420.31,422.13,262.45,237.49,273.9,289.77,203.01,309.64,272.28,282.6,295.35,689.26,400.99
380.89,454.13,468.33,417.42,410.57,251.13,233.73,263.59,282.5,192.2,297.63,262.9,289.97,291.32,724.77,383.66
370.42,476.69,504,426.16,368.08,221.33,205.31,221.67,262.14,176.09,320.48,252.9,242.89,268.06,660.66,383.16
334.09,431.07,457.4,395.12,373.17,235.49,209.37,237.78,254.05,174.3,302.67,237.19,259.34,245.6,610.59,356.08
532.36,608.68,595.52,444.57,477.99,675.5,740.31,1357.6,288.95,180.56,290.15,311.03,351.05,411.66,1013.2,721.37
779.14,914.69,671.68,683.27,478.82,363.65,290.83,466.49,458.95,255.79,464.04,281.47,375.75,290.65,467.25,413.67
412.03,667.93,424.67,334.6,304.12,237.45,163.98,180.45,307.93,179.38,239.25,178.55,264.26,199.04,430.66,254.65
1136,1601.4,1062.5,1085.6,582.06,478.85,419.06,767.27,613.42,399.3,749.09,429.58,476.34,357.78,561.86,650.64
400.68,587.12,436.84,346.91,327.02,241.39,178.09,185.31,285.86,169,252.61,181.87,270.17,229.3,494.41,264.11
921.9,1421.1,883.33,777.99,486.24,390.06,333.06,556.11,501.87,340.06,584.38,332.23,417.13,307.79,527.06,466.18
663.08,862.74,640.83,523.02,451.26,336.71,252.58,323.28,399.34,234.42,345.99,224.72,358.82,280.01,452.61,284.36
458.16,575.29,821.23,762.29,378.86,243.16,283.93,621.26,460.54,275.89,488.41,404.03,356.33,286.2,712.16,623.71
492.9,581.16,893.83,762.59,408.39,257.19,299.85,704.2,467.76,298.65,477.47,398.47,364.43,327.76,825.73,664.41
398.42,567.42,791.18,712.64,327.46,242.26,267.15,588.08,485.85,279.38,465.37,394.22,346.32,251.99,612.26,566.19
390.24,586.4,792.15,724.43,327.5,252.04,267.08,599.33,491.23,280.22,451.44,391.59,363.73,246.22,620.06,539.23
419,570.42,791.88,670.27,327.76,251.44,245.08,579.72,464.51,270.72,424.67,339.7,348.91,230.92,598.34,533.37
413.55,532.98,789.71,718.66,334.27,234.81,264.91,626.8,429,291.61,461.75,353.69,336.06,252.03,644.21,570.35
807.47,1127.9,760.39,741.27,538.94,400.84,313.93,519.9,472.18,304.69,506.37,308.31,233.72,280.32,463.46,445.35
621.5,790.44,587.67,578.07,510.46,369.47,245.41,335.61,449.74,256.5,389.2,234.22,217.57,284.63,459.28,346.21
401.01,544.92,363.85,303,395.11,287.28,155.63,147.67,372.3,182.31,215.33,157.89,171.6,226.71,408.25,219.39
366.19,441.95,373.95,283.45,274.18,174.7,149.23,141.7,326.92,173.43,194.9,158.58,151.51,257.78,612.34,281.79
426.65,845.71,401.58,309.59,308.75,240.06,152.54,156.47,338.78,193.29,214.8,171.18,166,215.6,435.3,261.12
989.04,1492.4,887.85,702.21,641.13,430.16,288.28,367.51,580.96,367.41,483.85,296.48,277.48,329.61,563.65,428.85
559.94,877.73,604.99,486.5,407.97,288.3,216.84,247.1,400.42,250.61,337.43,236.35,203.97,267.41,534.95,330.25
1861.7,2325,1589.7,1633.7,1001,716.99,648.79,1109.2,853.29,588.76,1081.9,579.37,489.52,495.11,773.09,838.98
1167.6,1292.8,981.22,965.56,659.07,483.5,404.94,656.77,641.33,378.26,620.11,363.87,322.8,369.39,616.58,505.51
513.16,825.78,532.73,431.47,386.99,266.63,195.91,230.75,362.18,225.02,288.04,222.12,199.37,252.91,473.81,308.8
1461.7,1986.1,1301,1242.8,803.5,562.12,468.23,828.67,682.2,459.73,828.41,473.44,393.49,406.38,650.32,702.1
1561.1,1867.4,1362.7,1421.3,809.3,591.21,557.38,996.45,715.46,481.09,878.22,507.95,390.48,416.23,656.48,709.09
1081.9,1559.1,1056.6,1073,696.69,545.6,470.34,870.97,414.23,442.04,756.08,512.49,349.63,357.38,705.31,569.65
1372.9,1849.3,1293.7,1365.2,921.98,691.43,627.98,1131.9,586.98,606.37,1049.5,654.67,474.91,465.12,846.58,710.85
1076.6,1477.3,1109.6,1106.5,756.04,590.97,504.32,890.56,465.05,459.47,820.82,529.1,373.14,372.89,765.66,576.44
574.33,858.32,605.68,565.18,550.56,421.03,269.72,391.13,316.97,271.05,398.62,280.26,273.05,279.5,550.7,362.99
527.69,807.61,551.05,490.43,522.86,421.4,239.59,310.54,331.75,225.39,343.07,243.52,269.74,252.77,515.94,310.27
1466,2158.5,1513.6,1678.2,984.57,771.84,749.46,1489.4,578.18,630.46,1214.7,744.84,478.22,488.35,931.45,832.18
380.29,523.18,623.18,490.36,283.45,200.08,168.45,233.33,212.45,168.16,300.48,245.17,170.14,204.45,565.28,328.81
336.81,485.71,514.79,415.24,254.2,178.11,148.82,184.62,182.05,150.6,274.23,209.32,153.72,182.22,547.67,273.86
291.07,432.15,438.33,346.64,208.69,157.9,130.16,139.32,158.46,129.42,211.26,157.4,134.09,155.45,447.89,217.95
521.09,965.98,718.41,530.46,441.06,293.37,223.57,277.4,297.6,267.62,344.62,254.64,233.17,244.54,494.41,318.29
618.36,994.66,815.51,622.69,459.23,331.19,251.87,342.28,301.35,281.8,421.82,305.76,255.16,262.16,601.27,384.84
416.53,541.88,640.45,503.01,336.51,244.68,190.11,253.58,236.85,183.21,334.46,263.58,196.24,241.9,669.52,342.69
664.13,1133.3,715.91,616.79,506.65,366.2,256.08,365.29,336.41,265.73,369.03,261.93,241.73,238.94,430.76,356.26
1965.6,2607.4,1687.2,2144.3,1074.3,837.07,794.74,1511,689.53,627.61,1212.4,745.99,514.9,472.25,754.28,909.21
1025.4,1575.5,1029.4,1153.3,697.26,535.34,438.69,787.37,431.53,376.38,649.36,444.39,336.18,329.2,603.51,590.54
1344.4,1813.7,1300.3,1445.3,841.46,629.73,481.81,809.8,573.32,486,873.19,555.04,428.91,410.17,715.82,723.81
519.64,884.53,562.65,495.57,422.34,324.54,194.72,270.21,283.31,218.59,277.83,221.84,198.79,212.66,438.44,309.6
485.01,774.2,572.55,514.45,390.39,303,220.72,290.18,277.34,211.91,292.41,227.9,202.65,219.47,496.33,319.89
676.08,870.55,736.6,688.12,432.4,327.52,347.08,548.57,515.87,298.66,512.93,328.23,339.14,309.45,640.66,565.28
380.57,458.33,405.43,309.09,343.5,224.08,189.95,190.55,365.09,173.86,242.31,185.55,274.01,234.94,617.9,306.41
414.1,466.46,464.71,358.17,364.6,208.37,202.74,222.22,338.54,179.4,249.4,220.89,274.68,271.25,652.69,360.03
375.76,453.56,422.76,343.32,351.28,195.76,181.89,198.88,310.4,176.36,218,189.83,282.69,287.95,641.73,323.69
528.63,580.07,497.19,363.82,401.1,231.84,198.95,198.91,352.99,196.23,243.34,257.49,288.16,412.48,932.53,527.56
417.97,621.47,507.43,406.34,352.58,236.43,212.56,243.55,390.74,225.03,265.44,218.27,274.88,243.93,544.59,334.82
414.33,621.75,461.25,376.68,377.24,276.43,182.83,221.91,247.88,205.7,254.71,197.96,188.97,217.69,562.9,266.64
637.82,1187.2,802.14,751.63,646.78,456.99,336.25,517.78,371.86,380.79,509.31,381.44,303.28,320.54,659.28,507.86
532.95,757.08,558.91,449.53,577.79,409.65,216.86,248.86,321.62,223.27,327.85,224.21,287.43,286.76,588.56,261.03
485.17,716.42,558.51,485.63,416.69,309.8,226.14,314.97,251.07,222.68,321.83,255.98,223.8,240.54,615.97,358.17
1198.7,1849.5,1319.9,1296.6,797.68,666.9,600.89,1137.7,499.23,557.66,930.54,636.13,445.9,411.7,763.46,744.6
1364.3,1817.6,1416.5,1466.6,927.23,738.83,666.43,1207.5,559.96,584.3,1056,669.84,476.45,457.71,901.29,736.16
347.88,453.75,443.61,364.58,327.51,177.3,178.93,199.38,280.37,180.88,248.24,188.34,189.97,262.03,588.15,282.75
341.02,447.73,428.22,355.88,295.29,169.68,173.12,196.85,285.78,176.47,237.31,185.72,184.57,245.24,565.56,279.29
293.68,413.17,394.99,332.01,222.08,153.19,135.79,147.31,227.78,144.52,232.09,163.48,138.12,173.07,438.05,239.12
338.29,433.31,428.9,369.79,309.56,177.81,187.17,226.13,296.55,180.5,259.62,186.91,194.66,252.08,585.05,278.89
326.49,423.03,409.97,354.05,277.87,170.3,150.48,162.15,250.99,154.64,242.11,179.96,156.17,200.1,498.01,259.84
410.97,426.19,442.27,383.1,405.68,202.01,184.74,196.74,272.89,164.7,268.36,214.76,190.59,259.71,621.34,320.37
568.88,873.55,523.93,449.85,399.96,322.97,214.74,250.96,679.81,278.31,279.95,220.95,263.33,208.11,404.14,297.04
1362,1545.2,1008.1,902.57,660.98,507.25,409.05,654.13,918.36,440.29,664.46,402.41,421.76,348.47,550.28,565.92
398.57,515.43,416.34,323.44,332.93,247.85,170.52,165.24,486.34,209.31,256.4,172.51,275.95,330.3,404.39,242.45
1073,1400.2,921.6,766.32,498.53,419.65,340.63,583.95,709.07,370.37,530.43,341.03,351.9,293.06,504.26,494.55
910.66,1284.3,859.45,831.05,478.99,398.74,366.84,693.56,686.64,353.24,559.11,347.61,350.69,282.49,505.49,554.61
1273.6,1435.2,1040,1078,621.44,510.11,481.38,892.71,867.67,437.52,760.29,464.74,396.95,337.36,591.65,740.82
1735.6,2280.6,1615.9,1694.5,1052.4,833.08,840.42,1723.2,722.1,779.33,1268,808.83,628.98,503.03,877.64,949.9
1159.4,1515.4,1079.4,1124.5,744.63,576.44,546.9,1089.2,515.92,535.01,812.53,545.98,454.21,388.62,700.03,646.1
1366.8,1941.1,1383.8,1523.3,824.96,711.84,722.44,1455.8,580.98,667.41,1040.2,696.73,510.81,441.15,790.32,842.6
1194.3,1751,1183.3,1335.6,724.53,618.75,641.29,1326.5,536.71,612.21,890.4,626.9,444.18,396.56,735.22,767.79
761.16,1299.4,820.79,880.8,541.08,457.82,405.12,750.32,391.65,391.82,499.23,415.51,340.77,292.03,555.77,552.3
484.8,820.31,517.24,469.9,386.24,326.17,234.15,359.6,288.84,228.84,264.12,222.6,244.23,220.22,427.67,302.44
1010.5,1708,1825.9,1069.4,1078.4,1692.2,3309.6,6770,255.89,234.2,363.02,704.85,657.44,1230.1,2470.3,3157.9
778.7,1178.7,1232.6,740.57,765.57,1105.6,2013.1,4036,236.51,195.28,310.86,491.41,442.31,797.5,1702.2,1934
1150.6,2226.2,2336.7,1319.4,1247.9,2164.3,4361.5,9655.8,216.73,221.21,327.41,776.95,763.01,1551,2981.3,4364.3
509.68,878.32,858.72,573.92,490.06,635.75,1191.7,2451.9,186.65,155.1,232.84,309.1,304.19,495.23,995.33,1225.3
984.54,1650.5,1600,1037.2,976.75,1037.9,1869.8,4275.2,288.2,289.22,372.14,557.28,474.07,904.07,1654.2,2407.6
493.77,820.05,793.68,521.35,487.15,628.4,1161.7,2296.6,182.49,155.06,225.01,305.98,296.79,477.4,965.14,1129.2
327.32,402.67,397.08,302.15,268.29,162.86,140.19,145.08,237.39,144.8,210.97,158.46,155.84,203.14,430.57,238.86
301.73,371.03,391.7,305.57,227.75,142.81,127.49,133.32,214.03,137.68,204.9,155.36,142.81,178.63,381.27,233.09
327.46,416.21,413.58,315.74,296.25,205.16,163.15,167.44,303.81,169.09,228.55,165.95,198.79,222.11,435.52,253.41
339.3,393.77,401.02,306.31,300.82,205.42,154.22,155.36,276.8,164.03,217.21,162.77,189.19,213.8,434.01,235.62
333.05,398.28,377.12,300.47,269.54,176.45,141.01,143.54,249.33,145.14,217.18,159.06,172.09,194.53,407.52,230.29
319.68,382.55,369.45,310.28,257.25,164.86,137.47,148.3,235.93,143.38,210.64,161.92,161.36,182.23,398.68,234.5
425.63,618.18,449.94,392.8,346.31,274.07,188.2,244.75,239.71,177.51,259.12,187.6,192.56,209,431.66,261.51
1375.8,1804.4,1227.1,1464.8,796.44,652.99,618.75,1194.9,529.1,452.84,898.88,590.09,381.88,365.74,646.53,705.88
1673.7,2121.3,1663.7,2223.2,903.88,771.63,808.3,1686.6,608.84,549.77,1149,745.95,440.31,440.5,748.39,952.72
612.59,803.33,563.95,541.42,476.18,393.43,245.16,349.58,305.66,201.36,347.54,227.95,238.88,265.63,535.85,291.17
980.34,1354.1,979.89,1185,641.3,576.42,523.25,957.11,437.37,368.43,712.06,464.94,315.14,322.15,587.82,586.46
1512.9,1980.9,1478,1998.5,888.43,748.68,734.08,1457.8,568.18,523.15,1071.4,696.97,419.74,421.06,761.47,816.64
1572.7,2977.7,1701.7,2214,706.09,656.83,996.7,3178.4,781.74,583.45,1165.3,745.56,557.75,450.35,738.71,1825.6
903.75,1577.5,924.15,1084.5,460.78,395.71,509.15,1485.3,500.98,353.55,624.8,428.2,367.86,322.57,545.72,911.19
1851.1,2885.9,1719.3,2307.1,757.35,704.96,1040.3,3312.9,883.63,587.53,1181.3,766.01,580.63,451.93,758.51,1911.7
933.1,1534.5,1022.5,1222.6,506.63,429.05,548.25,1631.1,528.31,370.57,701.59,450.02,385.47,332.9,544.97,1086.1
778.91,1377.3,939.98,1051.9,363.04,317.34,444.89,1277.5,437.46,312.22,549.48,388.91,328.24,283.32,538.42,866.15
1032.3,1794,1158.1,1457.7,460.43,413.44,643.51,1937.8,590.42,380.04,719.79,506.47,425.13,341.32,613.4,1187.5
318.17,418.88,489.58,490.1,189.25,144.55,200.31,312.4,439.73,173.31,416.57,307.08,219.6,180.52,427.6,348.72
328.54,435.68,460.22,411.29,195.63,163.86,263.18,562.16,470.88,180.88,369.13,258.88,260.84,190.55,438.27,362.09
508.76,743.13,693.32,600.5,301.75,255.61,323.48,613.36,875.92,302.84,592.36,357.46,390.46,269.25,509.56,487.19
423.68,619.47,573.25,481.6,265.23,221.7,269.42,430.66,648.24,247.07,492.48,302.46,321.56,234.79,502.55,406.64
1940.4,1937.7,1905.3,1760,765.19,659.81,932.62,2237.3,2519.9,807.88,2305,991.66,793.91,621.22,930.89,1634.9
1806.9,1842.4,1903.9,1882.5,800.87,679.75,1042.7,2626.5,2252.2,800.71,2373.9,1037.4,772.21,620.25,1147.7,2003.3
327.56,387.42,400.28,295.38,238.61,148.24,129.06,147.54,399.94,145.48,244.12,181.71,222.4,177.55,481.18,256.25
344.49,392.5,418.47,315.83,251.6,152.03,136.75,162.32,423.24,153.78,252.53,188.63,230.38,197.16,492.09,289.1
485.32,504.19,540.36,426.07,402.05,226.85,197.65,259.55,519.17,187.66,373.96,286.26,323.86,307.56,648.23,427.37
628.38,534.94,488.27,475.23,600.87,317.33,317.04,432.92,512.46,238.3,349.41,378.65,384.36,455.77,967.33,598.21
482.78,533.08,492.71,380.48,411.36,234.29,215.84,258.71,470.34,211.26,331.96,273.63,305.5,341.05,756.51,434.93
475.18,481.06,462.85,346.61,362.02,208.28,181.68,209.05,399.03,176.03,337.53,245.2,267.23,301.82,690.03,398.16
1615.7,2381,1531.6,2535.3,694.12,662.43,1138.6,3790.4,899.83,590.06,1151.2,743.39,616.27,462.47,898.87,2936
1239.1,1959.9,1322.2,2212.8,642.98,591.07,938.31,3115.5,752.36,513.86,956.19,656.3,548.11,421.79,781.49,2591.6
947.25,1505.2,1007.7,1551.2,574.44,502.71,718.87,2277.3,605.16,418.12,752.62,528.26,488.45,364.08,668.84,1853.5
1355,1731.3,1238.6,1864.3,681.24,580.77,818.39,2574.7,729.94,515.33,900.08,625.17,537.27,437.44,751.62,2101.7
616.48,964.83,703.4,839.68,395.41,299.49,368.55,1171.1,397.5,261.99,399.21,345.93,388.48,284.35,645.36,1141.5
822.59,1355,868.04,1243.9,445.77,358.8,577.82,2080.6,557.24,346.28,539.72,449.69,435.47,330.59,705.23,1759.4
1165.4,612.84,764.38,724.79,903.55,2771.8,2603.4,3965.8,443.52,214.72,584.99,690.72,1177,950.87,2793.1,1253.1
933.59,816.35,935.6,607.15,701.21,1785.7,1969.3,3239.6,506.9,234.97,547.85,560.18,755.09,782.64,2010.9,1273.6
941.37,842.02,874.97,609.39,708.98,1486.3,1728.5,3016.3,533.77,239.29,490.23,570.05,627.68,780.46,1889,1389.7
408.53,459.31,470.15,374.24,262.84,286.09,317.19,461.41,477.54,176.16,343.43,265.34,295.34,261.93,579.83,372.9
1613.3,1397.5,1412,1384.1,620.81,513.11,630.6,1447.6,1922.4,679.73,1757.5,744.53,656.2,474.98,657.43,1172.8
2454.8,1666,1850.8,1905,824.03,690.96,846.07,2031.7,2473.5,854.1,2540.8,1081,832.6,604.21,825.08,1640.3
1373.7,1759.2,1344.6,1423.2,866.59,631.45,599.22,1146.9,605.57,603.33,973.97,656.32,486.18,452.68,824.18,769.16
517.35,755.85,576.43,498.03,412.07,296.71,225.81,340.88,262.5,224.41,307.77,225.91,241.16,239.59,496.04,303.7
538.6,886.21,617.42,539.28,377.23,295.43,248.28,388.99,259.16,236.06,315,252.17,222.22,220.41,490.84,335.08
686.15,1034.7,719.98,651.89,479.59,364.51,290.57,490.26,320.35,305.16,416.6,335.22,262.89,247.15,514.42,429.58
947.34,1392.2,982.54,928.46,675.23,526.05,432.45,776.53,437.44,441.64,651.35,475.29,345.01,324.55,643.63,630.44
524.56,683.96,515.92,409.1,442.22,347.18,197.54,241.55,276.55,212.96,303.62,213.73,246.27,241.93,491.97,245.33
2926.1,2312.2,2395.2,2303,952.95,810.16,1146.6,3062.1,3018.3,1004.5,3463.2,1352.3,895.72,805.02,1293.6,2595.3
1045.3,975.16,892,739.64,472.21,397.38,387.43,794.19,1321.5,407.24,1087.9,482.99,523.96,368.11,586.08,771.21
530.73,749.77,494.48,354.79,315.9,262.52,205.62,263.7,856.81,300.81,540.05,290.92,397.7,248.53,424.05,342.82
483.06,546.12,402.98,275.43,326.11,209.55,212.5,193.32,550.74,194.41,382.67,256.08,268.58,276.63,655.17,318.64
421.88,560.63,409.12,303.24,273.73,232.39,178.34,194.74,766.53,246.41,378.18,251.8,408.61,225.32,422.82,259.08
382.31,559.7,408.03,281.16,229.46,170.69,171.21,193.06,588.57,198.67,364.85,228.21,267.08,206.98,461.02,258.42
1062.9,923.41,891.08,949.23,433.8,380.78,409.38,882.25,1417.6,425.05,1079.9,543.72,513.24,370.91,592.63,789.23
821.07,832.69,740.65,707.58,391.63,330.61,314.05,562.95,1137.6,399.17,757.28,440.94,503.73,316.96,548.23,628.43
814.51,887.73,764.48,714.31,387.71,327.65,331.43,582.23,1240.4,395.63,803.87,422.33,514.8,321.97,482.31,436.92
2293.1,1565.6,1769,1991.2,778.36,662.62,899.8,2155.9,2595.3,791.37,2163,993.23,871.7,622.33,973.18,1471.7
606.42,687.72,551.02,491.83,320.84,253.17,222.81,303.15,1010,314.86,532.72,305.31,455.94,296.59,422.04,345.41
714.22,773.47,659.98,620.81,328.4,273.91,280.1,477.18,1121.7,330.86,639.24,350.11,478.8,286.95,462.04,397.49
490.49,653.81,523.69,389.93,259.07,222.86,237.01,223.98,863.05,273.49,605.9,322.14,380.64,246.87,435.51,244.42
1993.6,1561.7,1897.2,1910,695.97,619.47,719.71,1691.8,2896.4,775.88,3060.6,1277.4,878.48,574.5,879,1335
978.54,982.65,1027.4,993.53,404.46,366.87,421.52,843.33,1612.5,430.71,1409.2,678.99,540.89,353.03,607.96,583.77
653.96,875.74,702.74,568.62,348,311.36,274.08,354.36,1252.7,380.96,1000.9,458.17,484.44,279.64,434.54,383.06
464.7,651.65,446.31,360.15,301,275.47,218.39,232.69,891.49,240.63,590.58,297.41,412.95,253.09,377.59,221.41
1473.3,1218.1,1481,1598.7,573.37,515.12,636.27,1605.3,2167.2,588.16,2443.6,977.57,635.26,470.49,787.53,1118.1
682.35,755.27,676.08,778.64,349.36,291.03,330.15,706,940.99,338.61,780.19,409.91,452.13,312.72,479.95,691.05
1236.4,1124,992.01,1127,489.2,434.36,565.05,1363.9,1415.1,482.2,922.34,502.83,579.02,369.99,527.35,561.37
814.31,774.47,759.87,844.27,357.38,297.52,388.04,821.53,945.13,369.08,842.51,441.94,432.86,320.37,549.82,667.59
328.9,400.91,382.21,286.95,232.07,159.52,161.67,175.67,397.07,174.6,270.9,192.22,264.24,216.36,481.44,264.36
360.17,458.72,412.74,314.55,235.54,174.47,170.52,199.06,548.77,176.4,310.95,211.29,298.18,214.27,478.81,299.04
416.8,429.1,408.47,290.86,310.94,201.7,183.59,173.32,525.1,173.51,315.77,224.7,265.42,261.72,598.73,309.86
770.75,1151.2,764.41,692.78,507.53,366.57,282.4,410.41,521.16,312.58,489.24,312.85,388.2,311.79,544.86,457.74
378.12,542.04,406.71,328.98,355.68,263.71,163.32,161.08,312.44,170.98,237.96,170.04,307.88,263.46,468.29,249.11
481.51,830.42,482.11,393.15,398.1,267.67,173.02,204.79,407.86,219.18,249.93,199.48,327.74,247.04,459.03,280
612.54,1024,588.63,486.15,479.21,316.86,206.84,247.38,470.53,277.97,348.13,239.15,360.62,278.31,497.5,325.67
404.98,634.35,429.61,337.32,336.75,234.14,158.11,167.69,325.39,187.81,236.59,175.9,295.79,246.77,462.77,252.33
326.7,443.39,414.51,334.53,314.78,197.71,174.79,164.44,250.63,155.03,238.52,191.47,238.57,233.12,590.31,294.16
420.13,479.25,523.98,482.38,322.48,206.86,187.35,267.35,430.16,181.1,330.12,253.48,272.43,255.96,578.8,380.18
433.66,476.24,532.63,502.32,378.86,222.54,225.08,317.42,415.39,190.25,361.07,280.96,280.95,270.93,632.99,405.62
444.26,486.96,505.39,530.32,401.57,236.5,257.37,370.45,405.07,200.19,377.72,311.82,281.36,289.29,677.58,442.11
376.59,472.17,496.68,480.81,312.95,197.27,187.46,263.97,388.49,179.38,333.99,257.38,252.12,212.09,512.4,337.02
529.71,553.06,641.6,601.96,411.35,251.71,219.96,298.81,465.64,203.08,423.87,343.8,332.45,314.97,658.31,487.73
401.53,460.62,474.33,432.97,343.72,194.57,211.68,290.1,364.09,188.38,300.13,248.72,243.23,257.04,653.46,354.04
280.34,343.33,321.43,279.21,190.49,140.11,110.39,118.83,145.49,109.73,162.63,128.05,114.88,123.58,359.81,184.48
430.19,476.42,491.02,439.29,395.12,256.97,208.5,247.09,241.36,193.8,299.51,256.27,201.72,257.76,594.34,356.92
355.11,386.42,368.96,322.77,238.08,158.72,129.4,138.34,161.5,119.39,195.25,170.21,131.62,172.94,466.76,249.54
274.32,346.38,337.06,289.7,192.73,145.62,115.43,123.94,147.41,113.4,172.6,136.99,117.27,125.85,365.2,185
274.91,363.28,331.04,297.04,203.47,152.3,118.23,124.53,149.09,115.12,175.23,142.54,120.05,129.78,370.96,194.92
287.06,356.07,347.4,295.28,224.58,160.11,128.08,137.12,157.12,122.8,187.09,147.25,131.92,145.46,385.17,197.31
307.21,414.1,346.86,281.89,233.18,183.58,152.05,149.99,252.33,146.15,207.14,163.43,223.17,178.47,466.94,231.31
357.79,605.45,410.54,346.58,274.19,235.8,167.67,187.13,342.79,187.62,237.21,193.4,272.31,196.28,429.59,254.6
1257.5,1763,1150.3,1150.9,668.89,533.09,495.07,912.93,729.38,441.29,829.69,484.48,506.33,370.55,606.57,680.05
608.11,855.22,590.1,541.21,418.16,321.12,240.74,356.94,423.59,241.65,391.22,246.29,353.86,262.25,433.4,357
1487.8,1930.8,1342.2,1434.4,725.59,581.21,608.08,1255.5,784.42,502.7,979.23,566.23,548.78,430.15,720.82,956.16
370.65,478.51,399.23,308.82,319.16,235.85,162.38,154.6,297.48,161.84,242.67,172.4,281.12,240.71,445.3,235.25
307.66,485.72,413.85,297.1,156.66,124.54,133.72,138.81,440.46,151.34,330.88,201.62,213.43,150.41,312.54,191.38
546.46,848.82,618.37,450.31,301.95,270.21,199.9,265.16,1044.7,305.97,539.83,318.21,465.66,245,368.97,301.41
1144.1,1456.1,1249.2,849.46,486.01,409.98,350.98,536.56,1865,542.82,1214.7,523.84,655.89,392.53,513.69,582.01
1159.1,1266.1,1227,855.6,454.62,387.34,361.44,589.81,1641.4,539.47,1165.5,517.21,611.36,377.97,517.67,635.61
1280.5,1411,1246.1,906.57,503.01,432.24,419.38,738.31,1679.5,576.61,1270.6,582.78,668.18,409.41,562.84,693.57
839.2,1194.8,958.89,776.85,375.19,333.4,358,658.14,1257.3,375.49,1103.3,508.78,478.39,382.87,575.75,714.82
1598.4,1270.1,1237.3,673.92,1123.9,2615.3,3073.9,5351.1,413.01,204.76,426.19,698,907.14,1159.6,3209,2161.8
1623.6,1239.1,1353.2,722.44,1215.6,3207.9,3811.5,6203.7,438.92,199.39,507.9,707.65,1136.5,1250.7,3650.5,2179.5
1245.6,895.01,957.93,625.35,982.91,2674.3,2986.2,4712.3,289.94,186.38,463.92,598.3,931.53,958.57,2846.1,1544.5
852.24,756.86,774.68,480.27,634.27,1639.3,1910,3071,261.17,162.35,343.93,398.32,583.73,639.23,1898.3,1109.6
709.78,812.64,684.56,563.58,545.91,679.29,652.88,940.61,351.93,295.06,434.33,333.18,377.44,355.39,857.41,540.06
990.03,1220.3,1278.6,727.46,834.78,1767.4,2686.2,5006.6,292.29,190.23,413.8,532.39,650.29,931.86,2188,2025.5
505.88,555.7,592.2,535.94,384.58,288.31,237.61,276.65,293.55,213.8,401.04,295.8,208.7,302.79,742.41,375.59
349.71,420.52,409.99,365,296.27,185.99,172.87,196.89,195.62,165.82,244.64,199.63,168.55,191.81,505.63,257.76
418.54,585.13,431.92,361.68,355.94,236.94,179.1,201.2,237,185.8,244.98,187.39,188.59,213.33,488.04,253.54
1727.3,2337.3,1477.9,1483.2,1105.8,819.93,612.7,1123,746.31,1080.6,1100.6,668.54,581.2,494.04,689.54,777.68
1153.7,1730,1049.7,1030.9,873.82,652.82,412.14,646.69,527.46,795.69,917.99,560.07,396.08,421.29,672.17,684.76
1864.1,2499.9,1570.9,1847.6,1244.8,920.11,757.42,1431.2,700.05,1021.4,1367.6,825.56,570.86,593.92,934.31,957.03
1566.9,2000,1393.4,1519.8,744.46,580.65,623.63,1283.2,777.55,490.14,997.32,566.21,580.42,422.82,752.56,913.36
454.6,769.28,483.52,389.59,299.92,226.85,177.62,213.63,328.96,202.05,247.37,196.45,317.41,220.03,437.18,279.18
533,892.03,549.17,482.04,356.64,272.8,208.66,281.01,400.32,236.7,305.89,223.63,364.93,243.03,459.75,325.27
598.6,972.41,632.74,551.04,400.97,292.36,245.1,327.58,418.07,260.37,369.03,248.89,367.23,266.03,498.03,357.98
1124.3,1619.5,1046.3,1039.4,541.14,444.69,404.55,721.39,605.61,385.11,724.26,411.59,491.67,357.86,639.97,672.31
744.68,1104.2,739.15,697.52,405.88,330.42,293.93,440.81,438,280.46,450.65,297.85,369.16,282.55,551.5,451.38
585.71,443.62,584.7,777.71,434.88,323.13,531.61,537.01,829.68,263.82,791.09,492.5,454.39,375.56,715.96,500.6
1222.2,814.34,985.35,805.67,1072,2877.6,3725.7,5347,742.82,299.48,934.24,824.43,1253.4,1098.6,2710.7,1452.7
1011.2,622.3,727.28,796.58,863.79,2260.4,2865.4,3918.9,632.92,265.2,812.29,706.35,995.34,842.59,2132.8,1078.7
565.47,513.13,604.7,583.04,380.83,563.68,949.92,1198.2,783.73,249.51,732.32,421,494.63,359.3,751.39,525.38
489.66,494.19,547.51,607.63,309.37,319.86,465.37,400.04,842.78,272.02,749.78,382.93,483.95,272.73,539.67,336.23
535.74,464.12,582.09,684.53,334.41,328.07,454.37,415.07,831.63,271.14,765.28,428.69,447.38,271.52,522.7,347.24
863.82,784.78,781.56,515.49,684.7,1996.3,2131.8,3652,437.02,170.73,380.95,531.68,718.51,756.49,1980.9,1352
745.34,716.75,687.2,470.08,567.64,1610.4,1696.5,2923.7,441.56,157.04,339.51,453.56,611.21,628.98,1624.9,1152.7
330.81,379.18,413.12,357.97,252.44,305.03,347.72,460.6,376.27,143.56,296.72,254.82,274.25,230.37,531.95,330.02
490.34,541.27,525.85,403.89,376.79,768.63,823.67,1363.1,393.6,151.69,302.61,330.86,389.98,402.57,989.88,705.54
357.01,438.32,450.43,390.63,254.66,305.89,321.79,479.86,383.57,160.09,313.06,273.77,276.85,250.17,578.87,380.12
368.37,407.84,389.62,375.79,340.36,201.63,199.22,242.08,426.54,167.35,322.94,259.1,281.94,258.5,531.3,323.75
1272.5,1780,1409.3,1965.8,745.96,603.93,731.62,1891.2,740.2,495.62,1061.9,618.28,377.83,412.67,740.88,1428.4
564.06,824.17,669.27,687.99,426.87,312.14,284.35,665.86,410.88,247.54,418.46,268.27,218.47,273.25,558.7,623.06
337.67,418.31,400.74,307.56,265.75,178.29,162.01,152.4,248.07,148,209.83,169.76,128.34,190.71,531,266.63
307.15,389.73,387.96,308.19,282.04,173.48,155.31,150.66,228.28,147.18,206.75,168.12,130.61,180.37,498.38,258.4
317.07,403.06,410.41,311.25,298.74,182.91,167.62,157.81,251.2,152.06,219.33,170.59,145.75,199.93,542.3,264.54
308.93,395.18,394.56,302.82,256.24,163.47,149.86,155.9,225.04,140.2,211.44,169.87,125.51,173.94,490.77,254.79
302.51,407.94,333.48,251.43,211.03,154.37,114.45,122.26,161.12,112.5,154.68,120.47,124.37,142.48,369.07,170.97
352.12,611.93,404.29,316.47,256.28,204.7,151.78,169.59,211.83,149.76,192.47,159,149.6,167.98,390.57,209.98
1232.7,1691.1,1122.7,1172,804.24,613.9,488.97,849.29,529.82,442.96,709.24,492.15,393.81,360.03,601.99,580.63
449.3,727.31,474.65,401.81,364.89,280.84,184.43,244.06,249.4,178.37,239.2,187.18,195.42,197.79,421.96,241.89
610.31,967.95,612.92,516.85,466.87,343.89,226.97,311.69,315.04,237.83,319.12,232.9,227.43,213.72,422.45,291.01
328.96,565.52,412.7,313.67,260.92,209.43,150.82,157.76,199,146.66,214.01,151.17,155.13,169.1,432.32,210.15
443.92,406.41,459.21,503.34,303.07,199.25,210.22,439.42,545.52,156.85,379.44,261.08,266.44,299.19,498.4,459.49
398.62,384.49,443.82,507.44,278.13,192.2,209.67,439.59,564.69,170.64,403.87,261.2,278.67,256.8,440.29,380.21
405.01,397.72,427.31,468.97,269.79,179.39,197.97,422.53,492.98,167.18,381.02,249.95,256.59,251.31,452.87,419.57
378.5,507.4,560.37,711.27,243.5,202.17,250.12,626.93,463.61,219.24,499.55,348.88,269.3,201.26,410.46,492.36
873.16,1091.6,1021.8,1746.3,401.04,403.96,707.64,1996.6,1059.4,429.66,1076.6,687.68,520.71,413.24,708.23,1223
706.24,849.72,735.48,1129.2,338.87,318.58,453.57,1214.6,826.81,345.27,689.02,475.62,446.44,332.16,527.47,777.84
544.18,911.08,557.2,494.47,483.76,347.58,224.78,291.56,339.75,240.58,306.79,226.99,250.09,245.67,499.04,313.13
296.98,383.7,323.23,235.01,226.49,173.44,116.99,119.13,168.29,117.82,157.06,115.87,140.59,160.34,386.02,175.08
287.64,391.64,325.93,253.02,209.38,168.12,118.03,122.6,169.85,114.99,158.21,114.09,127.81,146.76,359.85,169.93
288.85,402.41,321.88,246.23,220.72,176.71,123.19,126.37,164.1,113.15,162.78,116.69,132.72,150.29,388.05,172.61
449.94,720.49,475.08,380.06,409.76,288.8,183.49,210.99,274.37,195.02,245.89,175.71,211.17,232.86,398.2,216.01
303.44,420.21,348.58,246.58,233.52,182.47,115.56,122.45,163.83,123.46,166.41,121.5,147.64,154.11,397.64,176.7
785.2,1029,869,830.7,511.1,368.45,368.66,833.29,394.47,284.09,441.41,285.29,303.71,294.44,565.33,522.97
974.9,1402.8,1086.4,1228.7,517.53,428.18,560.54,1448.4,415.77,367.75,602.68,393.32,331.89,319.06,625.97,743.02
2162.5,2731,2053.2,2521.7,948.78,810.97,1214.4,3346.8,829.26,643.61,1300.9,776.19,596.6,539.42,1029.9,1571.6
1681,2189,1612.1,1935.9,800.98,675.71,946.5,2503.2,696.68,545.66,1009.3,638.96,489.53,432.18,846.91,1266
1256.6,1852.5,1264.5,1510.5,679.1,556.27,715.97,1922,550.59,433.34,786.52,503.82,405.82,357.12,720.35,988.58
402.62,573.82,421.79,346.32,322.25,227.57,167.43,220.89,219.47,157.31,211.96,154.23,196.78,229.59,450.49,228.25
484.92,533.01,558.51,548.51,242.1,187.26,216.55,300.97,599.2,222.47,508.86,327.05,275.42,240.12,504.45,390.88
364.92,430.81,443.37,370.16,234.81,162.32,169.14,170.28,455.01,173.3,355.65,237.61,231.4,211.66,484.62,263.34
345.66,444.84,423.34,360.88,222.29,157.12,168.49,171.5,467.85,180,345.68,232.71,253.29,201.22,462.85,242.89
850.03,1107.7,804.16,724.51,416.33,381.69,321.64,504.57,1480.1,452.76,770.01,430.89,616.74,335.46,473.5,497.19
1939.6,1635.9,1509.7,1567.5,708.77,595.22,666.45,1527.4,2415.2,687.72,1784.1,781.67,766.96,536.2,748.49,1231.4
794.72,980.65,682.29,650.73,403.02,342.84,297.84,519.03,1291.8,392.06,671.06,391.38,553.66,310.15,497.13,471.39
487.56,386.53,568.12,644.42,360.81,311.99,493.6,369.2,697.87,250.62,821.67,514.02,431.29,327.84,587.53,383.9
480.97,388.45,514.06,502.65,390.07,308.22,483.83,364.99,680.27,250.07,659.28,409.42,460.14,333.65,611.49,377.61
666.75,612.5,651.1,551.71,358.18,396.61,450.97,384.6,1180.1,339.82,771.23,403.07,599.87,331.06,546.08,345.84
1870.5,1281.9,1928.8,2156.8,790.25,794.91,847.18,2133.5,3045.8,771.35,3216.8,1368.7,1018.9,622.85,918.95,1551.5
1966.4,1327.1,2051.5,2361.3,838,812.88,903.04,2373.7,3036.7,782.87,3336.6,1520.4,1068,669.55,932.12,1632.7
1929.8,1238.3,1809.5,1955.4,766.07,833.53,878.33,2173.1,3108.3,709.41,2603,1174.5,1037.9,605.06,784.08,989.28
1375.1,1632.1,1269.5,1189.6,687.14,593.37,696.99,1317.3,1337,594.07,975.3,643.39,765.55,494.37,750.26,956.19
716.17,965.17,735.01,654.4,465.33,368,353.15,556.12,904.24,378.81,485.46,353.7,571.52,345,541.94,507.82
643.79,932.52,645.04,561.13,453.68,369.07,273.19,376.47,936.52,366.6,462.56,322.88,602.19,331.46,496.8,442.09
406.98,603.65,479.59,406.51,307.2,235.77,175.42,221.54,685.42,225.38,355.72,240.62,421.9,245.87,451.21,319.22
360.29,454.16,446.69,364.97,305.39,180.76,158.66,187.01,393.1,178.66,331.16,228.62,257.03,218.64,528.76,304.41
371.24,442.52,452.15,367.17,320.53,196.12,166.94,202.08,426.03,176.32,335.87,238.14,271.34,227.7,541.7,313.38
377.49,438.57,456.79,422.14,361.96,215,206.22,241.4,367.71,208.01,310.46,264.61,196.52,247.52,570.5,358.26
786.96,734.92,770.52,543.42,693.12,1252.7,1454.2,2501.3,459.38,249.44,382.89,476.19,500.29,621.93,1593.5,1105.8
927.2,926.53,942.89,519.22,711.34,1846.3,2244.5,4045,390.86,180.86,330.01,485.13,581.1,771.27,1968.8,1535.9
855.63,900.72,945.27,550.04,687.75,1793.8,2173,3881.4,359.89,187.5,332.8,505.44,565.36,754.87,1899.8,1497.3
1010.9,959.63,1015.4,557.21,799.72,2236.9,2713.7,4680,397.44,176.79,342.68,557.08,714.89,873.82,2310.3,1699.5
919.62,931.3,975.33,552.89,801.8,1965.9,2571.9,4236.7,390.65,194.19,374.37,541.83,644.72,794.93,2109.5,1489.3
442.76,736.89,454.03,377.56,301.43,238.49,179.7,200.48,356.13,205.73,247.25,193.63,297.77,223.28,460.2,285.49
368.06,542.38,409.34,312.78,275.72,213.36,164.49,162.57,306,174.76,236.42,185.79,229.5,212.33,543.82,276.25
909.25,1255.1,774,682.4,528.68,413.6,308.9,434.24,576.42,333.53,526.92,321.29,388.36,295.52,506.2,443.88
427.32,625,477.25,401.85,336.54,266.74,191.54,226.91,341.74,181.1,280.84,186.77,290.8,232.49,418.16,277.65
792.96,1164.4,761.13,657.09,418.91,342.81,277.35,425.69,481.64,276.35,498.22,292.13,339.28,268.8,535.69,436.96
948.75,1340.8,884.86,846.77,491.59,431.16,379.88,634.12,559.57,347.75,607.21,371.37,381.51,308.56,545.57,565.98
1486.6,1800.9,1337.6,1467.8,761.39,610.07,579.74,1178.8,679.2,494.13,898.21,504.7,343.07,370.66,635.88,806.05
1040.4,1222.1,859.31,914.61,646.01,486.98,390.96,638.17,536.43,346.96,538.06,320.59,277.34,331.86,517.45,438.81
757.16,1162.3,713.52,660.93,531.75,391.31,269.88,396.88,479.28,306.53,474.54,291.58,241.01,275.18,470.6,404.58
1532,1757.9,1317.6,1489.5,796.9,591.66,572.51,1132.3,704.37,504.04,919.77,509.86,357.71,407.34,691.36,783.43
376.74,547.41,387.42,314.56,320.09,237.64,154.57,146.57,327.27,173.82,221.11,160.12,145.86,213.21,434.61,227.99
1283.2,1732.6,1172,1204.4,712.51,548.67,466.92,839.28,618.56,436.92,809.92,443.72,320.99,349.05,583.89,640.94
711.23,540.61,628.37,512.97,476.86,519.16,567.32,495.63,1101.4,385.15,779.15,445.61,570.53,392.33,584.07,382.88
595.17,449.8,525.33,484.42,386.17,449.18,526.82,378.49,1033,298.37,697.8,401.54,453.86,316.46,531.04,329
965.58,726,876.48,665.9,548.65,680.5,573.95,580.42,1558.2,468.77,882.22,505.37,607.37,371.93,535.46,413.72
647.99,495.82,512.79,434.56,436.94,617.58,421.82,358.09,1207.4,330.32,700.46,399.26,510.77,323.35,455.25,300.54
567.9,364.39,456.98,356.82,376.01,522.84,410.52,340.86,975.4,264.51,609.71,336.02,451.84,361.29,487.76,277.58
2591.5,1230.6,2521.2,1992.7,1132.6,1298.4,1362.1,3687.1,3516.2,1039.3,2314.7,1267.8,1096.1,742.82,1244.8,1898.9
1265,1019.6,1037.4,701,1063,2482.4,2897,4905.2,534.6,247.8,533.46,785.94,941.83,1136.4,2686.8,1958.8
1098.4,942.86,979.8,548.28,863.23,2618.2,3011.7,5196,394.75,154.41,424.39,615.96,888.86,1007.9,2578.6,1791.3
1190.7,983.24,1039.3,630.87,979.29,2549.2,3014.3,5009.3,431.47,180.63,484.87,676.13,927.39,1086.6,2796.8,1854.3
448.4,493.77,477.6,417.14,357.67,466.19,540.41,820.13,371.27,160.61,356.22,314.8,318.03,350.83,774.12,540.07
429.2,459.77,445.16,380.24,369.48,218.6,220.04,271.25,425.82,173.31,366.54,278.91,277.88,325.42,629.09,402.53
433.02,434.94,401.94,367.88,411.24,234.67,210.62,298.97,453.41,163.39,325.1,279.89,323.31,292.78,573.2,388.88
293.21,449.55,459.74,372.15,231.13,175.23,144.71,154.14,168.71,138.13,232.06,174.76,143.41,164.23,485.03,225.68
304.86,467.29,453.49,367.45,235.04,181.28,143.78,159.02,180.92,137.62,233.1,175.46,147.32,166.81,481.35,229.79
292.54,438.8,441.07,351.75,234.26,180.17,138.58,140.35,174.6,133.71,214.86,164.02,146.09,158.01,445.39,216.55
877.79,1304.7,975.01,728.37,659.03,470.38,339.14,506.99,400.44,406.32,494.52,360.17,336.59,308.41,631.52,450.51
1115.8,1671.4,1213.1,1036.1,800.93,597.22,472.11,794.55,495.24,529.54,698.15,497.19,400.7,377.44,782.28,614.44
1378.5,1970.2,1435.2,1283.5,928.8,676.07,590.24,1050.3,574.11,653.5,938.74,645.73,473.84,459.87,893.67,766.81
618.18,475.04,533.5,424.9,472.19,590.54,811.3,554.71,1775.4,303.47,702.36,496.42,402.14,186.38,506.91,377.09
669.96,563.99,623.14,536.17,658.84,1133.7,760.29,550.09,2023.5,338.27,775.69,522.37,573.23,272.16,579.58,404.22
625.28,458.14,413.05,382.31,512.68,470.13,1015.5,446.04,1612.7,277.96,659.31,477.8,507.96,247.15,715.47,381.23
2710.2,1831.6,2049.3,1915.1,1375.2,1870.2,1810.1,2922.9,3304.2,850.85,1636.5,1404,1075.9,464.97,969.33,1497.4
1800,1186.2,1351.6,1214.1,1089.1,1566.7,1355.7,1784.6,2724.2,572.53,1244.6,1001.3,858.4,381.97,809.18,1033.3
1797.4,1371.8,1541.5,1425.9,1080.4,1402.6,1761.8,2327.5,2839.8,623.44,1526.1,1198.5,927.47,431.24,989.04,1548.1
718.38,1090.6,723.53,596.4,535.26,384.1,286.51,448.84,346.25,311.72,433.34,292.2,275.02,232.95,412.45,331.08
794.3,1320.2,785.85,623.12,618.37,457.07,267.24,376.74,442.92,360.76,398.23,300.69,349.83,276.25,440.53,346.03
738.31,1173.6,757.32,665.27,561.31,414.83,273.26,405.94,402.81,346.59,428.53,320.78,329.97,272.18,456.44,373.43
1491.7,1983.8,1293,1284.9,910.4,676.93,587.37,1093.8,627.15,620.51,885.5,605.77,511.48,407.81,649.43,645.48
1583.6,2023.4,1385.1,1378.2,902.42,710.08,630.8,1220.1,645.61,647,956.26,642.88,524.11,430.43,679.34,693.93
697.11,974.01,690.21,602.38,454.52,363.65,304.38,447.01,321.87,286.1,373.08,284.9,286.61,297.23,571.71,352.45
813.59,1219.4,836.75,942.64,570.22,453.66,405.04,702.93,337.44,335.64,572.84,399.88,274.24,294.88,598.5,542.51
1341.2,1716.2,1152.8,1464.6,780.46,623.6,583.74,1099.1,511.58,432.58,877.27,578.83,383.96,377.51,727.4,719.1
378.92,504.25,368.5,272.52,354.41,260.37,140.08,142.43,216.2,140.22,204.22,139.02,178.09,188.68,425.87,180.19
1223.9,1845.6,1228.7,1469,700.8,621.88,593.44,1137.4,468.42,459.16,886.13,613.54,364.53,371.97,714.45,828.58
958.5,1388.5,912.14,1100.7,624.1,516.35,474.92,859.97,409.98,367.6,691.01,472.4,310.64,323.06,646.86,588.05
416.74,609.77,387.37,284.6,389.51,295.55,145.42,155.6,273.37,162.97,220.28,152.19,186.3,189.98,430.57,200.39
420.11,459.11,486.6,436.16,371.36,204.61,214.92,252.63,291.99,179.64,289.14,248.71,167.37,240.96,644.95,417.03
558.1,618.58,659.91,492.25,416.13,517.47,591.05,1006.6,321.06,183.21,342.24,328.16,218.14,339.22,922.5,656.07
722.69,868.4,827.73,475.31,500.76,1051.5,1310,2657.9,291.19,156.92,264.53,342.49,297.56,511.47,1304,1172.9
809.51,971.77,918.52,524.64,597.82,1112.4,1433.6,2923.2,322.44,179.74,286.34,383.31,329.55,583.53,1424.8,1330.6
719.53,850.44,780.19,479.26,460.4,968.34,1166.6,2391.4,303.76,156.22,255.95,335.03,267.85,476.41,1191.6,1079.1
630.55,752.31,712.36,427.25,442.12,889.15,1111.4,2131.8,268.86,139.49,239.34,306.21,272.29,442.09,1097.1,979.54
1585.3,1962.7,1341.6,1401,804.01,595.83,549.81,1060.5,663.29,475.66,897.88,522.88,442.2,439.5,749.16,679.05
627.73,970.67,642.04,566.7,448.79,322.86,224.94,331.93,376.76,248.63,365.89,254.76,256.33,272.94,485.78,350.23
603.77,881.25,665.7,544.22,467.24,334.13,219.97,287.02,386.83,250.04,397.29,245.46,281.49,311.24,506.6,338.6
1782.5,2176.4,1458.3,1572.8,857.21,634.56,624.73,1284.7,707.4,496.79,988.18,561.1,473.08,438.58,688.5,777.55
716.21,917.46,678.81,648.94,522.12,369.3,274.05,429.68,416.82,267.13,427.36,258.18,309.51,335.18,489.68,352.44
1339.9,1745.8,1133.3,1223.4,689.97,521.84,472.33,923.41,552.09,400.4,765.98,438.7,360.03,342.21,556.13,586.66
333.65,383.62,399.98,299.85,219.71,164.34,149.26,153.39,419.53,164.5,281.44,197.92,245.04,200.02,468.56,234.91
518.59,801.86,467.33,437.03,306.13,276.41,185.15,238.09,1007.7,328.28,358.2,271.74,538.95,287.63,450.55,309.31
547.78,768.05,506.87,450.6,299.9,258.05,191.52,257.23,955.55,319.99,393.67,277.79,481.17,278.49,430.1,318.36
1518.3,1175.5,1068.1,1444.4,533.85,467.95,541.35,1178.4,1678.2,567.9,1273,705.91,653.54,470.63,725.94,1104.8
434.83,590.31,413.75,340.19,260.69,215.54,158.06,184.25,775.86,317.09,366.73,220.65,425.03,238.24,406.2,252.12
465.06,605.4,446.29,345.79,294.32,218.88,175.75,196.58,686.41,304.77,345.85,213.36,401.43,256.69,468.69,261.32
670.45,1028.2,683.68,583.9,459.07,355.36,262.08,351.13,449.95,285.2,451.81,278.6,387,293.01,544.28,393.42
392.15,481.9,396.22,327.91,382.24,280,170.58,170.22,327.5,164.74,244.74,169.34,337.74,252.47,469.67,223.28
379.45,593.24,392.1,285.64,283.26,213.66,150.29,155.77,301.46,179.76,227.93,167.34,224.86,198.67,508.46,244.56
378.85,454.98,394.42,274.91,301.6,198.43,159.24,147.08,271.61,168.72,221.53,181.91,211.74,235.15,644.31,306.97
388.07,569.06,445.74,329.54,285.54,199.78,177.37,182.42,299.15,202.14,230.83,199.5,237.19,261.01,658.1,301.57
1170.7,1816.3,1115.6,967.78,589.36,459.95,411.23,685.04,632.93,403.09,703.51,424.86,496.81,371.61,649.85,606.93
568.08,624.3,617.56,682.98,329.12,295.4,347.19,835.92,246.44,224.99,279.57,229.36,195.47,428.47,852.99,405.71
555.87,849.63,642.18,832.02,457.64,414.83,486.48,1222.9,337.04,342.45,425.07,257.46,238.95,237.84,519.85,418.97
820.64,1390.1,953.08,1375.7,660.95,593.28,641.67,1557.3,458.94,507.32,660.4,394.06,349.59,282.56,491.63,498.43
800.04,1327.7,898.76,1281.2,622.25,561.14,565.71,1390.5,455.19,488.39,573.43,362.49,343.1,288.34,485.29,481.49
435.92,588.89,557.91,785.94,379.35,349.48,396.02,988.39,265.5,249.89,310.47,216.29,224.4,218.45,446.86,347.48
693.42,1267.7,821.5,1190.3,578.4,515.28,561.68,1435.5,387.56,438.49,508.95,340.4,296.31,271.03,450.43,439.06
888.97,1295.5,858.52,897.39,519.88,412.17,377.82,721.91,478.93,330.84,499.56,343.21,296.04,307.76,513.86,514.85
367.17,459.38,425.77,330.09,292.91,181.04,156.14,150.11,248.19,151.75,231.67,172.06,165.5,234.33,528.25,276.34
370.48,435.66,403.37,295.87,330.88,207.97,163.24,147.97,283.23,166.89,230.84,166.3,171.66,234.11,591.45,277.22
369.42,650.61,448.08,357.09,275.6,235.58,171.91,196.51,309.97,185.69,232.36,190.24,189.78,213.82,442.89,263.87
681.23,1204.1,760.76,641.12,500.59,369.68,280.17,423.29,492.41,324.16,456.61,300.62,267.67,279.34,470.68,423.38
849.04,1197.7,789.97,682.61,562.34,426.53,313.79,482.47,519.2,331.02,508.73,301.64,288.2,291.27,471.73,392.64
547.86,775.72,565.33,511.51,438.49,308.06,225.46,285.09,432.42,254.31,348.91,234.57,244,286.91,455.28,316.86
658.5,1002.4,686.62,637.49,430.34,319.49,263.09,408.07,448.71,271.67,416.08,288.5,254.24,289.79,498.91,410.05
930.46,1369.4,892.28,882.95,507.47,403.03,342.38,590.07,537.15,328.64,569.28,371.23,308.1,323.21,537.94,543.9
827.65,1278.5,804.72,777.4,487.71,367.37,309.81,489.93,507.34,314.45,493.78,328.85,282.18,307.03,521.21,471.9
739.9,1219.3,789.77,771.88,484.49,373.67,326.93,541.01,475.51,311.81,456.33,326.76,277.78,302.06,521.18,494.53
812,1171.9,792.73,825.7,462.71,357.97,330.49,549.16,465,321.02,487.56,349.18,284.76,309.86,542.01,516.34
1623.8,1312.9,1350.4,1642.3,604.7,538.82,753.87,1765,1770.9,646.78,1766.6,851.37,638.4,531.4,887.03,1491.3
647.93,698.26,536.93,568.8,362.13,289.68,246.47,376.58,916.66,301.81,592.75,321.1,442.4,303.91,459.52,407.5
1447.6,1180,1198.9,1346.4,543.07,451.24,474.66,984.15,1891.8,558.73,1397.5,671.9,628.96,512.59,810.37,1349.8
1212.7,1084.7,982.85,1059.1,533.5,427.4,444.66,876.41,1460.1,472.57,1096.4,564.97,602.25,448.03,706.61,1027.8
1011.2,899.37,858.48,972.74,413.87,360.15,430.66,928.54,1291.1,405.49,981.45,526.99,487.35,388.56,649.36,849.44
529.95,671.42,469.83,417.34,330.33,271.24,197.22,255.53,878.29,297.07,414.53,275.74,457.97,266.37,452.65,334.66
400.97,534.28,476.85,350.08,308.34,377.39,393.89,649.37,250.83,139.29,209.92,206.95,151.61,233.2,609.12,436.41
388.9,543.9,459.84,356.5,305.68,339.84,334.25,522.38,252.31,141.1,228.69,206.2,149.74,217.84,573.84,402
298.87,390.47,388.98,318.01,215.61,145.44,122.44,126.69,217.99,130.46,221.6,172.84,94.582,139.58,414.91,232.16
311.18,423.9,361.95,336.61,252.37,175.2,122.15,134.21,223.64,134.1,210.29,165.81,100.86,139.92,398.87,221.81
301.35,393.69,381.59,345.53,220.5,150.84,122.13,134.09,210.75,128.79,210.91,172.8,94.838,136.2,412.63,227.42
310.39,415.2,403.82,341.09,239.2,164.57,131.33,140.49,224.48,139.29,229.58,179.19,101.44,146.49,443.87,238.9
1601.5,2199.3,1548.8,1887.7,914.24,709.04,749.77,1439.4,595.92,531,1089.9,682.07,442.69,435.04,756.42,746.27
1032.1,1347,988.38,1174.9,626.69,499.15,479.36,826.64,439.02,341.98,624.32,412.27,329.58,332.35,620.6,497.35
914.43,1341.7,900.3,1055.6,548.46,438.96,414.76,740.99,355.69,319.97,552.98,401.06,286.23,303.06,614.92,492.09
1357.8,1856,1329.9,1572.9,751.85,590.04,613.27,1128.5,526.25,462.52,890.79,584.31,398.18,385.45,698.71,659.76
425.95,614.79,458.93,375.8,370.61,275.3,176.19,220.45,263.3,166.38,243.47,173.18,213.7,228.67,438.84,237.97
826.4,1322.3,914.36,985.22,503.87,430.19,396.47,703.89,355.96,314.81,515.25,388.53,271.61,279.81,529.82,487.79
542.38,597.65,566.83,375.45,402.6,854.77,896.55,1527.5,191.37,120.15,205.3,253.12,307.37,388.22,1116.2,716.05
425.47,567.59,498.16,335.97,305.84,514.45,565.93,1003.8,184.45,116.02,183.09,198.83,190.47,276.37,689.53,521.3
427.15,524.67,521.19,388.4,346.44,515.4,542.78,903.2,190.19,134.14,224.84,228.01,197.66,280.41,711.87,504.02
381.79,477.06,463.81,391.93,284.22,459.83,506.67,849.86,164.07,116.03,199.68,218.15,172.79,249.03,655.13,476.07
315.01,390.19,374.46,299.82,224.07,184.6,168.79,199.91,149.11,116.89,189.6,147.06,124.09,170.3,491.47,232.39
292.76,408.54,359.16,293.53,217.09,152.73,125.71,133.01,146.7,110.77,180.8,135.06,112.63,144.04,434.24,199.38
596.56,646.02,680.69,543.5,577.07,577.32,626.44,1055.2,399.85,242.1,374.23,358.02,370,427.15,982.01,712.88
556.77,586.33,600.68,540.67,585.59,351.48,344.34,413.7,369.73,237.53,382.88,375.59,363.84,435.97,874.18,561.31
552.94,550.55,572.72,497.94,582.18,317.57,297.88,366.17,371.74,229.86,353.34,344.74,334.13,405.51,850.1,520.84
529.51,579.35,607.98,578.75,540.03,324.31,329.89,434.36,545.27,386.02,400.47,393.98,349.47,405.22,887.86,520.38
531.57,556.23,541.25,530.65,517.85,300.22,288.46,410.14,518.95,333.88,357.85,348.54,330.69,359.44,810.81,473.19
629.44,587.45,539.08,522.66,630.3,342.95,308.57,445.97,451.67,276.52,365.93,374.37,341.49,391.2,854.14,539.2
1139.9,1311.4,1502.9,842.84,896.7,2023.4,2972,5818,437.29,272.26,534.73,660,754.03,989.87,2258.1,2306.9
911.54,1134.4,1358,855.42,728.76,1342.9,1996,4127.6,444.39,303.37,514.38,571.92,604.79,736.84,1632.2,1896.5
