0.137,0.32747,-0.19447,0.40384,0.25718,0.18273,-0.36304,-0.10534,-0.085146,0.20507,0.33453,-0.24313,-0.19538,0.24266,-0.028428
-0.47983,0.44132,-0.24393,-0.282,0.4635,0.11985,0.36909,-0.028261,-0.18188,0.28047,0.25694,-0.28464,-0.38412,0.099681,-0.17045
-0.40619,0.34724,-0.050766,0.26636,-0.4538,-0.031426,0.29906,0.020545,-0.26498,-0.48912,0.17541,-0.15371,-0.3678,-0.29825,-0.31848
-0.41575,-0.024703,0.093007,0.4421,0.054099,0.077663,0.17134,-0.10844,-0.053861,-0.16004,0.35759,-0.07524,-0.11228,-0.015924,-0.1761
0.399,0.29109,0.15051,-0.43823,-0.28439,-0.14231,0.26876,-0.015853,0.012387,-0.21179,0.33526,-0.02907,-0.1641,-0.010414,-0.16696
0.49721,-0.046258,0.12345,-0.11973,0.45718,0.081413,0.20805,-0.041078,0.075561,-0.087827,0.19969,-0.24368,-0.036352,-0.0098596,-0.064117
0.26533,0.093616,-0.14844,-0.40793,-0.47006,0.11363,-0.10934,0.36855,-0.28142,-0.24149,0.44211,-0.04592,-0.38309,-0.085921,-0.11967
0.2567,0.048944,-0.010285,-0.26704,0.18827,0.14699,-0.2401,0.32448,0.074185,-0.464,0.44361,-0.06883,-0.28816,-0.32606,0.066573
0.1653,0.10799,0.0027318,-0.38396,0.18387,0.080587,-0.22353,0.30629,-0.074719,-0.26297,-0.48636,-0.16933,-0.30044,0.022351,0.02804
0.29563,-0.10194,-0.053102,-0.19223,-0.45897,0.091422,-0.26339,0.18481,-0.27013,-0.35723,-0.35378,-0.20399,-0.34907,-0.10411,0.1588
0.39447,0.066698,-0.029349,-0.24306,0.28095,-0.056221,-0.22414,0.19135,-0.12162,0.45126,-0.35396,-0.057047,-0.19908,-0.23186,0.0098137
0.1583,0.083715,-0.12012,-0.38777,0.18438,0.14505,-0.12188,0.25089,0.075874,-0.10785,0.32892,-0.33583,-0.19967,-0.0051008,0.074735
0.074956,-0.31723,-0.051108,-0.21344,-0.4755,0.23189,0.079686,0.36448,0.070861,-0.37267,0.40403,-0.14729,0.26843,-0.41903,0.06981
0.153,0.45751,-0.19041,-0.22537,0.097603,0.026797,0.45582,0.37926,-0.030154,-0.44521,0.38466,-0.28752,-0.48977,-0.2694,-0.14541
0.32479,0.010218,0.4415,0.22839,0.15412,0.23611,-0.4278,0.49239,-0.077096,-0.42195,0.34628,-0.31162,0.12369,0.11889,-0.20161
0.14346,0.029495,-0.22537,-0.32422,0.40054,0.40212,-0.10102,0.44883,0.066181,-0.41007,0.30685,-0.16446,-0.378,-0.48396,0.060505
0.29599,-0.40712,-0.30304,0.39197,-0.34848,0.18387,-0.16825,0.42543,-0.0048214,-0.40773,-0.059375,-0.24635,-0.47444,-0.094701,-0.17783
0.17816,0.094855,-0.29373,-0.45439,0.13028,0.36054,-0.12051,-0.33923,0.11306,-0.25485,0.28079,-0.27749,0.44569,-0.34291,0.057452
-0.014143,0.42732,-0.033508,-0.21441,-0.023973,-0.11618,-0.12716,0.21888,-0.1972,-0.35834,0.35029,0.46857,-0.42886,-0.17995,-0.15176
0.45474,-0.035168,-0.11744,0.42197,0.024858,0.17984,-0.11139,-0.42821,0.035568,-0.4153,0.46649,-0.11513,-0.28958,-0.13047,0.098158
0.44747,0.25693,-0.0028778,0.34313,0.18526,0.13304,-0.063308,-0.48243,-0.010669,0.48041,0.26723,-0.25868,0.41722,-0.23207,-0.051475
0.36559,-0.31054,0.064563,-0.10393,0.11186,0.078351,-0.070807,0.49543,-0.1194,-0.49337,0.39958,-0.21446,-0.245,-0.37884,-0.077234
-0.058686,0.27347,0.01818,-0.35876,-0.21844,0.06131,-0.18883,0.32842,-0.38377,-0.43806,0.46188,-0.27201,-0.26469,-0.22054,-0.25584
0.12286,-0.079607,-0.062941,-0.28953,-0.46816,-0.043276,-0.29368,0.45375,-0.047576,0.46559,0.40253,-0.15169,-0.25915,-0.049669,-0.076308
0.29895,0.062899,-0.26908,-0.28191,0.37098,0.14593,-0.25146,0.26535,-0.076441,-0.3488,0.46534,0.029612,0.42973,0.026059,0.11331
0.43814,0.15448,-0.17656,-0.42285,0.27869,-0.07006,-0.28494,0.144,0.022464,-0.2545,0.39934,-0.11277,-0.26641,-0.0064229,0.18362
0.48436,0.23328,-0.087348,-0.11588,0.29986,0.02012,-0.23708,0.024808,-0.36488,0.39815,-0.22691,-0.26041,-0.24017,-0.2054,0.20903
0.34219,0.16092,0.0081246,-0.15127,0.31347,0.035518,-0.46952,0.25019,-0.15792,-0.11678,0.42703,-0.11818,-0.30448,-0.17648,0.15381
0.25222,0.034271,0.018497,-0.28949,0.2315,0.073964,-0.17849,0.23383,-0.18834,-0.48957,0.009259,-0.25854,-0.44715,-0.072988,0.2485
0.05603,-0.041465,-0.20995,-0.35965,0.16428,0.18019,-0.24112,0.28306,0.025688,-0.19636,0.49832,-0.040293,-0.11272,0.092023,0.049477
0.30958,0.04217,-0.14278,-0.24969,-0.069534,-0.082872,-0.13288,-0.20315,0.2669,0.27665,-0.43321,0.034158,-0.24712,-0.25149,-0.03382
0.32397,0.21372,-0.093404,-0.25562,0.034876,-0.035393,-0.10751,-0.27451,-0.35772,0.34439,-0.46933,-0.052143,-0.25079,-0.3004,0.039176
0.42503,0.26989,-0.16149,-0.14082,0.0097345,-0.059496,-0.22189,-0.13867,0.13625,0.31827,-0.44908,0.12197,-0.09951,-0.12046,-0.018923
0.38829,0.027715,-0.2889,-0.13159,-0.17233,-0.01929,-0.19361,-0.019878,0.22263,0.25309,0.28693,0.12891,-0.21023,-0.28343,-0.01237
0.26083,0.37128,-0.091802,-0.29935,-0.11177,-0.072721,-0.27098,-0.036027,-0.47521,0.15898,0.18196,0.0091422,-0.22725,-0.34434,-0.039714
0.36613,0.019536,-0.07426,-0.26651,0.0342,0.045611,-0.16039,-0.045928,0.44579,0.25058,0.46285,0.028006,-0.24195,-0.23035,-0.028995
0.13986,0.47664,-0.36001,0.338,0.18269,-0.37232,-0.31362,-0.027944,-0.27554,0.47541,0.30114,-0.19229,-0.16541,0.19016,-0.45521
0.043826,0.22568,-0.030121,-0.29916,-0.29624,0.39432,-0.28095,-0.25331,-0.1272,-0.46975,0.16245,0.43439,-0.42706,0.12361,-0.3421
0.19859,0.1067,0.065747,0.13391,0.32016,0.28839,-0.19152,-0.17091,0.31828,0.33159,-0.30913,0.27442,-0.00013346,-0.052459,0.031243
-0.47825,-0.04061,-0.3256,0.20274,0.20147,-0.43017,0.19201,0.40935,-0.4514,0.2419,-0.2687,-0.32366,0.19536,0.15475,-0.15134
-0.12495,-0.0011344,0.25866,0.13127,0.2795,-0.2102,-0.37962,0.41609,-0.10363,0.2954,-0.49076,0.059737,-0.10093,0.22514,0.16188
0.26125,0.28849,-0.10878,-0.35859,-0.20063,0.088791,-0.3147,0.28195,0.088436,-0.49089,0.28873,-0.37594,-0.25625,-0.13119,-0.22254
0.36285,-0.10932,0.14537,0.12472,-0.29751,-0.46248,0.31058,0.087414,0.11143,-0.14505,-0.24022,0.013342,-0.49792,0.40849,0.44913
0.24938,0.01471,0.042462,0.20505,-0.091819,0.36242,-0.4895,-0.08623,0.085371,-0.13839,-0.32069,0.042917,0.4966,0.37402,-0.47725
0.37561,0.058086,-0.28275,0.044189,-0.21011,0.31263,-0.14334,-0.1692,0.16196,-0.077701,0.46447,0.13709,-0.37359,0.40976,-0.28077
-0.45554,0.49132,-0.38849,-0.2898,-0.37542,0.020311,0.07026,-0.3709,0.19874,-0.49538,0.078793,-0.22246,0.17011,0.13725,-0.029992
0.35057,0.35655,-0.14747,0.03865,0.16352,0.32759,0.47764,-0.13289,0.19507,0.27713,0.16615,-0.30926,0.12925,0.084733,-0.26024
0.45724,-0.45946,-0.39945,-0.064304,0.16801,0.093979,-0.22188,-0.45515,0.17593,0.33673,0.09958,-0.25487,0.15053,0.075807,-0.16254
-0.04245,0.28489,-0.37082,-0.2237,-0.37136,0.19383,0.073417,0.081258,0.12512,0.20827,-0.091185,0.27214,-0.19765,-0.18538,0.072129
-0.0089421,-0.073739,-0.25124,-0.085266,-0.27217,0.21312,0.12621,0.012033,-0.0098971,0.17349,0.085659,0.47204,-0.14357,-0.30951,0.01383
0.026384,0.37296,-0.29968,-0.081087,-0.13188,0.11578,-0.013934,-0.088561,0.025642,0.14306,0.033445,0.35573,-0.15403,-0.30036,-0.077442
0.23472,-0.2946,-0.090572,0.088111,-0.036369,0.15009,-0.049102,-0.043175,0.0128,0.21347,0.20508,0.3543,-0.16099,-0.29361,-0.068183
0.17819,0.27997,-0.33337,-0.021875,-0.062694,0.13717,0.079494,-0.085321,-0.021358,0.1607,-0.14694,0.42114,-0.27358,-0.36735,-0.096669
0.12918,0.19059,-0.3926,0.10036,-0.26286,0.34469,0.034325,0.37979,0.039951,0.10421,-0.42597,0.31546,-0.37821,-0.49327,-0.14307
0.36594,0.15644,-0.048539,-0.10245,0.10008,0.19552,-0.23705,0.262,-0.0030113,-0.42006,0.071941,-0.14256,-0.45673,-0.22514,-0.072763
0.34155,0.0043542,0.024374,-0.2179,0.13529,0.12216,-0.20019,0.0052384,0.011077,-0.46457,0.11798,-0.02575,-0.27245,-0.24051,-0.11117
-0.41764,0.1704,-0.086497,-0.22303,0.099455,0.18278,-0.21058,0.036014,0.073159,0.42625,-0.0075323,-0.2501,-0.36529,-0.2255,-0.13439
0.40007,-0.031172,-0.090009,-0.22105,0.10425,0.19486,-0.22075,-0.021429,-0.029708,-0.45235,0.20096,-0.10704,-0.3637,-0.28615,-0.031059
0.39913,0.10794,-0.012575,-0.14744,0.18624,0.2051,-0.28511,-0.042508,-0.080879,0.46968,0.22137,-0.034242,-0.32096,-0.30063,-0.074598
0.28135,0.20715,-0.11957,-0.31035,0.0052801,0.23202,-0.30669,0.0014264,0.19004,0.44344,0.14067,-0.033274,-0.19433,-0.26754,-0.11792
0.30468,0.34065,-0.28332,-0.20025,-0.14883,0.28916,-0.17735,0.35494,0.10264,-0.46837,-0.31309,-0.0060142,-0.46882,0.49498,-0.19835
0.46546,-0.40031,-0.15207,0.079924,0.15038,0.30196,-0.17165,0.088741,-0.175,0.29386,-0.34343,-0.16016,0.41213,0.44379,-0.2121
0.1983,0.1583,-0.27547,-0.4271,-0.012475,0.25931,-0.46377,0.20322,-0.44865,-0.32654,0.10637,0.024824,-0.13834,-0.31353,-0.22731
0.18327,-0.031389,-0.071599,-0.17136,0.066365,0.48105,-0.27588,0.094171,0.18562,-0.36755,-0.045807,-0.18078,-0.17789,-0.14385,0.095018
0.36433,-0.037545,0.078906,-0.16875,0.3351,0.4653,-0.35079,0.054149,-0.13264,-0.33411,0.1062,-0.096603,-0.38672,-0.10566,0.26254
0.30213,0.093091,0.14321,-0.14445,0.25851,0.46197,-0.41507,0.057481,0.12523,-0.46865,0.090651,-0.24516,-0.31445,-0.051204,0.20818
0.19499,0.28763,-0.11977,-0.49266,0.031456,-0.063099,-0.19286,-0.31653,0.25027,-0.48331,0.21581,0.18655,-0.46351,-0.49741,-0.0015974
0.19543,0.24797,-0.10356,-0.19956,0.091856,-0.10322,-0.23252,-0.17565,-0.40742,0.38935,0.29862,0.12159,-0.35698,-0.31885,-0.15704
0.19361,0.17218,-0.090167,-0.21446,0.11003,-0.078084,-0.20881,-0.2189,-0.047951,0.4547,0.20895,0.19776,-0.4714,-0.48275,-0.16544
0.21597,0.13346,-0.25257,-0.21528,-0.069831,-0.10606,-0.26816,-0.025917,-0.025738,0.46795,0.17976,0.12356,-0.32393,-0.35515,-0.14878
-0.3975,0.37897,0.33297,-0.020716,0.12778,0.2379,-0.070164,-0.28325,0.32177,0.33883,-0.15863,-0.048347,0.27538,0.18572,-0.0033032
0.30305,0.11425,-0.28719,-0.32371,0.07182,-0.10715,-0.49886,0.068379,0.34895,-0.45111,0.15451,-0.0047004,-0.27528,-0.40032,-0.41083
0.39469,-0.073576,0.37565,-0.052514,0.23542,-0.18728,-0.0089212,0.050825,0.31999,-0.19035,0.46114,-0.020958,0.29743,0.11021,-0.31575
0.32971,0.34494,0.29389,-0.074906,-0.022518,0.070152,0.023894,-0.16828,0.32531,-0.40658,-0.21528,-0.099347,0.015377,-0.18472,0.4352
0.35901,-0.46935,-0.078627,-0.1061,0.3249,0.0050257,-0.043897,-0.12268,0.45688,-0.30503,0.49326,-0.1544,-0.046329,-0.11634,0.37087
0.29357,-0.033324,0.3454,0.0018143,-0.074106,-0.038533,0.092686,-0.48624,0.3469,-0.33051,0.17701,0.030717,0.14353,-0.12465,0.45641
-0.34059,0.13508,0.47604,0.11483,0.12372,-0.2003,-0.023456,0.09272,0.30666,-0.27553,0.33788,-0.19773,0.23933,-0.13043,0.32427
-0.28918,0.035676,0.34852,-0.19293,0.10839,-0.35741,-0.20155,0.2935,0.27896,-0.17245,0.23198,-0.0893,0.12988,-0.054616,0.39768
0.46268,0.26183,-0.2408,-0.42209,-0.0037328,0.020003,-0.14369,-0.31955,-0.1379,-0.47139,0.14145,-0.13713,-0.37115,-0.33232,0.07398
0.18174,0.18754,-0.18483,0.48265,0.11091,0.019686,-0.072725,-0.17799,0.15178,0.29526,0.082497,-0.048989,-0.39534,-0.088157,0.090025
0.28587,0.054866,-0.12318,-0.27876,0.12133,-0.051617,-0.15813,-0.41671,0.1265,0.39334,0.35497,0.12747,-0.39599,-0.37438,0.070406
0.15501,0.17357,-0.16384,-0.35652,0.12854,0.026176,-0.1123,-0.28499,0.2117,0.41972,0.23945,-0.010106,-0.25259,-0.35842,0.1592
0.30632,0.19422,-0.17493,-0.25349,0.033987,-0.092653,-0.11837,-0.2363,-0.35508,0.2441,0.27281,-0.022943,-0.22368,-0.20789,0.14311
0.17221,0.077726,-0.25722,-0.43552,0.11676,-0.016971,-0.14057,-0.24814,0.41802,0.44674,0.37359,-0.11101,-0.41587,-0.31648,-0.037745
0.33592,0.10016,-0.4512,-0.33165,0.38057,-0.38825,-0.20998,-0.015148,0.025287,0.3132,0.13947,0.49396,0.29473,-0.37904,-0.36487
0.41978,0.34607,-0.22109,-0.32494,-0.36315,0.46022,-0.15443,0.41767,0.084753,-0.43649,0.3705,-0.39576,0.45677,-0.29988,-0.29868
0.22952,0.29143,-0.33669,-0.48407,-0.086205,0.2369,-0.42147,0.37665,0.05334,-0.37791,-0.49938,-0.36089,0.46041,-0.19168,-0.40435
0.070915,0.052601,-0.20147,-0.36313,0.22302,-0.044744,-0.48932,-0.27644,0.36577,-0.22756,0.14482,-0.25285,0.47868,-0.10399,0.27172
0.16072,0.44825,-0.37113,-0.18734,-0.26505,0.42059,-0.13331,0.26173,-0.33735,-0.31077,-0.1754,-0.21231,-0.16884,0.32415,-0.31136
0.10984,-0.22,-0.45648,0.057406,-0.025717,0.25689,0.11085,-0.34411,0.22715,0.090997,-0.042658,-0.060275,-0.39706,-0.2299,0.38043
0.28706,-0.040998,-0.037307,-0.29867,-0.21481,0.10141,0.058369,-0.0945,0.04484,0.23198,-0.13501,0.18399,-0.19655,-0.34076,-0.077042
0.4161,-0.0076366,-0.063691,-0.14307,-0.079427,-0.062269,0.050954,-0.11093,-0.046645,0.18383,-0.050687,0.08638,-0.25741,-0.44587,-0.14479
0.28259,0.095422,-0.08804,-0.25086,-0.16591,-0.070419,0.044973,-0.082522,0.034071,0.25947,0.015849,0.1621,-0.28501,-0.3764,-0.11724
0.39877,0.017605,-0.10484,-0.081759,-0.17863,0.045857,0.054582,-0.026497,0.058632,0.18657,-0.080879,0.065118,-0.33937,-0.37945,-0.18543
0.33008,0.034796,-0.10685,-0.067649,-0.28396,0.08374,-0.018068,0.042308,0.078877,0.16023,-0.24793,0.16351,-0.26665,-0.39798,-0.13435
0.35978,-0.0020937,-0.12764,-0.20864,-0.2952,0.19916,-0.02442,0.072124,0.10656,0.18858,-0.26015,0.23865,-0.20018,-0.41048,-0.089737
0.35698,0.19854,-0.06058,0.49358,0.030305,-0.024536,-0.28051,-0.29452,0.23197,0.25955,0.33392,-0.099343,-0.34084,-0.25459,-0.030313
0.45375,0.29369,0.25621,-0.13461,0.39213,0.18968,-0.37066,-0.28315,0.38587,0.035259,-0.40198,-0.1136,0.48113,-0.25544,0.1332
0.44366,0.20443,0.096394,-0.3071,0.2088,0.070706,-0.39574,-0.30268,-0.20395,0.30699,0.47725,0.044877,-0.23689,-0.36803,-0.077793
0.10625,0.10484,-0.26232,0.44269,-0.16529,-0.061781,-0.26768,-0.29276,-0.37711,-0.4364,0.37085,0.1231,0.1067,-0.13735,-0.1641
0.25359,0.16323,0.095547,-0.27919,0.21809,0.16185,-0.16712,-0.25103,0.36925,0.2736,0.45727,-0.23353,-0.29531,-0.038734,0.24819
0.077079,0.18915,-0.24778,-0.33529,-0.12933,-0.33176,-0.27991,0.49965,-0.36409,-0.38481,-0.30885,0.40592,-0.14334,-0.28867,-0.15821
0.26387,-0.0017392,-0.36831,-0.31373,-0.0084457,0.014902,-0.36251,0.31149,0.35575,-0.15802,0.064976,-0.42095,-0.15095,-0.17184,-0.32717
0.15436,-0.022472,0.45921,-0.32323,-0.45646,0.22498,-0.35724,-0.015244,0.48495,-0.010852,0.33987,0.39346,0.051484,0.33461,0.30306
-0.21479,-0.046249,0.1118,0.44095,0.29529,0.3724,0.24613,0.28668,0.44373,0.038358,0.3429,0.11397,0.4612,-0.13944,-0.24833
0.36743,0.34983,-0.076308,-0.23776,-0.44212,-0.4407,-0.14082,-0.15961,-0.05492,-0.17268,0.39132,0.38223,0.12506,0.43343,-0.25272
0.19035,0.19868,-0.15179,0.076053,-0.092853,0.43296,0.022493,0.3327,0.13768,0.16479,-0.39178,-0.18035,0.25829,0.067324,-0.16508
0.088953,0.034263,-0.47191,-0.055467,-0.23392,-0.36967,-0.3779,-0.3564,0.28315,-0.44265,-0.31767,-0.34274,0.41147,0.46758,0.47014
0.21451,0.1787,-0.071428,-0.47571,0.12104,-0.19803,-0.22903,-0.48117,-0.20542,-0.42793,-0.46264,0.14112,-0.16371,-0.16615,0.0060601
0.34542,0.22935,-0.060626,-0.21855,0.18731,-0.1631,-0.15428,0.40412,-0.20396,0.20351,-0.42628,-0.043901,-0.3546,-0.19138,0.10464
0.4577,0.31012,0.10491,-0.46025,0.061064,-0.15431,-0.1272,0.42893,-0.16527,0.33248,0.27561,0.005764,-0.22394,-0.17213,0.082009
0.21606,0.076904,-0.063349,-0.26341,-0.09777,-0.14114,-0.24226,0.49775,0.10645,-0.38778,-0.49637,-0.042979,-0.30218,-0.032281,-0.056434
0.29578,-0.054753,-0.075607,-0.18402,-0.026417,-0.12126,-0.19067,-0.47993,0.011578,-0.45145,0.41548,-0.081788,-0.14548,-0.11396,-0.063003
-0.49836,0.31103,-0.024111,-0.24541,0.091018,-0.096252,-0.19818,-0.44043,-0.22628,0.34892,-0.49678,-0.11308,-0.41885,-0.36017,-0.054053
0.40058,0.25345,-0.10465,-0.0724,-0.39624,0.2363,-0.076162,-0.26049,-0.24968,0.33111,0.091618,-0.29897,-0.25464,-0.41498,-0.17636
0.43668,0.26681,-0.090117,0.0096261,-0.29925,-0.114,-0.25653,-0.20271,-0.23727,0.32637,0.007182,-0.3457,-0.39846,-0.026146,-0.2123
0.2611,0.38111,-0.27778,-0.1164,0.027977,-0.092019,-0.33824,-0.13422,-0.2377,0.15217,0.21278,-0.26959,-0.22039,-0.083511,-0.3673
0.14248,0.12903,0.080991,-0.49937,0.49124,-0.14076,-0.080971,-0.22366,-0.052589,-0.42984,0.15995,-0.28861,-0.24083,-0.29566,-0.16455
-0.45839,0.02228,0.045332,-0.466,-0.41835,-0.28384,-0.12279,-0.11077,-0.026705,0.24252,0.066969,-0.28138,-0.25484,-0.25457,-0.21997
0.42367,-0.49781,-0.12321,-0.057331,-0.11103,-0.030813,-0.2568,0.20238,-0.24843,-0.14661,-0.36385,-0.37551,-0.32848,-0.10226,-0.29002
0.33519,0.086743,-0.056997,0.14562,-0.39492,0.014956,0.021371,-0.32611,0.0216,-0.39555,0.19852,-0.2327,-0.26193,-0.081592,-0.19685
0.4193,0.065931,0.12131,0.44879,-0.11847,0.02477,-0.20216,-0.27062,-0.25435,-0.46527,0.028232,-0.28538,-0.1047,0.039705,-0.29407
0.095184,0.13004,0.12769,-0.41615,-0.26154,0.014535,-0.28411,-0.35213,0.038308,-0.33503,0.23733,-0.25473,-0.3466,-0.37721,0.038525
0.1613,0.10427,-0.27974,-0.242,0.29065,0.25449,-0.17423,-0.42856,0.13508,-0.28625,0.3013,-0.24151,-0.47378,-0.2737,-0.12605
0.24423,0.09005,-0.16692,-0.47362,-0.44896,0.057085,-0.16127,-0.41834,0.11499,-0.28959,0.22969,-0.32654,-0.36585,-0.35891,-0.0071153
0.2905,-0.00035868,-0.12276,-0.44226,-0.48793,0.073209,-0.16243,-0.28431,0.019815,0.47055,0.19002,-0.20687,-0.095143,0.06327,-0.25946
0.26236,-0.15849,-0.13776,0.0026609,-0.049006,0.13365,0.027635,-0.25121,-0.0062061,0.25592,0.205,0.38103,-0.21758,-0.31759,-0.12946
0.14537,0.038125,-0.19263,0.029083,-0.012208,0.25241,0.012821,-0.012208,0.032373,0.17585,-0.012233,0.31984,-0.27702,-0.4479,-0.082497
0.32705,-0.46791,-0.37692,-0.34632,0.010715,-0.11915,0.16275,-0.091739,0.018789,-0.29733,0.38686,-0.060997,0.2824,0.18704,0.078919
0.3118,-0.19312,-0.019215,0.20686,0.090405,0.4487,-0.37343,-0.47823,-0.033036,0.057998,-0.22219,0.32903,-0.39921,0.47295,-0.37331
0.18966,0.25936,-0.21529,-0.10715,-0.21267,0.25987,0.12822,0.26704,0.096586,0.20534,-0.24472,0.28423,-0.3152,0.49483,-0.15663
0.10187,0.017571,-0.3167,0.058995,-0.27653,0.25543,0.12815,0.26992,0.088507,0.17739,-0.24868,0.34406,-0.29827,-0.42722,-0.082581
0.31191,-0.33135,-0.29929,-0.31652,-0.066682,0.14491,0.20264,0.45104,0.094409,0.43414,0.067474,-0.24637,0.12203,-0.039518,-0.24024
0.16187,-0.027202,-0.25684,-0.18412,-0.31446,0.45957,0.19138,-0.37803,0.14859,0.10735,-0.33719,0.18078,-0.31901,-0.47853,-0.087882
0.078372,0.12535,-0.29949,-0.14477,-0.327,-0.48611,0.17589,-0.42649,0.18802,0.093641,-0.44916,0.079015,-0.29355,-0.37293,-0.050295
-0.05799,0.16486,-0.38304,-0.10996,-0.33258,0.44266,0.15821,-0.47744,0.16577,0.09005,-0.34963,0.21555,-0.24775,-0.3937,-0.0063562
-0.011791,0.060884,0.048631,-0.20018,-0.32823,0.32892,0.11674,0.3928,0.10791,0.0859,-0.28949,0.26684,-0.20202,-0.42142,0.022142
0.20228,0.12239,-0.14368,-0.1272,0.012554,0.27379,0.057573,0.25356,0.048685,0.12734,-0.15609,0.22519,-0.32138,0.45035,-0.083148
0.12783,0.17844,-0.21963,-0.3881,0.066928,-0.13602,0.12348,0.35395,0.11007,0.41642,0.48951,0.078235,-0.21108,-0.081671,-0.081042
0.14988,0.10057,-0.19911,-0.34351,-0.066936,-0.074352,0.1448,0.38571,0.13217,0.40551,0.4882,0.10003,-0.22655,0.079503,-0.015507
0.13323,0.20586,-0.17364,-0.19464,0.091681,-0.047417,0.03948,0.27926,0.1067,0.46884,0.38989,-0.088536,-0.203,0.037608,-0.033971
0.097587,0.1598,-0.11507,-0.27176,0.19874,-0.15956,0.0052718,0.15174,0.066598,0.41045,-0.30199,0.061981,-0.30272,0.026288,-0.10195
0.22283,0.061752,0.037937,-0.067533,0.29847,-0.12734,0.023523,0.16168,-0.33466,0.38061,-0.33087,0.13935,-0.14362,-0.032611,-0.0015015
-0.30397,0.26534,0.34031,-0.12394,0.46158,0.05062,-0.37248,0.48282,-0.18121,0.18647,-0.45349,0.064942,-0.26169,0.022922,0.043843
-0.29915,0.098308,0.18078,0.48388,-0.27574,0.045169,0.25085,0.098204,0.1099,-0.082555,0.41394,0.049411,0.26439,0.083561,0.18907
-0.14887,-0.2352,0.29668,-0.40693,0.27956,0.46117,0.2516,0.22776,0.0013346,-0.14509,0.34645,-0.014835,0.089208,-0.020799,0.25729
0.49669,0.25044,-0.081037,-0.45557,-0.22387,-0.43376,-0.15986,-0.4883,0.028649,-0.34342,-0.37572,-0.15144,0.003395,0.027093,-0.34053
0.27478,0.15531,-0.35447,0.033708,0.094017,-0.11172,0.0065439,-0.38089,-0.035259,-0.41936,0.094901,-0.36037,-0.3051,-0.33803,-0.19974
-0.048877,0.45582,0.41047,-0.21974,0.38075,0.44624,0.40818,-0.3853,0.0057222,-0.24374,0.28829,-0.25764,-0.11698,0.014502,-0.028294
0.31588,0.43836,-0.036181,-0.32015,-0.32621,0.2558,-0.28771,-0.43214,-0.19421,-0.44957,0.24622,-0.25853,-0.29444,-0.29928,-0.17953
-0.47586,0.091627,-0.051062,-0.32616,0.010982,0.23066,-0.1555,0.027151,0.27965,0.0856,-0.011461,-0.48933,-0.40037,-0.4614,-0.086234
0.33822,0.053369,-0.22093,0.03214,0.042938,0.20837,-0.081283,-0.42778,0.39924,0.3954,-0.029529,-0.28957,-0.25202,-0.39361,-0.11529
-0.35673,-0.048768,-0.22142,0.14165,-0.34967,0.26874,0.14955,0.10192,0.078706,-0.20994,-0.024028,0.44553,0.18811,0.07147,-0.22971
0.14646,0.31495,-0.10232,0.39028,-0.19594,0.22119,-0.0037912,-0.059116,-0.36277,-0.33727,-0.30049,0.45308,-0.0057306,0.33559,0.14656
0.27952,0.086284,0.00026693,-0.31202,0.22856,0.19854,-0.063962,-0.29624,-0.39571,0.36201,0.32089,0.10409,0.42271,0.41505,0.11387
0.43419,0.076291,-0.11177,-0.077029,0.22877,0.37779,-0.086931,-0.41655,-0.03996,0.36586,-0.22897,-0.21204,-0.37069,-0.23748,-0.14937
0.24447,0.094688,-0.069434,-0.14422,0.27883,0.11646,-0.10829,-0.40099,-0.43975,0.46545,0.4546,-0.010644,-0.44809,0.42499,0.19396
0.2173,-0.04401,-0.3406,-0.3613,0.08316,-0.3081,-0.41535,-0.38466,-0.043205,0.47823,-0.29483,0.20449,-0.24277,-0.47169,-0.16479
0.14475,0.20812,-0.12297,-0.024395,0.37311,-0.040619,-0.1201,-0.13148,-0.1377,0.1429,0.42202,-0.019436,0.46805,0.27543,0.00014598
0.2343,0.12332,-0.099163,-0.14789,0.15873,0.04876,-0.1375,-0.097024,0.37434,0.44406,0.34804,0.030884,-0.44416,0.45617,-0.014877
0.034308,0.23052,-0.13323,-0.44983,-0.011832,0.21662,-0.15259,-0.038596,0.19093,0.35336,-0.085091,0.044673,-0.28834,-0.33672,-0.022213
-0.064901,0.19469,-0.27016,-0.25504,-0.053928,0.026305,-0.24863,-0.20207,-0.16391,-0.33792,0.081196,-0.17431,-0.20996,-0.35878,-0.13087
-0.13276,0.472,-0.10804,-0.10306,0.17296,0.48858,0.3641,0.34813,0.14802,-0.48193,0.33336,-0.27809,0.11446,0.22563,-0.079728
0.43468,-0.15083,0.30083,0.45901,0.37693,-0.16041,-0.31862,-0.43838,0.074068,-0.13764,0.18748,0.032757,0.32012,0.3224,0.39604
-0.4379,-0.15045,0.29485,0.30182,0.48073,-0.25643,-0.25505,0.44755,0.015065,-0.05072,0.1593,0.079081,0.48907,0.36798,0.37666
0.46907,0.12641,-0.15002,0.24018,-0.28006,0.26305,-0.22861,-0.099651,0.05701,0.15175,-0.021579,0.16019,-0.33396,-0.44086,-0.14942
0.27883,0.20582,-0.24274,0.036244,-0.46115,0.26821,0.066319,0.056747,0.13553,0.19244,-0.3513,0.11348,-0.19034,-0.37322,-0.051475
0.30998,0.186,-0.15255,-0.081062,-0.48927,0.3915,0.037057,0.13605,0.15473,0.097971,-0.38738,0.17616,-0.25256,-0.43379,-0.0023731
0.14693,0.4242,0.063971,-0.37467,0.47554,0.12128,-0.40071,0.24142,0.027577,-0.21835,0.36167,-0.29581,-0.11492,-0.053256,-0.012787
0.19684,0.34697,-0.051117,-0.27511,0.44449,0.17497,-0.26223,0.31235,-0.047133,-0.24767,0.38761,-0.35827,-0.11196,0.035489,-0.16906
0.15101,0.2834,-0.028861,-0.40632,0.44261,0.02741,-0.36842,0.46119,-0.12664,-0.16663,-0.42799,-0.22314,-0.11806,0.018189,-0.13633
0.33514,0.36361,-0.097528,-0.3828,-0.38908,0.10727,-0.30088,0.20199,-0.11803,-0.21877,-0.44945,-0.090288,-0.17227,-0.089112,-0.086255
0.28518,0.36385,-0.013009,-0.38284,-0.46925,0.14897,-0.20515,0.00067566,-0.045499,-0.14908,-0.46711,-0.25008,-0.12025,-0.050345,-0.09106
0.37623,0.40194,0.035923,-0.40917,-0.438,0.10533,-0.33242,0.24138,-0.1989,-0.17637,0.45819,-0.12974,-0.22745,0.045465,-0.1741
0.38364,0.1977,-0.054403,0.48312,0.48219,-0.1205,-0.06196,-0.37193,-0.12233,-0.41548,0.36744,-0.28038,-0.35091,0.0098846,-0.20525
-0.37183,0.058044,-0.21892,-0.33584,-0.4818,-0.46314,-0.0057848,-0.46935,-0.014915,-0.38365,0.0068525,-0.13808,-0.19103,0.15065,-0.34191
0.031689,0.233,-0.45706,-0.39574,0.48539,-0.43781,0.099255,0.47832,-0.071228,-0.4512,0.32428,-0.35742,-0.48227,0.12131,-0.2521
0.36742,0.35236,-0.086213,-0.3406,0.38432,0.36335,0.023644,-0.44084,-0.065677,-0.45281,-0.1824,-0.23712,-0.43585,-0.32142,-0.19966
-0.36959,0.12398,-0.43613,-0.33927,-0.45201,0.22582,0.086418,-0.17412,-0.10994,-0.45221,-0.041269,-0.21347,-0.45866,-0.47494,-0.34663
-0.39259,0.21989,0.13414,0.44797,0.41609,-0.23367,-0.12482,0.46953,0.035255,-0.11593,0.23995,-0.28031,-0.47716,-0.20456,-0.38829
0.23583,-0.044427,-0.065535,-0.34581,0.43154,0.11831,-0.25002,-0.45597,0.19103,0.46705,0.35381,-0.09166,-0.35388,-0.3301,-0.010886
0.06596,0.45851,-0.20709,0.45638,0.47184,0.023852,-0.059754,0.47951,-0.43653,0.44121,0.41983,-0.20978,-0.30604,0.15495,-0.049035
-0.0054386,0.26133,-0.17395,-0.46473,0.12989,0.17484,-0.1215,0.39214,-0.11065,-0.35701,-0.38573,-0.12407,-0.42537,0.046412,0.046591
0.085804,0.42556,0.043175,-0.32434,-0.36053,-0.29259,-0.273,0.1507,-0.17666,0.39154,-0.40045,-0.13261,-0.23374,-0.30588,0.079123
0.13254,0.17992,0.017721,0.20726,0.27199,0.064788,-0.22217,0.19218,0.22009,-0.24006,-0.49672,-0.10723,-0.31915,-0.13495,-0.043672
0.12337,-0.0027193,-0.070473,0.22086,0.28348,0.24233,-0.10829,0.41478,-0.18375,-0.42853,-0.26633,-0.089746,-0.32386,-0.19773,0.060451
-0.37597,0.21893,-0.19675,0.15448,-0.15653,-0.0047463,-0.43423,-0.039897,-0.11811,0.46549,0.12658,-0.16799,0.20135,0.49919,-0.46027
-0.087193,0.30645,0.20739,0.37248,0.36632,0.0174,0.092745,-0.035626,-0.27313,-0.45727,0.41123,-0.075611,0.0040581,0.39491,0.44754
-0.36798,0.3064,0.3716,-0.04579,-0.32285,-0.38397,-0.011169,-0.46137,-0.06405,-0.29392,0.27964,0.091068,0.2995,0.48984,-0.44972
-0.17194,0.18116,0.34589,-0.12599,-0.27247,-0.39591,0.03541,-0.39727,-0.32251,-0.27113,0.26534,0.00938,0.25768,0.47575,-0.40932
0.44768,0.30954,-0.35415,-0.21103,-0.026025,0.16326,-0.29498,0.24175,0.17181,0.081342,-0.095927,0.10909,0.46824,-0.36731,-0.15266
-0.4964,0.10928,-0.15458,-0.27448,-0.082493,0.22539,-0.066994,0.33413,-0.30025,0.060213,-0.26386,0.24144,-0.35595,-0.32383,-0.057097
0.34121,0.12998,-0.28245,-0.22101,0.46194,0.49622,-0.22625,0.39136,0.12755,0.096807,-0.22715,0.010902,0.27974,0.26926,-0.46945
0.21903,0.019882,-0.38201,-0.16415,0.20929,-0.27018,-0.21194,-0.083018,0.36846,-0.075749,0.37244,-0.064767,0.23206,0.23353,0.45569
0.28456,0.098225,-0.48831,-0.29199,0.19699,-0.089391,-0.12882,0.061877,0.37336,-0.20927,0.17467,-0.16422,0.16887,0.15362,0.45571
-0.44981,0.14842,0.48523,-0.24604,0.25789,-0.26153,-0.40365,0.24963,0.30699,-0.064763,-0.011094,-0.043417,0.064037,0.10498,0.27707
-0.077505,-0.20817,0.4011,-0.31409,-0.061894,-0.13822,-0.081446,0.071616,0.46913,0.019798,0.41014,0.25421,0.17245,0.22137,-0.39789
0.15673,0.05628,0.49769,-0.32505,0.22854,-0.21017,-0.016967,-0.23979,0.33386,0.14051,0.48783,0.14709,0.1578,0.15196,0.49469
-0.19869,-0.0081621,0.40806,0.43984,-0.38929,-0.13191,-0.1007,-0.036623,-0.20261,0.4675,-0.23945,-0.2688,0.053252,-0.48109,0.26807
-0.21139,-0.034488,-0.18756,0.16762,0.14476,-0.30165,0.46849,-0.42059,-0.060334,-0.33177,-0.3819,-0.14338,0.24302,-0.29969,0.40093
-0.46914,0.15377,-0.24041,-0.14845,0.172,0.080996,-0.10412,0.022113,-0.12656,0.12193,0.11527,0.18499,-0.4096,-0.30554,-0.24681
-0.48393,0.10737,0.049673,-0.16746,0.1527,0.20576,-0.3931,-0.41274,-0.41622,-0.12912,0.042696,0.20473,0.48234,0.48537,-0.35131
0.39722,0.051388,-0.242,-0.14646,0.077763,0.27989,-0.32977,-0.33967,-0.11853,-0.013267,-0.042954,0.19922,0.48901,-0.39576,-0.23269
-0.21519,0.23522,-0.462,0.14873,-0.14703,-0.33126,-0.37452,0.10474,0.055379,-0.12227,0.14112,0.031397,0.34074,-0.43612,-0.36252
-0.055667,0.085191,-0.18701,-0.35833,-0.16574,0.11077,-0.12293,0.076228,0.19238,-0.42029,0.14862,-0.1037,-0.33939,-0.21394,-0.15674
0.2095,0.15013,-0.12649,-0.18598,-0.10171,0.045695,-0.21205,-0.038233,0.063245,-0.46395,0.14978,-0.00080495,-0.47857,-0.33326,-0.29394
0.35977,0.0599,-0.12169,-0.3189,-0.10944,-0.0011261,-0.21225,-0.073488,0.17315,-0.41852,0.022635,0.065451,-0.28901,-0.34167,-0.30275
0.27271,0.37062,-0.050191,-0.3232,-0.092023,-0.0068692,-0.1803,-0.06,-0.036853,-0.42277,0.12842,-0.04851,-0.25471,-0.36822,-0.2562
0.42856,-0.42164,0.068767,-0.10715,0.17726,0.26774,-0.45362,0.11026,0.31171,0.38497,0.081021,-0.12402,-0.41076,-0.28433,-0.06151
0.29153,0.19666,0.12896,-0.099626,0.20115,0.25673,-0.46006,0.12317,0.19925,0.41656,0.2256,0.041123,-0.29143,-0.2041,0.10031
0.19462,0.48626,-0.25524,-0.19436,-0.0092131,0.22807,-0.30424,0.12678,-0.058265,0.13717,0.074243,-0.084562,0.49749,-0.43296,-0.15014
0.31316,0.32193,-0.18307,-0.15345,-0.23394,0.26158,-0.18486,0.25204,-0.034917,0.28273,0.087848,-0.14663,-0.3145,-0.44892,-0.14008
0.46072,-0.43631,-0.089083,-0.016187,-0.15959,0.28764,-0.18874,0.21868,-0.19557,0.058711,-0.059329,-0.058641,-0.43333,-0.40854,-0.18046
0.26524,-0.39248,-0.32216,-0.2009,-0.2545,0.22962,-0.26976,0.18146,0.11072,0.17087,0.016808,-0.15929,-0.40299,-0.38362,-0.11864
0.13622,0.29537,-0.24024,-0.15916,-0.2257,0.37086,-0.10947,0.34913,0.080654,0.20224,-0.090872,-0.25268,-0.37325,-0.29267,-0.10756
0.40504,-0.23113,-0.18492,0.037649,-0.041015,0.35539,-0.26334,0.2273,0.0012637,0.1113,-0.058524,-0.46292,0.47644,-0.46535,-0.21677
0.03732,0.063987,-0.021951,-0.42288,0.04979,0.099789,-0.038654,-0.064317,0.028315,-0.41744,0.15711,-0.10088,0.48337,-0.49933,-0.019586
0.40684,0.28908,-0.16442,-0.26118,0.15644,0.20101,-0.10654,-0.29573,-0.32364,-0.36074,0.36177,0.026059,0.38085,-0.44741,-0.18571
0.41293,0.0052134,0.05291,-0.20575,0.084236,-0.074398,-0.070465,-0.17749,-0.19136,0.31883,0.49245,-0.076195,-0.4856,-0.38244,-0.17274
0.19676,-0.070969,-0.0020687,-0.29216,0.19687,0.051775,-0.15526,-0.28694,0.12407,-0.39921,0.36734,-0.19981,-0.45763,-0.4229,-0.18181
0.32895,0.016658,0.038813,-0.18568,0.092115,0.19641,-0.093858,-0.23023,-0.2173,0.14916,0.25707,-0.10939,-0.42217,-0.309,0.052718
-0.080391,0.12002,-0.13481,-0.2479,-0.048426,0.1576,-0.14311,0.44807,0.24063,-0.24448,0.41199,-0.25855,-0.25895,-0.22436,0.022347
0.25678,0.075982,-0.21507,-0.30109,-0.12758,0.16135,-0.025696,-0.13425,0.0081621,0.26652,0.073997,0.24069,-0.27551,-0.2408,-0.14888
0.0028945,0.08145,-0.21214,-0.31839,-0.035393,0.16646,-0.060517,-0.038083,0.087965,0.23227,0.044289,0.14588,-0.29822,-0.14778,-0.16258
-0.021463,0.15154,-0.24325,-0.19852,0.025675,0.17172,0.030826,-0.077551,0.049206,0.21089,-0.0083123,0.21257,-0.36257,-0.1869,-0.20145
0.16638,0.058065,-0.19199,-0.26827,0.02726,0.13888,-0.065184,-0.18789,-0.055875,0.30199,0.033862,0.20187,-0.25076,-0.1184,-0.14986
0.12609,0.023052,-0.16478,-0.16363,0.1194,0.08359,-0.034846,-0.28876,0.0058307,0.25424,0.15556,0.19023,-0.34612,-0.15468,-0.17118
0.23399,-0.035764,-0.18584,-0.19646,0.15819,0.011874,-0.11184,-0.28474,-0.19223,0.24092,0.23877,0.33527,-0.3042,-0.17352,-0.20887
0.23158,-0.037207,-0.044581,0.23751,-0.27783,0.056276,-0.44001,0.32374,-0.46165,0.2143,0.13198,-0.19206,0.039305,-0.48994,-0.2708
-0.41388,-0.25137,-0.2251,0.49537,-0.1415,-0.3945,-0.35449,-0.29187,0.11594,0.48285,-0.49568,-0.1943,-0.47784,0.028682,-0.23699
0.22302,0.16319,-0.18355,0.30585,-0.27943,0.49937,-0.075269,-0.43186,0.31985,0.099322,-0.34351,-0.25912,0.34991,0.41886,-0.1552
0.19124,-0.38903,-0.30767,-0.18103,0.072767,0.4927,-0.23885,0.47568,0.055291,-0.19293,-0.42259,-0.28768,0.44473,0.3079,-0.096828
0.46751,-0.06342,-0.1798,0.47401,0.46839,0.2666,-0.29228,-0.24023,-0.021838,-0.49669,0.050987,-0.14665,-0.45323,-0.39757,0.02452
0.32795,-0.021221,-0.23076,-0.14607,0.2732,0.20865,0.04499,-0.30137,-0.20822,0.38708,0.093483,-0.30707,-0.35772,-0.10054,-0.096452
0.42416,0.055296,-0.32752,-0.14628,0.082351,0.19565,-0.19783,0.24953,0.05359,0.23597,-0.14027,-0.15689,-0.46467,-0.43047,-0.30559
0.048731,-0.10491,-0.4067,-0.35918,-0.33484,0.24174,-0.12232,0.47133,0.18912,0.46287,0.062086,0.31348,-0.39133,-0.21057,-0.10498
0.32768,0.1988,-0.18252,-0.080787,-0.017567,0.29371,-0.10055,0.20924,0.28859,0.15043,-0.35202,-0.40158,0.4945,0.44249,-0.49924
0.042408,-0.2477,-0.0045127,0.11205,-0.17633,-0.30685,-0.23529,-0.10352,-0.31647,-0.040089,-0.12308,0.060584,0.44803,-0.4768,-0.16856
-0.30544,0.35725,-0.15867,-0.018539,0.090972,0.3529,-0.45592,0.48609,0.24503,0.15335,-0.29118,0.47118,0.40914,0.2623,0.48393
0.36529,0.033529,-0.35324,-0.25561,-0.1675,0.20467,-0.14226,0.27736,0.26809,0.30914,-0.22583,-0.11467,-0.43066,0.47154,-0.2448
0.35438,0.21722,0.029254,-0.27711,0.40572,-0.025366,-0.3055,0.26568,-0.10695,-0.33332,-0.48308,-0.12853,-0.39017,-0.37139,-0.014155
0.0097303,0.21725,-0.27174,-0.40406,-0.40649,0.02633,-0.042429,0.31928,-0.30264,-0.48408,0.36531,-0.23032,-0.18136,0.12982,-0.016716
0.082739,-0.22131,0.042458,-0.26404,0.34902,0.25036,-0.17655,0.49625,0.047993,-0.46741,-0.46366,-0.28406,-0.34694,-0.48743,0.040919
0.14968,0.16769,-0.092348,-0.36378,0.22085,0.14384,-0.15845,0.40999,0.014506,0.46852,0.33096,-0.10167,-0.30915,-0.30503,-0.0053052
0.13137,0.48762,-0.21287,-0.21835,-0.40284,-0.0046045,-0.25167,0.40418,-0.29528,-0.38727,0.39282,-0.12818,-0.40052,0.31037,-0.19737
-0.38582,-0.26387,0.15115,0.35454,0.2813,0.24563,-0.19599,-0.46119,0.15526,0.33152,0.40246,-0.066515,0.44106,-0.47749,0.052522
0.21783,0.1315,-0.1567,-0.18115,0.17441,0.0017642,-0.21269,-0.41706,0.26981,0.34295,0.29413,-0.063149,-0.33581,-0.42557,0.08829
0.17213,0.18976,-0.22062,-0.40349,0.023744,-0.037628,-0.20208,-0.3012,0.47942,0.34444,0.18385,-0.15385,-0.26658,-0.18943,0.071307
0.17692,0.16331,0.025838,-0.22716,0.085496,0.036069,-0.14208,-0.27418,-0.0028403,0.40626,0.26996,-0.27724,-0.31311,-0.33743,0.044752
0.33496,0.22481,-0.12322,-0.25581,0.25143,0.059571,-0.19313,-0.24462,0.040293,0.17874,0.24058,0.092444,-0.49097,0.48426,-0.15309
0.34456,0.065727,-0.18108,-0.40351,-0.019365,-0.055825,-0.18961,-0.085563,-0.29482,-0.45292,0.199,-0.022021,-0.22773,-0.1763,0.084111
0.24297,-0.044635,-0.17965,-0.35418,0.15088,0.080616,-0.11351,-0.18834,0.063145,0.40022,0.12312,-0.071211,-0.2745,-0.38598,0.016716
0.22411,0.015903,-0.23435,-0.32607,-0.17313,-0.089083,-0.10186,0.044089,0.23335,0.2176,0.28947,0.073834,-0.36801,-0.11392,-0.041474
0.30397,0.15108,-0.36686,-0.24034,-0.11997,-0.096953,-0.090513,0.045853,0.054215,0.24853,0.16761,0.1319,-0.31045,-0.18902,-0.11248
0.39452,0.093887,-0.27512,-0.23699,-0.022872,-0.090217,-0.1572,-0.047225,-0.12499,0.22291,0.35203,0.21696,-0.33161,-0.1787,-0.19615
0.40784,-0.085421,-0.098442,-0.32207,-0.045236,-0.079323,-0.14108,-0.15033,0.016458,0.24114,0.33751,0.28246,-0.34484,-0.13042,-0.16273
-0.44415,0.30591,0.039785,-0.20682,0.26336,0.0089587,0.49487,0.043363,-0.20367,0.090326,0.47687,0.1215,-0.46863,-0.31383,-0.40854
-0.38051,0.087861,-0.2853,0.37788,-0.30232,0.15249,-0.37746,0.012913,-0.29369,0.45259,-0.4018,-0.40322,0.083857,-0.37212,0.44044
0.24676,-0.069159,0.032607,-0.29422,-0.12143,0.053544,0.12857,-0.22467,0.072654,0.19226,0.042212,0.065693,-0.12132,-0.20675,0.019844
0.2485,-0.12167,0.08512,-0.090893,-0.25139,-0.12941,0.079131,-0.24934,0.078039,0.2689,0.071332,0.067616,-0.10392,-0.19495,0.026776
0.40125,-0.20076,0.088499,-0.087085,-0.1875,0.16177,0.015073,-0.35206,-0.017292,0.23306,0.076295,0.16864,-0.15079,-0.26891,0.027443
0.3687,-0.1494,0.059379,-0.2336,-0.16496,0.061635,-0.0056931,-0.43791,-0.032632,0.3177,0.11211,0.26704,-0.10948,-0.24148,-0.013551
-0.4736,-0.039906,0.08633,0.0087627,0.031489,0.11481,-0.12631,-0.436,-0.11034,0.22724,0.15284,0.14694,-0.26034,-0.36589,-0.1353
0.49997,0.040218,-0.003958,-0.065806,-0.24855,0.10207,-0.10683,-0.022576,0.004225,0.21483,0.0055262,0.15996,-0.33576,-0.41793,-0.15755
-0.44414,0.04705,-0.10342,-0.20889,0.35687,-0.14277,-0.408,-0.014844,-0.21419,0.46253,0.25309,-0.31927,-0.29853,0.02178,-0.18377
0.35742,0.04393,-0.16497,-0.22142,-0.41453,0.16109,-0.18395,-0.37431,0.008867,-0.40001,0.15162,-0.14734,-0.26622,0.099059,-0.31714
0.28835,-0.2153,-0.49304,-0.13832,-0.18323,0.33984,-0.31953,0.055212,-0.11631,0.29471,-0.1218,-0.48521,0.34843,0.11338,-0.30865
-0.49269,0.17608,0.05507,-0.37384,0.18604,0.061089,-0.082952,-0.33911,-0.017538,-0.42504,-0.089012,-0.42821,0.40331,-0.13726,-0.184
0.49125,-0.13198,-0.12645,0.4206,0.28431,-0.15414,-0.14341,0.46317,0.25803,-0.28781,0.0084374,0.05188,-0.26796,-0.25933,-0.083352
-0.38693,0.042145,-0.10697,-0.26406,-0.33764,0.41729,0.39557,0.12349,-0.011136,-0.35325,0.054895,-0.3571,-0.42955,-0.029954,-0.29462
0.17329,0.0017726,-0.40709,0.16016,-0.23245,0.32122,0.032452,-0.2597,0.08364,0.05163,-0.41928,0.064296,-0.2883,0.36244,-0.15676
0.24163,0.083052,-0.35298,0.072542,-0.25859,0.38456,-0.0061769,-0.21461,0.024224,0.038216,0.447,0.071107,-0.27679,0.35277,-0.19778
0.12937,0.13142,-0.42133,0.071987,-0.28339,0.44082,-0.030004,-0.25042,0.052143,0.006106,0.45312,0.066006,-0.2544,0.37468,-0.17815
0.043559,0.14109,-0.47652,0.0030905,-0.22429,0.38485,-0.0050674,-0.43117,0.068513,0.084482,-0.397,0.090467,-0.20931,-0.4946,-0.065022
0.083657,-0.022334,-0.33239,0.089466,-0.047171,0.18943,-0.028069,0.33391,0.020699,0.1681,-0.18402,0.039664,-0.16479,-0.39604,-0.073743
0.036661,0.02467,-0.36853,-0.13977,-0.14794,0.33886,0.068171,0.36033,0.076153,0.11777,-0.22685,-0.064688,-0.14606,-0.31987,-0.025045
0.21369,-0.077142,-0.36829,-0.13368,0.014731,0.12199,0.025496,0.30863,-0.49008,-0.31215,-0.25858,-0.19673,0.17599,-0.25275,0.40296
0.14144,-0.058565,0.30084,-0.1711,-0.32706,0.11014,-0.08867,-0.04949,-0.35599,-0.14714,0.41302,-0.11644,0.090889,-0.3287,0.33154
0.13121,0.15287,0.38842,-0.15057,-0.17662,0.27021,-0.1266,-0.048068,-0.36204,-0.26567,0.28857,-0.20773,-0.02786,-0.40487,0.2588
0.14023,-0.061447,0.22732,-0.12783,-0.24109,0.27598,0.018518,-0.070127,-0.29359,-0.33004,0.24686,-0.18674,0.0030196,-0.44996,0.30508
0.094309,-0.011966,0.092207,-0.080766,0.068367,0.0685,-0.070189,-0.41804,-0.40386,-0.12376,0.46233,-0.16045,0.092465,-0.25592,0.3156
0.1545,-0.076429,-0.44671,0.030918,-0.20897,0.11111,0.047171,0.49613,0.39758,-0.19014,-0.41383,-0.077888,-0.11306,-0.3801,0.36861
0.33388,0.15117,-0.34167,-0.19505,0.074694,-0.073509,-0.11294,0.43975,-0.026997,-0.46128,0.42394,0.0129,-0.18113,-0.059279,-0.087293
0.44121,0.20318,-0.16899,-0.05892,0.029666,0.033403,-0.051997,0.3859,-0.25482,-0.3955,0.3797,0.040723,-0.19497,-0.062536,-0.0035827
0.34472,-0.38963,-0.12492,-0.10323,-0.026626,-0.061251,-0.13238,-0.47152,-0.13564,-0.43868,0.46865,-0.15828,-0.10278,-0.1335,-0.11632
-0.34217,0.26328,-0.079044,-0.040811,0.29567,-0.065493,-0.018923,0.4744,0.2646,0.27206,0.45687,-0.050274,-0.40073,-0.10509,0.12571
0.23047,0.37901,-0.33624,-0.2625,0.07899,0.066248,-0.24106,-0.40646,0.23725,-0.18453,0.32479,-0.0056847,-0.21322,-0.22101,-0.25862
0.38867,0.24675,-0.17089,-0.11661,0.0054637,0.1411,-0.15777,-0.30322,0.068926,-0.43373,0.38915,-0.0092173,-0.3201,-0.24258,-0.14406
0.40063,0.33976,-0.03327,-0.10655,-0.028916,0.16554,-0.045507,-0.20911,-0.11478,0.32558,0.14612,-0.301,-0.26266,-0.39671,0.0032115
0.30109,0.21359,-0.087806,-0.22971,-0.16036,0.24547,-0.083048,-0.029942,-0.037211,0.32411,0.1189,0.068625,-0.31556,-0.27081,-0.041428
0.20833,0.078614,-0.11254,-0.25343,-0.11942,0.051033,-0.081788,-0.03327,0.18264,0.33582,0.14042,-0.03699,-0.3081,-0.31346,-0.068346
0.18639,0.22567,-0.1544,-0.16428,-0.080654,0.043038,-0.079194,-0.028886,0.038813,0.24415,0.22305,-0.13189,-0.19942,-0.42115,-0.12665
0.17198,0.25262,-0.29976,-0.21958,-0.048668,0.045169,-0.098675,-0.16769,-0.05072,0.23502,0.24644,0.066669,-0.11371,-0.27114,-0.059675
-0.08208,-0.33817,0.48826,0.17455,-0.11547,-0.22722,-0.46762,0.49613,-0.32904,0.0091256,0.25689,0.21128,0.43744,-0.4733,0.13546
0.3778,0.20512,-0.20176,-0.14078,-0.049965,0.044498,-0.33285,-0.035188,-0.082918,0.48191,0.27444,0.192,-0.4142,-0.40832,-0.16409
0.15714,0.16583,-0.083043,-0.0022272,-0.07753,0.2761,-0.24029,0.055546,-0.022639,0.40301,0.060284,0.11622,0.36319,-0.31565,0.04089
-0.40845,0.38762,0.14159,0.063967,0.028703,0.22629,0.45076,0.10921,0.31922,-0.44788,0.10642,0.19279,-0.09425,-0.20724,0.41109
0.080424,0.22388,-0.18639,-0.29349,-0.094792,0.22492,-0.18811,0.24344,0.15403,0.40847,-0.067941,-0.11974,-0.47207,-0.28565,-0.0034534
0.40055,0.24855,-0.16009,-0.14864,-0.084703,0.13882,-0.29848,0.12984,-0.098621,0.45415,0.071015,-0.0052301,-0.44407,-0.44241,-0.17424
0.24876,0.29577,-0.13107,-0.22869,0.081763,0.10167,-0.28962,0.14679,0.073155,-0.49664,-0.032415,0.16613,-0.40551,-0.47508,-0.28361
0.36345,0.25315,-0.10358,-0.098467,0.47513,-0.098283,-0.10773,0.142,-0.095948,0.3896,-0.48464,-0.0553,-0.21715,-0.18622,0.033841
0.39357,0.068634,-0.3312,-0.15543,0.29299,-0.00072154,-0.17706,0.25215,-0.036644,0.48434,-0.18817,-0.079623,-0.2491,-0.15898,-0.13119
0.35649,0.17885,-0.22513,-0.14363,0.26882,0.13411,-0.065814,-0.45391,-0.041324,0.27272,0.26105,-0.16215,-0.30246,-0.094642,0.079528
0.099643,0.036978,-0.14608,-0.26324,0.25298,0.092023,-0.13004,0.3907,0.27666,-0.32471,0.41188,-0.12591,-0.35167,-0.049682,-0.14326
0.36269,0.19003,0.036052,-0.24881,0.26757,0.064922,-0.15698,0.43628,-0.2449,0.13504,-0.30697,0.015086,-0.42194,-0.26012,0.014452
0.30819,0.10151,-0.24261,-0.21779,0.20899,0.12656,-0.0075824,0.27248,0.19441,-0.48908,0.26591,-0.033145,-0.40051,-0.15855,-0.0096886
0.29695,0.3767,0.070502,-0.13216,-0.030346,0.26539,-0.44559,0.28373,-0.080524,0.32397,0.033032,-0.033499,-0.47234,-0.20665,-0.11528
0.4348,0.078272,0.14781,0.066519,0.17079,0.37976,-0.46408,0.22845,-0.033495,0.17429,0.040139,-0.0078451,-0.46162,-0.3223,-0.054057
-0.40282,0.34906,0.20303,-0.049615,0.12204,0.42459,0.47846,0.20592,0.01333,0.21356,0.030513,-0.081592,-0.43255,-0.40512,-0.1576
-0.41468,0.30393,0.15194,-0.021571,-0.00098846,0.3073,-0.3665,0.19031,-0.059754,0.21561,-0.019361,-0.19458,-0.42355,-0.31939,-0.11385
-0.41985,0.14122,0.2428,0.010026,0.13715,0.34317,-0.33437,0.15608,-0.25399,0.18905,0.029783,-0.1666,-0.46647,-0.30619,0.0072988
0.39388,0.29515,0.21187,0.011874,0.065631,0.38238,-0.45331,0.19914,0.040239,0.31576,0.012571,-0.21498,-0.45616,-0.2684,0.032135
0.17968,0.12654,-0.19971,-0.1488,-0.22547,0.08912,-0.10967,-0.13426,-0.14364,0.27735,0.11245,-0.025266,-0.18008,-0.11837,0.036177
0.17407,0.38692,-0.20045,-0.22738,0.056609,0.003445,-0.19863,-0.3659,-0.058586,0.1694,0.3052,0.069831,-0.30172,-0.18729,-0.12096
0.20968,0.27723,-0.066815,-0.19489,0.041841,0.1279,-0.39653,0.063045,-0.22905,0.10662,0.1741,-0.021483,-0.16245,-0.13028,0.032248
0.27571,0.09624,-0.055875,-0.10996,0.060321,0.37024,-0.4145,0.18759,0.029475,0.17393,0.16597,-0.19994,-0.21691,-0.082568,0.13177
0.47088,0.322,0.060159,-0.058645,0.29228,0.31645,-0.45187,0.047409,-0.16966,0.1942,0.25222,0.0043834,-0.35155,-0.34883,0.0041082
0.34155,0.30705,0.055333,-0.061944,0.35352,0.24544,0.488,0.060471,-0.17457,0.095739,0.099155,0.022651,-0.30881,-0.25842,0.011999
0.44835,0.065264,0.12415,-0.002173,0.053223,0.3336,0.41117,0.14529,-0.012971,0.19238,-0.089504,0.14942,-0.36039,-0.42575,-0.1996
-0.40931,-0.39917,0.37152,0.19888,0.13746,-0.35586,0.035255,-0.46283,0.12709,-0.012087,-0.11832,0.1003,0.32998,0.34814,-0.4397
0.32889,0.24568,-0.17228,-0.043121,-0.073376,-0.25137,0.32376,-0.40915,0.11858,0.0050007,-0.48763,0.024837,-0.47607,0.49858,-0.29532
-0.11772,0.45538,-0.46803,0.42468,-0.21245,0.18937,-0.010719,0.14233,0.10129,-0.32117,0.086263,-0.12686,0.18234,0.23193,0.26463
0.13243,0.2324,-0.00099681,-0.33253,0.23911,0.35255,0.11845,0.36969,-0.043484,0.33676,0.44202,-0.20193,-0.14368,0.037574,-0.27235
-0.43361,0.0093007,0.18611,0.13941,0.45011,-0.22742,-0.26501,-0.39626,0.011486,-0.1941,-0.12718,-0.062628,0.47087,0.37613,0.35774
0.48381,0.13875,0.031447,-0.06214,-0.39249,0.091322,0.050203,0.049219,-0.10972,0.14096,-0.289,0.19674,-0.37303,-0.46026,-0.14213
0.49882,0.046833,-0.091431,-0.075365,-0.32211,0.22607,0.10273,0.1357,-0.0080662,0.17771,-0.37193,0.22617,-0.37141,0.48409,-0.14295
0.43488,0.048756,-0.018639,-0.045978,-0.32452,0.20608,0.10637,0.17924,-0.030901,0.20186,-0.45353,0.25585,0.47961,0.42217,-0.22555
0.28864,0.046057,-0.13085,-0.11228,-0.29525,0.35995,0.096678,0.19183,-0.038171,0.12125,-0.44691,0.314,-0.47031,0.48127,-0.18829
0.43163,0.0067149,-0.16933,-0.0045628,-0.28045,0.30524,0.11421,0.19268,0.061201,0.076971,-0.49834,0.34547,-0.48023,0.44454,-0.14263
0.419,0.083886,-0.16545,-0.049611,-0.28431,0.35086,0.018735,0.28345,0.025141,0.034876,0.47221,0.19076,-0.45552,0.44492,-0.16896
0.31881,0.30325,0.19054,0.014268,0.03742,-0.31082,0.35889,-0.46414,-0.111,0.37525,-0.45921,0.015423,0.1385,-0.29131,0.013371
-0.37435,-0.48054,-0.21928,0.20997,0.16509,-0.25595,-0.40966,0.34452,-0.1143,-0.37994,0.46733,0.43398,-0.34758,-0.042537,-0.15999
0.39784,0.16957,-0.24541,-0.19888,-0.031656,0.094063,-0.21634,0.38026,-0.0028444,0.078101,-0.018364,0.27219,-0.46214,-0.28348,-0.20671
0.084966,0.091769,-0.33329,-0.32852,-0.029575,0.036381,-0.001856,0.24172,-0.039263,0.10124,-0.024503,0.21021,-0.34144,-0.1054,-0.074402
0.18345,0.067449,-0.23922,-0.33601,-0.11171,-0.036531,0.10823,0.0216,0.029758,0.19996,0.13668,0.32169,-0.28472,-0.14092,-0.12351
0.25491,0.15648,-0.15266,-0.27657,0.044527,-0.1109,0.055154,-0.070106,-0.19217,0.16576,0.22361,0.29135,-0.2657,-0.19838,-0.19299
0.2315,0.26166,-0.20748,-0.36528,0.22592,0.009063,-0.35038,-0.089763,0.11407,0.39641,0.11911,-0.067428,-0.21396,-0.47445,-0.0098888
0.04315,0.076875,-0.194,-0.35537,-0.015953,-0.016504,-0.3775,-0.15682,0.22268,-0.24296,0.37261,-0.060947,-0.33196,-0.38319,0.097299
0.11739,0.040164,-0.11434,-0.22405,-0.032582,0.13513,-0.12408,0.048789,0.25567,0.30633,-0.12252,-0.16656,-0.35635,-0.32492,0.12077
0.37275,0.096319,-0.092603,-0.16405,0.16664,0.010552,-0.16336,0.12848,0.33832,0.1552,0.33546,-0.097825,-0.41298,-0.42449,0.27911
0.27314,-0.032769,-0.20463,-0.31352,0.0018101,0.055508,-0.2181,-0.24475,0.40522,0.44708,0.18493,-0.019073,-0.25477,-0.37527,0.14213
0.098646,0.025433,-0.32524,-0.36208,0.0099097,-0.037649,-0.22899,0.035768,0.40171,-0.48227,0.077171,-0.027322,-0.28027,-0.34751,0.032565
0.38063,0.045152,-0.10928,-0.069989,-0.22044,0.054349,0.06714,-0.34332,0.044364,0.27792,0.064442,0.36613,-0.29384,-0.24157,0.022464
0.29069,0.34369,-0.18902,-0.11885,-0.1974,0.11438,0.033845,-0.29344,0.07363,0.2752,-0.069188,0.24158,-0.21212,-0.18618,0.046904
0.32259,0.14506,-0.11683,0.0083581,-0.1181,0.067249,0.035622,-0.28058,-0.0069901,0.24087,0.033074,0.24027,-0.22784,-0.21208,0.071491
0.29345,0.06669,-0.17944,-0.069572,-0.21332,0.1008,0.083498,-0.31428,0.06176,0.34956,0.041495,0.29692,-0.21249,-0.23953,0.053832
0.39775,0.29226,-0.24639,0.044593,-0.19402,0.079427,0.027694,-0.38143,0.017334,0.20331,0.060968,0.32153,-0.25975,-0.26575,0.038091
-0.31708,-0.49054,-0.31308,0.11758,-0.12943,0.28387,0.11088,0.033979,0.16261,0.20241,-0.09664,-0.49862,-0.15847,-0.21641,0.077117
0.36621,0.25471,-0.2303,-0.020186,-0.087335,0.09898,-0.16139,-0.19761,-0.3982,0.28205,0.3053,0.13235,-0.36259,-0.28443,0.12833
0.2666,0.24662,-0.28182,-0.017221,-0.18502,0.13265,0.042929,-0.068533,-0.18044,0.27601,0.17733,0.029416,-0.42167,-0.32975,-0.061668
0.16295,0.34826,-0.25759,-0.04657,-0.12541,0.14398,-0.0024399,0.043092,-0.14877,0.27715,0.10474,0.029445,-0.35783,-0.34926,-0.062123
0.20803,0.19594,-0.16936,-0.080954,-0.20893,0.18783,-0.077467,0.053148,-0.0026651,0.24008,0.0075907,0.13059,-0.44673,-0.40995,-0.072967
0.19673,0.22049,-0.26843,-0.054174,-0.25741,0.23537,-0.04484,0.009772,0.065197,0.057702,0.043843,0.082693,-0.37595,-0.39232,-0.084495
0.28381,0.30783,-0.22212,-0.12235,-0.25519,0.2265,0.00012929,0.088194,-0.25708,0.10076,0.0088878,0.12623,0.48925,-0.33999,0.049715
0.085855,0.24103,-0.12737,-0.41904,0.14717,0.12098,-0.26295,0.074981,0.29621,0.28088,0.042913,-0.09767,-0.41822,-0.3754,-0.11348
0.29314,0.15936,-0.11291,-0.30489,0.38593,0.1218,-0.34699,-0.0035493,0.092874,0.20216,0.24136,0.00080495,-0.4369,-0.36996,-0.08955
0.23772,0.18173,-0.099476,-0.11135,0.43746,0.20754,-0.22983,0.012896,0.093862,-0.052789,0.048643,0.012842,0.36104,0.31722,-0.15289
0.44777,-0.24918,0.27259,-0.12335,0.46647,-0.026242,-0.054028,0.34179,-0.43091,-0.4877,0.27431,0.094321,-0.38314,-0.35548,-0.064797
0.14179,0.15479,-0.048285,-0.37789,0.11967,0.27014,-0.27976,0.043634,-0.062924,0.15814,0.14851,0.11286,-0.30001,-0.36791,0.028824
0.31982,0.40847,0.021796,-0.17615,0.31434,0.19273,-0.1364,0.2338,0.22059,-0.031285,0.11863,0.0035535,0.37778,0.42729,-0.093825
0.027452,0.036018,-0.28308,-0.055788,-0.32736,0.37422,0.12936,0.37791,0.086872,0.15348,-0.26717,0.19118,-0.23461,-0.40343,-0.083436
0.086463,-0.035301,-0.37921,-0.085104,-0.16559,0.40261,0.22317,0.30198,0.18474,0.18026,-0.28431,0.064859,-0.23633,-0.31053,-0.081125
0.098346,0.11955,-0.32767,0.048168,-0.16098,0.33597,0.18922,0.22912,0.052897,0.16021,-0.19363,0.1725,-0.26007,-0.40846,-0.064367
0.10686,0.14359,-0.3854,0.056088,-0.19241,0.23963,0.12649,0.095468,0.019477,0.22831,-0.082797,0.31027,-0.26898,-0.28031,-0.1178
0.11349,-0.33058,-0.16471,0.015102,-0.24498,0.3028,0.10325,0.11947,0.052635,0.2696,-0.047938,0.28901,-0.19277,-0.28081,-0.022647
0.087106,0.3919,-0.35793,0.0081538,-0.16384,0.28585,-0.032769,-0.043301,0.029975,0.18986,-0.026301,0.2491,-0.33499,-0.3507,-0.12454
0.017692,0.015323,-0.20091,0.083127,-0.17159,0.080629,0.070035,-0.095522,-0.015307,0.24922,-0.011478,0.28827,-0.36334,-0.43711,-0.13539
0.23772,-0.031985,-0.20281,0.043346,-0.32258,0.13451,0.030972,0.026722,-0.010556,0.33857,-0.17085,0.29484,-0.27344,-0.42931,-0.13142
0.22329,0.19591,-0.27747,0.026718,-0.37188,0.21899,0.041978,0.12421,0.058495,0.15113,-0.35856,0.1361,-0.28107,-0.41349,-0.17322
0.17611,0.13972,-0.32536,0.078226,-0.25435,0.30966,0.03028,0.15954,0.023335,0.12884,-0.27501,0.13377,-0.32905,0.42006,-0.18778
0.39951,0.060968,-0.23734,-0.10683,-0.41646,0.26823,0.0054845,0.20875,0.066452,0.15521,-0.24712,0.26197,-0.37532,-0.4984,-0.20797
0.2346,-0.023865,-0.22406,-0.023677,-0.32355,0.20302,0.0068817,0.18536,0.039276,0.27869,-0.11211,0.17381,-0.39632,-0.47488,-0.22669
0.19299,0.19754,0.45832,0.0049882,-0.28787,0.089796,-0.15297,0.47009,0.11371,0.4031,-0.12734,0.07861,-0.30109,-0.29684,-0.24877
0.21493,0.095681,-0.45702,-0.12909,-0.33649,0.15897,0.062753,0.22874,-0.13677,0.12109,-0.033445,-0.1449,-0.44215,-0.30483,-0.15974
0.20643,0.22878,-0.36303,-0.15186,-0.26552,0.18614,-0.027664,0.25107,-0.030776,0.23174,-0.028987,-0.0045461,-0.46178,-0.2347,-0.19845
0.3912,0.38022,-0.21292,-0.14608,-0.15717,0.1112,-0.11039,0.2081,-0.14604,0.14947,0.034396,0.024595,-0.40913,-0.38126,-0.32783
0.25262,0.26215,-0.35689,-0.091172,-0.28256,0.17511,-0.036819,0.30309,0.036506,0.34372,0.090038,0.11839,-0.35796,-0.19753,-0.13082
0.1774,0.16544,-0.45006,-0.036611,-0.24718,0.17089,0.057694,0.17833,0.0035952,0.31988,0.074014,-0.071878,-0.23711,-0.20777,-0.05726
-0.41533,-0.36371,-0.00082163,-0.16991,0.35563,-0.33403,0.20385,-0.021442,0.40396,0.15169,-0.1918,0.46654,-0.41228,-0.32146,-0.12791
0.42957,-0.4761,-0.14419,-0.046483,-0.46537,0.041253,-0.42397,0.37488,-0.14936,0.34422,-0.17043,0.23777,-0.42985,-0.43103,-0.063078
0.27089,0.19992,-0.2894,-0.11775,-0.228,0.14959,-0.14149,0.47596,0.25202,0.32058,-0.21643,0.22411,0.34895,0.40172,-0.34726
0.30726,0.022772,-0.38106,-0.28411,-0.45246,0.32389,-0.11147,-0.44027,0.43411,0.40003,-0.2561,0.13949,0.39086,-0.47478,-0.29549
0.19481,-0.10363,-0.20911,0.4018,0.42936,0.25357,0.045486,-0.20809,0.38845,-0.16901,0.025091,-0.42186,-0.13844,0.23072,-0.087573
0.39219,-0.24687,0.10092,-0.1039,0.32029,0.39679,-0.46645,0.46742,-0.39444,-0.20404,-0.014085,-0.048823,0.24999,-0.35514,0.17621
0.33724,0.30001,-0.23677,-0.36862,-0.067132,0.17178,0.052414,0.21867,-0.43249,0.014289,-0.12947,0.099726,-0.41844,-0.23645,-0.055471
0.3639,0.33341,-0.29354,-0.33254,-0.22403,0.1532,-0.16905,0.15917,0.11105,0.065443,-0.099643,0.063891,-0.42587,-0.30712,-0.19562
0.30205,0.08603,-0.2329,-0.41772,-0.29133,0.13147,-0.047292,0.2081,0.22142,0.19559,-0.039468,0.20089,0.37383,-0.35634,-0.13295
0.41186,0.40362,-0.22552,-0.1964,-0.089683,0.1817,-0.009722,0.20439,0.41903,0.0014723,-0.26666,0.19781,0.47484,-0.32102,-0.15968
0.2421,0.26054,-0.27084,-0.34276,-0.26198,0.19787,-0.1281,0.25042,0.15327,0.13304,-0.10407,0.065989,0.45136,-0.44014,-0.17853
0.44964,0.36768,-0.1619,-0.22879,-0.10929,0.16919,-0.19666,0.44368,-0.00091339,0.026476,-0.11836,-0.051463,0.38861,0.49466,-0.27437
0.25282,0.20213,0.42302,-0.17762,-0.41576,0.24121,0.29939,0.29773,-0.48838,0.28416,0.11539,-0.48059,0.046345,-0.35813,0.46309
0.20383,-0.03372,0.49026,0.44252,0.2425,0.20721,-0.17587,0.33038,-0.45006,0.27426,-0.22885,-0.42987,-0.38027,-0.30343,-0.44182
0.16475,0.23217,0.36232,-0.28753,-0.016149,0.00342,0.48876,-0.20171,0.35092,0.10523,0.1655,-0.48679,0.071261,-0.11847,0.40166
0.32421,-0.3814,-0.35767,-0.32127,0.33876,0.14057,0.35274,0.026768,-0.44964,0.163,0.232,-0.29975,-0.11686,-0.37684,-0.38556
0.020274,-0.46213,0.35674,-0.40067,0.20535,-0.39669,-0.41349,0.25515,-0.0028987,-0.35366,0.38018,0.45522,0.28584,-0.23859,0.35593
0.35884,0.052472,-0.14626,0.21583,0.030822,-0.38904,0.29097,0.23321,0.28583,-0.40812,-0.26119,-0.21444,0.085825,-0.13639,-0.071194
0.45915,0.20787,0.055392,-0.024532,0.3897,-0.045878,-0.32595,0.47918,-0.16108,-0.02281,-0.37406,0.30491,-0.49589,-0.46155,-0.19426
0.11798,-0.045736,-0.05804,-0.32618,0.088232,-0.039267,-0.193,-0.37765,0.007207,-0.36117,0.41778,0.0023857,-0.25669,-0.066982,-0.0055888
0.306,-0.019456,-0.011887,-0.099768,0.28989,0.037503,-0.21142,0.46604,-0.092911,0.3142,0.45529,0.10977,-0.48722,-0.32628,0.0007549
0.09591,0.019698,-0.25132,-0.42582,0.076675,0.052097,-0.29292,-0.27061,0.1413,-0.2366,0.29729,-0.22474,-0.24834,-0.16389,-0.0020228
-0.07969,-0.027527,-0.21975,-0.24229,0.33315,0.12534,-0.10721,-0.37277,0.098588,0.20086,0.48184,-0.13886,-0.3383,-0.15835,0.28568
0.27263,0.068905,-0.13892,-0.35427,0.25781,-0.065576,-0.26562,0.39977,-0.14807,-0.15134,-0.21879,-0.080462,-0.34943,-0.31146,-0.032482
0.016729,0.20428,-0.22934,-0.34733,-0.45456,-0.42659,-0.15677,0.22633,0.20217,0.27602,0.074327,-0.16108,-0.43862,-0.47267,-0.38625
0.15634,0.10195,-0.28122,-0.14681,-0.45848,-0.24209,-0.068767,0.28437,-0.01476,0.27484,-0.14081,-0.21931,0.32893,0.33331,-0.35735
0.22997,0.10831,-0.35953,-0.22008,-0.46836,-0.068588,-0.096986,0.48022,0.27401,0.1858,-0.16853,-0.40359,0.19558,0.22659,-0.35588
0.18913,0.16544,-0.38007,-0.36462,-0.46883,-0.2041,-0.24357,-0.39787,0.49221,0.1213,-0.37306,-0.22629,0.26979,0.16615,-0.42916
0.23906,0.10944,-0.33531,-0.24933,-0.48237,-0.066882,-0.20941,-0.33006,-0.059708,0.20688,-0.33343,-0.24574,0.15901,0.19493,-0.39123
0.27028,0.092878,-0.27995,-0.036494,-0.34113,-0.49952,-0.10387,-0.14739,0.31454,0.35646,0.31016,-0.11862,0.41245,0.40728,-0.45847
0.37486,0.24338,-0.052885,-0.077104,0.306,-0.065968,-0.34424,0.26407,-0.17576,0.42574,-0.24073,-0.073192,0.49438,-0.04876,-0.031564
0.24112,0.10765,-0.15205,-0.082001,0.25366,0.078577,-0.37977,0.27838,-0.039163,-0.29875,-0.38354,-0.38031,-0.26215,0.01418,0.052205
0.17794,0.25627,-0.19194,-0.16326,0.2501,0.23394,-0.21895,0.21191,0.049185,-0.25818,-0.40157,-0.20098,0.4733,-0.2162,0.0943
0.3333,0.12407,-0.068504,-0.010577,0.38147,-0.14389,-0.4159,0.28198,-0.30559,-0.26695,-0.2259,-0.048422,-0.44983,-0.22401,0.064334
0.37514,0.1711,-0.066719,-0.32623,0.18999,-0.039126,-0.01793,0.13947,0.0016099,-0.25014,0.484,-0.34182,-0.14263,-0.013672,-0.0079578
0.34631,0.22655,-0.15315,-0.17565,0.24574,0.26647,-0.22373,0.41905,-0.14229,0.22625,-0.33615,-0.010673,-0.49875,-0.26355,0.11584
0.31519,0.30362,-0.19849,-0.17418,-0.1587,0.14487,0.12327,0.49606,0.045303,0.24331,0.080791,0.13513,-0.31386,-0.17905,0.038955
0.33597,-0.070047,-0.15653,-0.062035,-0.059742,-0.074685,0.088153,-0.45788,0.023798,0.22206,0.22034,0.22172,-0.1712,-0.15903,0.14208
0.123,0.17678,-0.35604,-0.15753,-0.17671,0.054119,0.083135,-0.32357,0.048731,0.24785,0.032694,0.15409,-0.19625,-0.11934,0.18675
0.11283,0.096482,-0.24753,-0.067633,-0.15584,0.12214,-0.0074573,-0.35597,0.043159,0.23434,0.13126,0.17521,-0.26823,-0.14593,0.13411
0.21768,0.28125,-0.22809,-0.16831,-0.14334,0.10963,-0.028845,-0.47805,0.03948,0.23917,0.19246,0.13741,-0.27845,-0.22052,0.026013
0.39589,0.13578,-0.28454,-0.11779,-0.15556,-0.046228,-0.014322,-0.39781,0.099076,0.22919,0.17569,0.23711,-0.12838,-0.12592,0.005326
0.14574,-0.37565,-0.26432,0.39272,-0.25326,-0.034125,-0.13799,0.28359,-0.23443,-0.3062,0.44714,-0.33396,-0.28681,0.11832,-0.061322
0.31885,0.012979,-0.08716,-0.37827,0.31618,0.017997,-0.28585,-0.40517,-0.050908,-0.35837,-0.46282,-0.13717,-0.4769,-0.44512,0.1069
0.31819,0.033136,-0.089992,-0.33961,0.2698,0.15853,-0.21524,-0.45599,-0.00046295,-0.48413,0.49178,-0.16994,-0.47075,-0.44266,0.0054136
0.44422,0.20525,-0.11055,-0.43363,0.29489,-0.16849,-0.27785,-0.31864,0.32967,0.24227,0.47357,-0.22896,0.49335,-0.46839,-0.084524
0.41432,0.16029,-0.099038,-0.33367,0.29328,0.213,-0.26959,-0.4899,-0.39346,-0.22912,0.22089,-0.14993,-0.48684,-0.31858,-0.12744
-0.035747,-0.17469,0.026947,-0.35537,-0.04368,0.15425,-0.21492,-0.38724,0.31237,-0.28946,-0.42344,-0.14849,-0.40866,0.38269,-0.047538
0.35723,-0.050962,-0.43882,-0.44505,-0.3191,-0.15679,-0.20827,-0.37738,0.04675,0.16141,0.45589,-0.25214,0.28591,-0.13685,0.48327
0.31263,-0.057035,-0.27895,-0.24943,-0.054603,-0.29057,0.052726,0.4169,-0.13263,0.10418,-0.38402,-0.18981,-0.40281,0.26106,-0.25631
0.07793,0.17316,-0.3532,0.35846,-0.038191,0.29591,-0.13436,-0.11043,0.34086,-0.14982,-0.16901,-0.21586,-0.16264,-0.22728,-0.19109
0.064717,0.099234,-0.05877,-0.37879,0.36204,0.15788,0.083027,-0.20486,-0.0058432,0.49968,0.16949,-0.07338,0.44425,0.45146,0.06991
0.27097,0.024103,-0.18746,-0.38953,0.18982,0.081763,-0.14027,-0.37663,-0.22147,-0.33274,0.32936,-0.14789,-0.27792,0.016733,0.14487
0.11593,0.15607,-0.10427,-0.35869,0.40331,0.092745,0.015669,0.32732,0.05824,0.32688,-0.47012,-0.16572,-0.41654,-0.19111,0.14169
0.19923,0.44528,-0.22307,0.43255,0.42504,-0.018197,-0.21628,-0.36231,-0.26927,0.31231,0.34646,-0.26778,-0.35073,0.19351,0.035589
0.15683,0.21287,-0.13397,-0.32701,0.29963,0.1368,-0.19414,-0.48712,0.33292,0.43165,0.29973,-0.19063,-0.34442,-0.32422,-0.00055888
0.14418,-0.003762,0.016871,-0.46,0.44042,0.2122,-0.20105,-0.44988,-0.40936,-0.35018,0.45797,-0.089579,-0.3914,-0.23891,-0.051033
0.2218,0.12096,-0.20524,-0.3714,0.38525,0.13369,-0.32542,-0.2512,0.060413,0.49026,0.25524,-0.27512,-0.3652,0.029829,-0.077943
0.0516,0.071128,-0.30241,-0.38075,0.39194,0.29974,-0.060793,-0.37862,-0.22875,-0.30163,0.34419,-0.10012,-0.34006,-0.14588,-0.27686
0.28841,-0.3116,-0.19723,-0.29974,0.36239,0.13809,-0.37015,-0.37364,0.23472,-0.35528,0.38335,-0.045878,-0.15387,0.46347,-0.064062
0.26948,0.030288,-0.034271,-0.18791,0.2942,0.29332,-0.21137,0.42538,-0.39535,0.34098,0.29827,0.10088,-0.26274,-0.46754,0.10524
-0.28664,0.13362,-0.087673,0.022543,0.41774,-0.081776,0.061335,0.2106,-0.28771,0.00026693,0.1315,0.35855,-0.15941,0.04833,-0.41586
0.45662,-0.057944,-0.13717,-0.44281,0.43011,0.39757,-0.26163,0.44363,-0.14567,0.017851,-0.39897,0.33349,0.45688,-0.27394,0.11468
0.43704,0.03752,-0.058874,-0.37671,0.12325,-0.080612,-0.26207,0.4089,-0.2841,-0.314,-0.40615,0.022568,0.47446,-0.14764,0.14457
0.17653,0.23486,-0.1983,-0.40957,0.12084,0.20266,-0.1165,0.28825,-0.076241,-0.34452,0.28732,-0.24331,-0.29367,0.15811,-0.073772
0.15322,0.19795,-0.13354,-0.43429,0.18018,0.046266,-0.1271,0.40583,-0.021884,-0.1321,0.38093,-0.24373,-0.22004,-0.13611,-0.029779
-0.043401,0.20412,0.45788,-0.079803,0.010164,0.03352,-0.043622,-0.33033,0.27944,-0.1318,-0.24738,-0.39924,-0.0026693,-0.17341,-0.48705
-0.00254,0.11532,-0.45423,0.020603,0.055204,-0.13627,-0.17862,0.33157,0.25123,-0.063462,0.1969,-0.17063,-0.045624,-0.058962,-0.4055
0.034655,0.12817,0.48138,-0.068992,0.085955,0.035143,-0.12606,0.24358,-0.47353,-0.24791,0.11263,-0.28715,0.14243,-0.11036,-0.44048
0.41705,0.24324,-0.39702,-0.16375,-0.43448,0.42487,-0.11237,0.16383,-0.43624,-0.016554,0.10358,-0.12117,0.43484,0.090889,-0.40944
-0.33005,0.38215,-0.018843,0.24655,-0.012258,0.26774,-0.25506,0.44186,-0.095134,0.081934,-0.34474,-0.17518,0.4018,0.2362,-0.25885
0.37394,0.11058,0.13542,-0.06191,-0.10608,0.36032,-0.48286,0.47283,0.261,0.23799,-0.16593,0.21444,-0.26069,-0.42079,0.14937
