1418.2,1115.3,1107.4,2262.9,776.83,1190.5,1078.7,3267.4,1237.3,2395.9,1406.4,3017.3,2695.7,1185.1,1134
732.43,631.42,649.92,1639.8,546.1,743.4,541.3,1683.1,602.69,1174.2,779.79,1528.2,1421.3,689.27,591
682.97,638.91,629.95,1591.6,531.37,678.1,448.63,1262.5,605.63,1222.8,794.05,1359.6,1482.4,638.65,610.83
856.41,719.38,711.51,1709.4,588.54,771.26,532.51,1588.1,631.9,1400.8,827.89,1726.5,1791,692.7,692.51
657.33,580.95,622.46,1574.2,551.06,657.04,432.29,1347.5,491.89,965.38,643.23,1404.8,1434,621.85,637.76
3068.6,1995.5,1898.8,3591.5,1454.2,2774,2455,6205.8,1901.4,6788.6,2551,5683.1,4543,2553.7,2898.1
1388.1,2396.2,1451.8,1356.8,719.57,1261,1427.5,1810.8,1435.5,3188.6,1379.8,1858.6,1316.5,1641.9,2287.8
775.69,1172.5,749.42,955.53,576.12,845.85,743.3,1166.3,938.11,1681.6,935.04,1156.1,1077.1,1115.6,1069
2539.4,4387.4,2630.8,2048.6,1020.9,2298,2393.2,3098.7,2346.8,6023.8,1995.4,3274.2,1774.3,2511,3897.4
576.41,758.02,548.09,804.22,503.42,639.28,400.81,832.26,739.44,1096.8,653.02,988.34,857.97,775.6,533.48
855.97,1476.5,847.58,1041.5,568.28,835.47,703.39,1295.4,922.52,1956.8,902.28,1245.4,991.83,967.13,1017.6
3042.2,5246.8,3089,2331.6,1152.1,2640.7,3008,3346.1,2490,7597.1,2511.2,3727.9,1802.6,2988.7,5377.1
803.94,888.77,864.54,1125.5,762.46,862.86,826.41,1402.5,737.97,1707.5,887.3,1846.7,1958.9,1151.3,722.65
919.82,1108.4,865.13,968.1,662.73,809.37,644.92,1858.3,895.42,2417.1,975.59,1978.9,2023,1095.5,866.2
858.9,912.39,875.84,1317.6,724.01,864.62,713.8,1577.6,649.66,1760.4,843.57,1756.1,1933.6,1283,697.32
946.48,936.11,1033.8,1313.1,772.78,938.67,772.13,1565.3,666.81,1673.3,800.06,1894.1,1874.3,1308.6,713.57
640.98,808.67,715.36,1059,629.34,763.07,517.04,1267,559.32,1299.3,657.12,1335.5,1520.3,1112.6,582.68
1241.4,1336.7,995.85,1176.2,767.62,904.5,854.37,2518,1104.8,3939.3,1186.1,2527.9,2103.3,1272.2,1469.3
619.25,667.76,763.35,2233.5,1098.5,977.38,786.25,1101.3,574.65,1181.5,1187.1,1068.2,753.71,808.13,525.1
691.99,802.51,743.81,1822.8,1059.7,824.74,538.49,1102.7,580.68,1307.9,1158.2,1067.5,838.7,819.5,429.46
724.43,916.05,784.01,2109.3,1279.7,803.76,569.25,1042.7,675.74,1409.3,1069.8,1120,1012.8,816.29,422.05
627.5,843.36,710.68,1721.2,1161.4,788.67,527.03,1057.8,703.32,1418.4,1098.1,1190.5,973.14,711.25,439.92
1242.9,1857.5,1143.4,1725,1583.4,984.89,922.67,2054.1,1164.6,2817.5,1463.6,2163.4,1026.4,813.09,678.56
822.52,1200.5,807.37,1523.7,1313.6,780.04,583.78,1343.6,873.14,1877.3,1381,1337,787.56,703.69,562.27
815.95,1345.3,789.77,958.42,593.12,841.99,750.28,1207.9,975.23,1876.7,957.66,1145.3,1156.4,975.03,941.99
613.14,947.58,612.1,832.68,535.08,698.78,481.52,891.12,785.41,1345,754,967.13,1082.5,836.73,657.73
993.19,1666.8,974.14,1072.1,602.9,902.4,833.88,1402.3,1079.9,2254.5,951.68,1351.1,1060.6,1022,1151.4
1810.5,3030.9,1737.1,1625.5,826.93,1628,1592.4,1993.3,1578.5,4145,1543.9,2319.1,1347.7,1730.5,2474.5
1121.3,1918.4,1101.3,1206.1,660,1038.3,1056.6,1424.1,1116.6,2748.6,1081.8,1493.5,1130.5,1139.8,1435.6
1765.2,3063.4,1838,1689.6,853.8,1607.7,1718.2,2291,1567.5,4248.5,1614.3,2273.4,1339.4,1695.6,2582
515.1,591.74,472.15,776.28,571.71,611.53,361.28,635.86,458.94,598.86,552.93,674.87,673.95,684.42,354.39
520.46,526.39,461.8,689.97,578.4,598.4,383.38,618.37,456.88,540.9,550.37,609.02,609.52,612.27,351.99
606.41,603.01,527.29,1121.1,748.41,854.3,768.71,852.47,566.51,588.15,598.35,1033.5,928.49,761.07,520.4
574.23,643.16,537.88,1120,720.5,787.68,593.77,779.89,466.56,573.5,605.61,998.06,789.26,766.97,486.81
622.91,599.23,532.16,1072.1,698.69,825.6,761.82,818.53,470.51,569.05,627.39,1026.4,766.94,798.47,479.97
475.04,482.78,430.03,578.91,520.64,533.61,299.33,552.82,380.12,485.72,533.34,526.86,514.31,556.08,306.3
596.36,664.54,916.79,1119.7,450.72,863.45,523.86,1299.9,525.53,841.85,802.97,1599.3,1807.1,1081.5,495.65
1964.7,2085.8,2454.8,2086.2,815.39,1924,1516.9,5534.2,1608.1,4302.6,2200.4,5229.2,4441.9,2427.6,1532.3
1025.7,1219.2,1489.7,1378.1,554.75,1195,845.56,2820.3,872.26,2194.3,1282.2,2663.6,2516.9,1536.2,884.74
592.36,778.53,1008.6,1524.1,586.97,1329.5,672.88,1265.1,502.77,692.48,818.48,1880.4,1335.7,1243.2,672.58
831.4,908.21,1150.8,1246.1,489.27,960.77,591.75,1696.5,593.72,1109.5,1030,2016.6,2057.4,1074.1,531.37
1084.2,1262.6,1551.5,1418.9,578.88,1242.1,831.68,2651.4,826.49,2077.1,1357.6,2890.2,2806.2,1452,904.98
1070.1,932.91,787.51,1172.3,1213.8,840.99,608.4,696.82,551.8,634.49,730.04,968.51,687.9,520.55,543.76
604.72,547.89,484.49,666.93,809.91,723.42,350.6,480.88,318.84,389.43,510.51,564.71,507.3,446.51,344.06
650.1,537.25,452.35,723.85,773.52,653.24,311.33,492.03,291.68,392.11,450.37,584.57,524.58,420.2,286.43
1105.6,998.5,859.54,1168.7,1384.1,895.67,619.18,757.73,571.98,698.15,809.26,1054.1,792.4,567.14,601.88
2247.3,1642.7,1738.5,2162.2,2003.7,1921.5,1329,1335.5,1048.4,1570.2,1336.1,2259.4,1073.3,1183.4,1520.2
701.25,681.31,527.97,906.07,1148,690.45,387.35,531.87,361.45,445.37,527.8,735.94,659.13,452.82,363.16
2244.6,1676.9,1577.3,1820.7,1778.6,1742.5,1355.6,1405.1,1083.7,1529.2,1418.9,2342.7,1129,1199,1627.1
1248.6,933.16,848.88,1223.6,1373,1044.7,719.45,792.05,609.39,826.62,865.42,1331.1,850.65,729.1,805.16
751.4,754.22,608.12,948.19,1090.7,906.76,559.11,616.46,403.11,522.77,627.46,826.74,680.75,490.73,431.2
762.85,664.43,608.34,837.38,874.47,894.1,545.11,593.52,411.67,592.74,722.33,751.79,608.77,542.73,504.08
677.52,515.55,553.91,686.98,703.33,794.84,443.2,537.28,320.08,501.32,701.57,631.45,571.83,499.96,386.64
708.22,563.06,566.1,812.94,784.98,825.36,467.23,555.13,350.13,525.14,630.41,735.82,617.96,512.84,407.99
3116.6,2578.7,2798.2,2684.7,1779.8,2734.8,2365.7,2159,1785.2,3693.5,1952.3,3284.2,1384.6,2475.3,4107.5
631.17,633.78,501.09,836.7,769.24,671.72,375.9,601.71,403.45,523.87,543.12,684.99,672.42,651.25,407.05
2794.5,2332,2393.1,2431.3,1552.1,2485.4,2001.9,1868.1,1473.6,2954.3,1529.5,2615.3,1327.9,2146.6,3488.6
2449.8,1962.2,2044.1,2120.3,1333,2059.8,1699.4,1604.2,1237.8,2353.3,1459.9,2231.4,1186.7,1780.7,2591.8
1230.5,1209.3,937.03,1392.1,1107.4,859.97,701.72,996.54,791.78,1142.3,787.87,1389.6,951.43,901.33,946.42
1927.5,1809.1,1784.7,1978.1,1280.1,1755.1,1607,1400.5,1108.7,2231.8,1245.3,1921.9,1092.8,1701.8,2547
649.71,610.2,535.17,947.98,732.58,869.29,511.88,691.81,408.6,604.22,713.92,858.64,776.65,782.78,491.33
632.94,615.18,472.83,720.92,738.14,755.89,401.21,579.52,383.18,518.21,650.87,633.21,640.16,657.55,423.68
2221.3,2190.5,1728.7,2228,1417.5,1517.8,1756.7,1681.5,1342.7,2562.5,1241.7,2422.9,1184.9,1059.6,1599.3
4414.4,3479.4,3521.9,3636.2,2002.4,3092.2,3283.7,2695.1,2312.7,5424.8,2275.6,4357.5,1727,2090.8,4082
3490.1,2928.7,2380.9,2962.6,1708.6,1920.1,1985,2235.4,1796,3810,1843.9,3625.3,1493.4,1850.5,3303.4
4689.3,3647.7,3820.7,3895,2172.4,3711.7,3222.1,2959.8,2312.4,5113,2421.5,4601.6,1790.7,2855.6,5361
1307.3,1379.7,903.39,1072.3,855.06,976.76,739.54,1467.3,1392,1509.5,1044.8,1391.1,1298.1,1143.4,1444.2
826.85,986.93,574.95,870.58,661.76,615.1,413.91,850.93,730.93,827.99,739.95,770.4,809.61,614.35,431.72
713.19,628.3,477.42,703.82,641.21,625.51,415.17,675.45,648.49,751.12,675.39,759.94,863.4,619.79,437.74
864.28,953.53,588.39,969.34,688.62,687.18,456.05,893.04,801.49,784.95,763.29,782.18,859.7,627.3,446.03
578.66,597.78,529.06,696.62,703.08,703.66,400.8,625.7,652.29,941.87,812.6,614.87,755.67,654.18,425.99
528.5,592.26,628.48,704.19,630.52,746.51,428.45,617.38,650.36,1060.8,918.65,593.99,731.38,664.5,443.24
967.09,804.35,897.88,1205.7,1637.1,2181.9,2544.3,655.87,410.61,632.99,915.05,1153,964.38,1157.6,1068
1091.2,871.95,1275,1025.6,1530,2182.8,2376.1,814.84,633.8,1049.1,1021.1,1317,962.63,1226.1,1057.8
1283.4,1231,1219,1191.7,3105,2981.7,4502,1402.8,532.36,941.39,1279.6,1772.9,1196.6,1891.3,1769.3
723.71,623.88,649.68,779.98,1041.7,1232.4,1534.3,496.38,283.38,497.48,873.01,727.82,638.51,730.35,755.11
678.29,631.03,648.3,730.8,1114.7,1282.2,1400.3,515.6,317.39,455.84,731.86,705.49,627.71,701.12,663.27
2313.3,1838,1895.5,2191.2,2194.5,1879.9,2331.9,1370.8,1196.3,1479.3,1366.3,2314.2,1204.3,905.24,1235.5
567.65,699.98,496.58,868.2,648.07,625.91,407.6,798.64,563.57,763.57,732.22,824.47,876.36,654.67,395.76
3294.8,4098.6,3018.9,2828.2,1340.5,1515.4,1531.3,2676.2,2203.9,3780.8,1569.7,2833.9,1463.2,1693.3,2681
652.92,903.56,522.89,901.47,696.42,652.85,407.18,857.89,595.83,784.96,736.1,879.5,937.79,659.34,457.51
1429.3,1921.1,1317.5,1517.6,939.16,854.96,749.16,1567.5,1221.8,1666.2,981.58,1609.8,1179.6,1111.5,1251.3
1657.7,1867.7,1674.8,1499,1021.6,1270,936.48,1692.8,1311.6,1864.5,988.13,1698.5,1222.9,1312.3,1469.2
942.16,1159.7,830.47,1139.4,926.15,838.05,626.55,1060.6,741.86,938.02,708.98,1117.4,1056.3,787.05,655.55
789.45,863.59,906.37,863.46,1147.6,1592.2,1974,977.38,369.81,817.09,1335.4,1357.8,1436.6,1487.5,1245.5
655.75,759.07,829.44,868.28,889.45,1301.6,1421.5,996.12,385.5,910.84,1427.3,1217.6,1455.2,1422.4,1102.6
680.96,830.63,1097.7,958.28,785.26,1159.3,1129.3,1138.3,556.43,1073.5,1272.8,1449.7,1561.8,1348,1117.9
1500.6,3157.4,6305.9,1745.7,1172,2106.3,1288.6,1611.7,1443.6,2478.3,3305.9,7564.9,4927.9,3447.6,4669
933.55,1331.2,942.15,1404.4,786.33,1076.2,832.25,2100.5,722.17,1901.4,1593.5,1960.3,2038.3,1348.4,1137
2219.9,2048.7,1548.7,1796.6,1111.3,1627.7,1703.5,4526.3,1432,5131.3,2529.5,4614.4,3118.1,1833.5,2971.5
1083.6,849.44,895.64,1059,1068.3,1182,810.99,799.95,560.09,816.82,792.55,1064.8,678.14,847.06,1011
660.12,539.9,460.32,942.08,848.54,747.39,403.37,541.91,347.36,397.04,432.73,744.26,647.7,489.19,341.99
634.16,521.01,443.21,886.87,780.66,739.44,395.45,545.06,340.16,386.17,436.81,719.57,613.3,489.25,339.24
685.2,609.62,511.34,990.18,844.89,832.36,521.8,618,360.61,449.87,482.18,901.77,756.27,551.53,443.19
676.17,642.95,514.12,1047.8,878.21,841.42,567.23,658.59,377.17,452.82,498.74,950,826.24,559.56,472.39
713.04,600.23,527.42,1018.6,874.37,821.78,546.37,644.05,372.22,472.63,507.02,926.37,799.66,553.38,449.27
2009.4,2223.2,1977.8,1942.6,1186.4,1579.6,1276.1,1977.7,1634.7,2625.4,1300.1,2074,1215.4,1678.4,2194.7
1949.5,1830.2,1749.9,1672,1176,1517.1,1244.4,1598.5,1312.9,2173.6,1176.8,1799.3,1110.8,1485.7,1982.8
623.65,654.36,436.77,737.07,703.58,566.89,333.54,756.23,553.33,582.51,547.67,760.14,822,646.95,352.73
2568.8,2810.6,2637.6,2167,1267.1,1680.9,1494.3,2382.7,1940.3,3180.9,1423.6,2580.9,1412.8,1769.9,2454.5
4117.9,3919,4377.8,3005.9,1829.1,3262.4,2720.4,3144.6,2587.7,4961.6,2189.7,3576.1,1759.4,2945,4384.6
1430.4,1633,1432.1,1306.8,974.39,1151.8,973.12,1555.2,1220.2,1744.4,998.77,1565,1193,1330.1,1463.3
1610.2,3170.3,3277.5,1649.7,2120.2,5523.7,12251,895.01,646.2,1403.3,1656.3,1675.2,2656.6,3478,6459.4
1688.3,3258,3435.1,1719.2,2011.1,5644.3,12264,820.08,719.08,1391.6,1621.5,1680.1,2801.4,3711.1,7019.7
1175.7,1851.5,1689.6,1265.4,1049.4,2482.9,4375,1124.8,880.9,1487.3,1225.4,1296.9,1552.8,1721.6,2686
1215.7,2388,1155.8,1315.9,701.53,976.23,843.91,1766.5,1301.8,2873.5,1236.6,1659.6,1096.7,1037.4,1209.8
1251.5,2256.2,1456.1,1415.7,873.91,1823.1,2508.2,1637.3,1183.8,3276.3,1417.7,1816,1271.5,1510.8,2014.3
1264.6,1675.7,1655.9,1495.6,1612.9,3727,6366.1,999.49,678.62,1566.3,1312.4,1451.3,1850.5,2437.6,2913
881.51,861.92,636.08,940.3,883.41,867.06,540.08,855.5,529.4,851.36,603.7,972.9,863.5,736.28,652.03
586.76,560.53,449.89,788.87,682.6,647.13,354.6,702.63,399.38,591.07,552.82,712.14,769.78,656.03,384.8
683.5,810.55,503.01,921.51,707.33,613.19,379.15,825.03,507.87,640.42,567.59,880.97,774.68,654.02,380.65
2692.3,2971.3,2329.1,2517.4,1343.8,1513.6,1470.4,2151.7,1789.1,3152.1,1437.4,2561.6,1422.3,1417.8,2163.3
1035.2,1061.3,792.44,1108.2,915.33,766.38,586.15,1084,804.52,1173.4,765.71,1143.6,959.73,974.81,1036.5
608.83,571.5,523.26,1131.1,697.54,806.64,640.01,833.71,433.1,639.44,644.2,902.71,774.87,787.65,498.62
673.47,694.59,834.21,3394.1,694.63,916.03,609.56,1737.4,625.93,1272.5,872.26,1977.4,2133.8,1329.6,798.98
692.19,697.48,823.05,2468.5,650.1,818.59,538.84,1490.7,605.37,1245,914.54,1504.1,1753.7,1244.7,772.36
830.26,745.79,898.02,2966.7,674.19,879.88,605.66,1599.7,631.73,1316,965.44,1621.4,1716.9,1243.7,905.96
986.56,744.97,1018.8,2174.6,678.5,1000.1,654.86,1498.1,653.21,1314.2,1123.9,1655.1,1818.5,1362.6,1008.6
605.94,609.69,750.69,1638.3,554.05,958.27,476.2,1262.7,556.23,868.85,707.42,1236,1452,1325.5,795.76
892.8,779.28,984.47,2183.8,679.79,1041.7,637.59,1499.1,650.26,1255.5,1110,1594.1,1831.6,1303.8,913.08
1588.4,1516.3,1115.5,1572.4,1171.1,1017.6,967.98,2867.3,1311.6,4635.5,1290.7,2997.8,2553.1,1311.9,1638.2
733.71,791.13,792.2,1397.9,920.91,835.99,628.74,1430.8,631.41,1657.6,802.06,1422.8,1787.8,1151,749.54
721.1,735.08,751.76,1510.9,896.35,851.96,637.34,1400.6,551.52,1311.5,704.12,1295.2,1620,1145.2,584.97
813.14,1003.3,794.46,1154.8,867.75,711.99,552.07,1494,802.41,1877.4,811.1,1577.2,1814.8,891.73,642.18
1982.1,1848,1372.7,1742.2,1339.2,1342.1,1384.4,3467.9,1551.4,5890.7,1475.3,3758.3,2793.8,1440.3,2004.9
805.21,963.06,786.12,1171.8,1054.8,787.51,567.6,1444.6,744.7,1867.8,746.08,1765.3,2038.1,1119,825.33
575.61,492.63,471.51,687.77,687.51,648.98,306.99,504.79,291.54,375.9,434.79,575.53,542.31,407.12,296.27
623.26,531.33,481.29,820.07,692.01,675.14,351.72,539.14,305.96,421.78,466.46,690.03,580.53,435.94,313.49
670.48,617.87,488.12,925.6,743.8,746.91,442.7,582.16,326.54,427.39,456.61,804.16,630.67,490.41,375.76
613.3,523.88,457.77,777.12,725.35,661.65,343.55,497,305.07,396.84,430.74,667.13,556.88,421.3,315.92
624.3,574.45,477.76,821.11,736.41,716.8,383.48,525.81,298.36,405.35,467.99,763.95,596.14,459.37,347.51
632.98,598.13,504.35,851.98,797.9,749.87,461.79,543.64,316,418.65,471.49,781.18,629.33,490.61,395.38
712.24,684.46,522.5,855.63,1205.2,717.08,388.16,547.97,345.09,431.89,523.75,764.48,716.15,455.24,361.18
1031.6,913.36,843.15,975.73,1113.9,972.62,772.94,730.01,554.59,753.08,754.94,1032.8,692.67,625.28,714.6
2677.9,1870.7,2140.3,2181.8,1987.2,2154.2,1774.4,1581.1,1393.5,1940.7,1755.6,2753.5,1237.2,1489.5,2065.9
2908.9,1974,2115.2,2211.3,2091.7,2366.1,1786.4,1566.9,1318.1,1911.3,1788.8,2851.5,1241.4,1561.3,2197.2
1375.9,1118.5,1017,1268,1417.3,1296,955.92,897.18,703.14,887.04,952.94,1486.4,861.04,758.65,894.33
628.22,587.75,493.71,738.83,999.09,730.94,359.33,504.75,318.64,402.4,485.3,666.29,597.48,416.48,346.65
675.61,750.64,554.71,928.27,745.19,692.52,388.67,632.15,367.35,500.76,537.41,765.73,636.99,586.84,397.82
1253.8,1180.8,890.52,1255.6,1168.9,781.5,586.31,990.09,715.5,875.22,814.81,1250.5,845.15,672.82,623.93
2529.1,2018.6,2139.1,1963,1622.2,1729.7,1516.6,1659.4,1258.7,1919.3,1354.4,2382.5,1101.8,1077.7,1491.5
642.62,670.85,538.88,851.11,996.32,655.56,378.8,574.37,397.45,518.55,556.71,749.59,664.05,570.91,383.62
761.19,793.36,631.45,951.73,792.33,774.94,510.67,736.83,431.31,588.76,614.06,828.6,642.86,614.82,466.13
686.23,683.77,563.49,998.23,735.58,773.25,442.29,700.4,396.07,517.71,520.3,805.5,705.1,656.8,443.34
1934.8,1943,2537.1,1948.3,916.46,1778.8,1547.4,5073.4,1593.1,5313.4,3179.1,4363.7,3644.1,2077.4,1794.9
1386.9,1341.5,1773.8,1574.8,729.23,1421.2,1016.5,3203.1,1131.1,3189.2,2247.1,3019,2969.5,2005.2,1294.3
880.06,844.34,1190.8,1225.9,553.6,838.58,658.27,1783.9,632.25,1245.1,1185.6,1683.5,2128.4,1106.1,576.12
1485.3,1461.8,1799.4,1559,707.21,1259.3,990.07,3694.4,1324.7,3280.7,2236.5,3565.9,3659.4,1691.6,1233.1
1372.3,1301.2,1640.5,1497.4,714.52,1630.6,1102.8,2922.7,1133.2,2675.7,2336,3056.5,3510.7,2422,1509.7
696.67,743,934.85,1057.3,481.32,841.16,568.5,1525.4,592.18,1175.5,1178.9,1452.5,1939.8,1139.8,622.61
536.37,576.77,529.24,659.94,388.9,764.07,390.65,783.6,545.66,934.17,784.39,694.3,596.93,772.86,454.8
629.72,913.2,638.95,749.35,451.03,768.68,523.14,1017.7,779.87,1317.1,865.76,843.09,733.16,807.72,562.44
894.52,1595.6,884.16,1044,559.17,813.64,626.05,1405.2,954.47,1792.7,1015.1,1289.6,901.44,850.39,736.17
1264.8,2095.7,1234.9,1196.3,637.89,1169.7,1252.8,1676.5,1148.3,3282.1,1434,1729.4,988.19,1250.5,1525.2
580.81,639.07,611.45,743.46,435.88,890.67,589.07,764.77,566.57,1220.8,1045,754.13,670.62,932.2,575.93
553.98,582.85,555.51,695.57,391.52,844.34,462.34,751.45,565.35,1031.5,800.96,708.08,642.29,857,479.38
526.07,589.12,435.41,754.33,574.98,537.11,360.43,635.08,494.52,671.74,664.46,646.57,698.98,563.42,425.71
557.42,518.86,463.73,757.16,573.47,617.74,391.47,613.31,520.28,733.2,723.22,648.28,685.4,627.41,461.17
532.8,477.18,473.6,725.69,543.6,682.43,398.9,606.78,617.93,809.87,781.23,616.61,653.01,637.7,534.4
499.49,493.04,427.16,664.59,565.35,576.53,345.77,580.33,515.81,734.25,680.53,574.97,724.06,577.12,429.27
1748.6,2253.5,1660.9,1912.8,1103.2,1217.8,1078.5,1726.3,1411.3,2233.7,1136.2,1815.5,1352.6,1020.1,1438.7
890.65,1369.8,698.57,1250.3,772.94,717.19,482.69,1159.2,867.93,1020.3,746.63,1088.4,943.87,776.64,710.55
3853.4,2520.2,2842.4,3230.7,2597.4,2334.5,2162.6,1990.7,1766.1,2833.8,2098.9,3900.1,1482.8,1853.8,2729.2
1596.5,1316.9,1161.9,1632.6,1497.6,1207.1,976.17,1019.9,783.01,1077.1,1066,1614.5,853.12,839.32,1054.2
721.44,740.74,608.25,1028.1,1219.9,729.85,457.63,562.8,397.02,556.25,642.2,796.77,676.16,491.71,432.61
1038.9,862.14,744.78,1084.1,1105.4,877.54,677.81,727.82,532.68,732.69,799.75,979.29,700.71,620.45,700.28
1604.9,1321.8,1247.5,1359.2,1308.1,1213,1109.1,1046.1,879.83,1204,1066.6,1660,923.55,849.46,1087.8
1418.3,1109.3,1062.5,1371.4,1425.8,1047.9,892.76,939.7,762.96,1040,1009.9,1493.2,897.96,796.5,955.41
1138.2,1201.1,2272.9,2775.3,885.46,2039.6,1447.1,4097.6,1731.5,2294,1269.3,3867.9,2202.4,2084.2,1337.8
1375.8,1434.9,2875,3191.6,1112.8,2775.2,1936.7,4665.7,2212.8,3640.2,1931.8,4898.7,2995.7,3086.3,1953.1
834.66,797.5,1507.3,2384.3,756.71,1768.9,996,2749.4,1071.7,1360.2,872.78,2728.5,1841.4,1929.8,1094.7
515.4,609.24,1145,1470.8,491.6,1143.9,658.19,2003.5,808.28,973.16,740.89,1488.8,1091.3,1351.2,794.25
1120.5,1230.3,2161.5,2467.9,815.73,1939.8,1247.3,3911,1718,2386.8,1303.4,3754.1,2370.4,2400.1,1478.5
962.67,943.79,1940.5,2155,655.21,1622.4,1040.6,2852.2,1126,1756.1,1103.3,2997,1772.1,2333.8,1606.9
635.72,992.92,1374.7,1143.4,567.51,1127.2,631.99,1899.7,669.67,1310.8,715.84,1370.7,1194.2,1306.8,487.71
672.2,858.18,1163,1092.6,449.51,1048.1,615.1,1786.3,655.74,1358.9,892.54,1091.9,874.59,1322.6,444.54
620.06,746.68,1153.1,930.27,408.95,1071.7,645.09,1396,554.54,1233.6,842.88,729.24,711.38,1192.5,395.05
531.77,731.84,1095.7,962.21,414.57,1035.8,576.89,1399.6,704.58,919.63,796.04,911.45,737.46,1223.6,389.97
565.64,789.23,1092.8,1042.5,428.08,1016.9,574.09,1470.9,639.27,968.9,840.34,1034.1,838.22,1185.7,413.01
562.67,718.44,969.01,1348.2,479.03,962.05,536.47,1516.5,553.65,711.5,727.14,1243.4,816.19,1132.2,352.63
686.56,990.53,733.57,1602,1024.2,734.19,464.23,1363.1,862.15,1507,678.94,1224.2,931.11,778.76,470.03
2022.3,2846.3,2201.1,2488.1,1712.6,1836.7,2130.7,3610.8,2043,7271.8,1867.9,3930.9,1647.3,2072.9,2804.9
787.72,1111.1,794.04,1756.9,1173.4,871.11,659.53,1392.8,921.69,1756.9,866.78,1318.5,1135.5,978.13,691.73
796.98,1157.6,791.27,1722.6,1156,855.4,600.56,1534.3,930.27,1789,876.12,1414.4,1153.2,1018.7,754.73
662.84,924.05,717.08,1648.6,1078.1,729.06,497.02,1301.8,863.44,1473.1,745.64,1287.6,953.08,846.56,564.45
595.26,740.26,713.48,1612.1,1021.1,676.03,410.72,1129.9,722.59,1054.4,606.75,1047.9,855.16,741.2,402.62
4483.4,2746.7,3200,3040,2458.9,3251.6,2482.3,2350.8,1833.7,3175.7,2059.9,3909.2,1472.6,2242.9,3246.9
652.26,678.76,533.08,872.14,1054.7,722.33,393.55,558.43,380.21,494.64,539.54,709.26,674.46,556.46,418.69
717.65,685.02,571.15,990.92,886.77,988.86,621.04,659.02,395.96,586.33,733.41,752.33,644.01,681.53,562.26
718.25,598.1,581.5,1103.2,822.94,1034.4,612.2,731.57,368.06,593.66,784.95,835.96,658.61,704.68,545.16
860.9,718.06,655.43,1212.9,923.69,1006.5,792.6,845.95,446.13,574.54,733.81,1264.9,918.42,847.79,701.97
740,639.23,620.81,1014.8,818.8,919.38,621.62,719.53,397.8,575.41,714.76,1024.5,843.95,740.52,576.05
1428.5,995.12,1085.3,1076.9,2422.8,2911.7,4465.6,759.95,447.82,786.2,1112.8,1374.9,1221.2,2006.4,1709.4
1373.4,986.83,1028.3,977.35,2357.8,3006,4603,632.06,363.34,632.67,1064,1271.4,1172,2114.5,1711.6
1298.7,964.1,1000.1,917.15,2158.6,2912.1,4468.7,581.77,335.76,558.71,1022.6,1163,1104.7,1991.7,1673
1238.6,960.11,1020.4,914.03,2316.4,3022.3,4423.8,653.56,376.3,579.11,990.03,1258.4,1094.4,2006.4,1567.7
991.92,808.21,793.59,880.17,1567.6,2105.5,2826.6,510.26,316.22,499.94,809.67,945.2,929.9,1414.9,1166.9
842.81,745.72,778.63,918.1,1134.9,1678,2103.2,545.87,321.79,554.91,844.45,796.75,763.73,1130.9,1040.8
1555.5,1271.5,1044.4,1529.1,1458.3,993.83,784.97,1108.4,828.51,1107.2,925.91,1698,932.62,875.01,900.89
1575.9,1317.1,1296.2,1622.4,1333.7,1302.3,1097.2,1103,785.86,1301.1,1053.9,1724.3,862.78,1138.1,1473.9
670.88,586.24,609.46,876.01,778.04,838.78,476.11,598.41,372.63,618.95,753.47,675.77,604.82,640.73,447.65
748.24,614.65,603.26,1107.7,802.67,906.72,618.89,720.19,415.79,626.37,746.39,1019.6,780.09,704.11,534.42
800.13,655.18,647.45,1263.7,846.67,943.99,798.95,846.13,433.85,574.96,749.66,1263.7,876.75,784.58,636.54
843.29,642.52,680.41,1244.6,908.15,988.5,990.33,908.88,448.81,557.13,700.16,1285.8,940.47,758.62,624.18
2784.7,2667.3,2712.4,2515.3,1403.2,1581.1,1633.4,2046.2,1681.1,2676.2,1362.8,2651.6,1234.9,1197.3,1770.6
841.67,963.45,632.11,993.5,802.64,643.94,401.9,774.44,579.27,684.59,584.38,886.34,724.41,643.17,453.89
1002,1139.7,732.12,1182.9,966.65,700.22,478.38,896.21,670.59,841.78,673.67,1081.1,840.72,771.96,562.56
605.23,614.15,457.97,754.1,758.91,587.81,316.48,556.87,380.03,516.05,497.59,680.41,653.75,745.65,360.03
1796.6,1814.4,1898.6,1830.2,1172,1495.6,1266.2,1349.8,1195.4,2141.7,1128.9,1746.1,949.24,1167.4,1574.6
1869.1,1856.1,1845.6,1759.7,1159.8,1358.6,1081.6,1385.9,1181.7,1883.9,1069.8,1853,985.87,1167,1431.4
906.84,967.03,808.15,1052,904.53,834.74,747.3,858.66,626.11,918.22,759.75,1005.9,759.71,812.01,942.26
1036.8,1063.6,841.35,1087.8,1075.2,874.22,759.93,909.03,686.28,942.19,878.12,1107.2,814.13,834.26,1015.5
572.07,619.75,482.93,814.41,865.14,604.18,356.19,533.3,360.18,475.56,501.76,663.61,646.87,549.74,372.14
1160.5,1141.7,1006.6,1118.1,982.01,944.39,902.03,969.44,714.23,1234.3,866.59,1216.8,793.31,953.99,1253.4
2707.5,2176.3,2549.6,2043.7,1584.2,2043.5,2229.7,1935.2,1479.3,2752.6,1773.5,2665.8,1226.9,1896.9,3158
2040.9,1704.2,1572.4,1591.1,1348.8,1340.3,1276.2,1557.3,1049.2,1686.8,1214.6,2023.7,974.01,1304.2,1823.6
1984.9,2835.8,1934.1,2092.3,1074.1,1674.6,1907.1,2181.1,1813.8,4708.3,1654.9,2052.9,1072.9,1529.9,2230.2
718.33,1080,708.15,1507.6,765.5,870.39,676.16,1144.2,799.02,1197.1,948.45,972.21,767.58,961.63,663.57
610.73,805.44,629.38,1758.9,763.31,908.56,730.03,1038.7,634.04,937.74,955.94,1036.4,791.91,1035.8,683.75
623.5,762.97,594.13,1262.8,686.88,787.28,542.12,858.29,638.77,1013.4,875.94,794.59,727.52,892.91,460.73
1134.5,1746.5,1010.1,1446.9,821.44,965.07,924.98,1440.5,1102.1,2191,1072.7,1145.3,823.42,859.2,925.09
3160.2,4727,2835.8,3220.8,1562.7,2681.7,3054.3,3259.1,2695.4,7195.1,2342.2,3013.2,1497.8,2189.6,3777.9
1231.7,1005.3,869.29,997.76,1081.4,1031.6,1009.8,846.41,683.97,760.58,799.55,1198.1,772.48,890.39,958.39
2939.4,2116.5,2228.8,2190.9,2025.9,2202.9,2301.5,1727,1442.5,2073.2,1758.6,2823,1236.4,1906.9,2447.6
1940.5,1439.3,1433.2,1574.4,1578,1867.7,1625.9,1204,939.48,1302.7,1203.3,1797.9,981.4,1367.6,1669.5
1910.6,1445.5,1367.6,1355.2,1517.8,1833.2,1608,1243.3,963.18,1246.5,1244.6,1744.7,1010.2,1451.4,1762.5
720.67,660.02,525.36,833.86,1141.7,782.78,493.6,552.93,360.71,477.35,559.41,779.09,645.27,559.71,466.06
689.19,612.41,501.93,683.63,886.29,707.45,458.94,572.84,350.6,441.35,487.2,674.48,604.81,565.52,453.53
1023.4,1155.9,1208.7,1915.7,2104.2,2545.8,3844.9,1136.5,608.92,1155.4,1257.9,1331.4,1349.8,1808.2,1654.2
894.91,933.26,986.34,1991.8,1557.4,1605.5,2065.2,1103.6,581.31,1182.2,1390.2,1190.5,1031.4,1299.1,1122.6
831.71,867,911.42,1663.3,1493.5,1481.5,1768.2,1121.5,623.6,1299.4,1332.7,1087,939.61,1141.8,934.58
898.85,914.24,956.56,1782.3,1561.1,1406.4,1659.6,1162.8,655.89,1535.2,1308.1,1205.9,1018.7,1167.1,900.7
690.42,719.19,772.83,1507.2,1233.7,846.65,616.71,1041.6,601.16,1323.6,1254.4,968.2,766.19,843.18,505.49
688.25,729.29,735.36,1279.7,1246.8,842.48,590.31,1037.8,573.7,1224.6,1214.7,950.08,732.63,830.04,473.6
744.25,645.72,568.14,953.31,856.6,901.43,637.73,718.96,411.5,614.74,712.33,1054.5,812.79,640.72,481.92
758.59,727.23,667.91,1027.8,1314.5,1206.1,1056.1,906.19,471.34,697.66,770.38,1368.2,981.59,728.19,516.04
664.91,561.41,567.57,706.64,1017.9,898.82,733.63,658.95,377.55,570.96,742.55,872.03,636.76,607.74,441.39
683.91,563.16,590.8,1034.2,1078,1083.3,869.34,736.91,387.07,608.52,757.64,979.82,671.84,666.11,511.83
616.13,546.7,526.15,795.62,735.21,750.27,476.9,570.48,342.79,509.2,672.99,711.4,569.85,543.23,378.5
773.37,769.19,626.79,867.39,834.29,720.19,495.69,643.78,479.9,671.9,796.25,837.57,671.51,511.14,442.99
881.15,1300.7,914.86,1558.1,1355.4,822.62,602.21,1315.7,868.91,1968.4,1350.6,1438.6,968.89,817.95,600.61
1980.8,3100.6,1738,2329.8,1776.6,1974.1,2239.7,2981.4,1709.9,6971.4,2749.7,3842.2,1364.6,2113.2,2854.1
1005.2,1381.3,958.76,1632.5,1197.6,859.19,672.11,1622.7,1022.5,2519.1,1445.5,1749.3,921.97,811.75,735.22
1182.3,1731.2,1057.1,1814,1290,985.54,895.52,1982,1179.6,3023.4,1516.1,2222.4,998.36,915.91,948.15
802.06,1086.4,859.17,1535,1138.1,901.46,824.25,1381.1,841.99,2389.4,1387.6,1387.2,869.02,930.59,986.63
934.79,1403.2,999.79,1555.2,1188,1038.3,1012.1,1569.6,948.77,2642.5,1570.2,1573.5,901.1,961.72,1108.5
670.88,776.08,531.51,822.4,788.63,608.74,409.63,854.63,599.69,691.51,633.41,835.76,895.89,763.63,611.88
2145.3,2614.1,2352,1985.8,1195.7,1585.1,1352.3,2186.3,1711.2,2705.1,1274.7,2166.8,1381.1,1868.4,2648.9
1921.6,1955.5,1865.4,1661.9,1099.3,1546.5,1225.2,1607.8,1266.2,2286.2,1119.9,1818.9,1228.4,1463.5,2078.1
1163.1,1400.1,1076.5,1543.5,977.99,1189.8,952.1,1344.1,922.33,1344.8,906.58,1356.5,1068.7,1260.2,1302.3
774,1026.2,689.59,1126.9,743.72,661.89,436.79,955.38,652.26,775.43,703.2,931.64,802.03,655.89,419.7
2276.2,2639.7,2276,2019.1,1158,1469,1200.8,1915.6,1497.7,2196.7,1062.3,1983.4,1181,1080.1,1332.7
3317.5,2338,2832.2,2308.9,1832.6,2241,2157.7,2038.1,1653.1,2783.2,1852.6,3080.6,1333.7,2114.2,3217
1820.5,1418.8,1471.6,1321.5,1249.1,1334,1120.8,1184.5,939.66,1311.1,1104.8,1671.6,992.44,1235,1539.9
1024.1,911.95,772.55,926.29,933.9,821.06,553.33,776,543.34,667.47,674.66,944.87,734.75,685.78,623.57
847.87,830.4,659.53,925.47,1059,715.11,461.38,681.23,466.68,582.06,638.36,895.66,772.59,580.39,462.14
687.01,690.14,549.73,757.15,859.51,675.17,413.56,605.48,399.53,512.34,529.82,670.59,603.33,552.5,424.54
3620.8,2446.6,3112.4,2428.7,1977.1,2545,2048.6,2081.6,1693,2688.9,1778.8,3278.6,1374.6,1896.7,2755.2
2672.1,1932.6,2126.1,1979.5,1839.4,2079.5,1839.6,1602.8,1358.6,2019.3,1668.8,2645.6,1221.7,1699.2,2383.8
2352.2,1658.7,1814.3,1752.7,1730.9,1706.8,1560.1,1489.9,1193.3,1768.5,1519,2372.9,1128.6,1391.3,1953.1
876.58,844.12,685.93,980.83,1297.3,858.08,545.15,693.67,508.33,639.9,706.07,994.72,766.52,707.3,783.78
677.34,628.48,501.16,861.9,1159.7,663.34,379.44,570.15,346.2,456.99,523.56,769.14,652.93,462.47,356.93
707.31,611.91,479.98,675.06,827.25,687.98,371.09,552.87,354.32,409.21,487.08,592.8,541.93,455.67,348.59
662.16,623.44,513.1,672.57,849.18,655.4,405.01,528,367.18,443.77,533.74,604.8,551.91,440.25,397.66
690.67,606.26,750.75,1532.7,577.82,887.39,526.5,1303.6,679.38,1585.4,1761,1208.6,1687.7,1143,759.88
793.23,726.5,910.55,1786.5,639.9,989.05,624.65,1372.2,779.33,2029,1732.1,1432.3,1774.3,1206,930.8
833.29,723.39,866.04,1598.6,619.54,1013.4,650.41,1232.4,748.22,1792.8,1902.2,1444.7,1913.6,1079.6,958.27
697.8,674.47,823.33,1480.4,613.74,942.6,611.27,1138.1,673,1735.5,1956.4,1324.7,1652.3,1085.4,895.81
820,699.55,837.95,1713.3,612.24,1010.2,614.93,1240.3,763.69,1726.2,1592.9,1360.4,1735.9,1217.2,939.72
718.54,630.44,831.95,2078.3,694.74,1006.8,739.44,1351.6,743.53,1715.7,1508.6,1421.5,1800,1187.7,932.42
589.73,484.89,468.76,704.51,743.26,713.91,340.84,459.38,291.14,416.47,514.74,558.8,524.75,435.39,308.47
635.37,541.65,467.98,764.66,802.97,688.69,322.4,456.88,279.86,417.7,472.29,553.96,506.28,418.76,311.08
562.25,486.86,438.65,773.72,723.1,681.68,339.33,454.51,297.98,396.65,462.71,624.24,527.51,416.96,313.31
1055.3,943.36,804.94,1079.4,1112.4,797.46,523.66,714.06,567.96,622.31,656.68,1035.1,707.22,479.09,459.39
1104.8,960.28,819.87,1067.7,1097.5,851.58,627.96,756.91,636.11,750.58,760.39,1149.4,774.23,579,632.24
2364.3,1793.2,1627.7,2153,1894.9,1453.1,1243.6,1485.9,1277.5,1654.2,1376.6,2603,1191.4,1041.3,1332.9
1321,1694.2,1850.2,1229.1,1698.9,3279.7,6380,630.35,488.38,655.45,1091.3,1033.4,1549,1773.9,3402.7
1409,1594.8,1818.9,1363.4,1743.8,3377.4,6227.7,667.54,443.38,639.26,1133.2,1065.1,1515.9,1742.5,2975.3
1449.3,1773.5,1876,1253.3,1933.9,3717,7130.8,659.05,441.12,686.81,1105.7,1114,1677.5,2000.6,3270
1460.5,1729.4,1868.8,1337.8,1931.3,3606.6,6593.1,794.81,526.5,755.62,1180.2,1360.5,1719.4,1899.2,3089.7
1483.2,1692.6,1742.4,1212.3,2150.1,3492.7,6672.5,916.24,501.74,823.33,1321.2,1355,1597.1,1979.8,3137.7
938.45,979.98,966.6,892.09,1158.8,2030.3,3293,514.69,336.91,542.87,931.58,783.99,927.39,1108.9,1561
726.29,827.49,573.34,904.31,883.85,730.55,529.59,730.76,498.12,696.61,634.14,852.02,812.77,663.98,598.16
728.4,792.95,568.95,865.89,876.18,671.97,448.2,700.21,521.16,687.4,639.63,848.98,764.83,664.87,632.06
605.42,600.31,471.58,726.4,786.63,644.73,333.49,600.51,357.85,477.22,489.98,648.47,627.32,594.51,354.93
740.73,708.87,537.84,907.92,693.54,809.95,399.64,729.01,444.1,549.22,505.16,814.07,750.78,737.48,409.95
762.97,798.44,571.64,1220.8,785.23,900.76,553.39,834.19,474.3,564.64,550.01,1131.2,1007.8,807.57,482.34
758.31,728.93,569.44,1032.8,742.88,845.92,492.68,787.07,480.61,585.14,553.46,973.6,885.58,805.48,451.57
565.79,561.83,521.58,938.17,667.18,764.58,513.68,739.39,437,655.08,739.28,826.35,734.26,763.76,447.92
659.63,573.25,572.39,1054.4,673.74,896.84,715.33,857.54,437.64,651.48,819.69,945.99,704.88,816.3,536.63
444.19,507.92,448.29,596.4,541.77,598.11,312.6,539.84,339.85,530.4,703.81,508.17,514.37,602.49,346.09
500.94,563.56,462.48,616.5,559.25,564.28,322.87,566.84,360.57,539.33,680.23,548.94,555.83,571.45,350.17
890.26,975.88,723.64,948.82,913.47,839.92,699.42,881.7,604.76,962.12,807.7,962.56,828.86,798.14,615.91
4967.6,8149.4,9956,8173.6,36174,13855,6737.9,9378,6262,6645.5,15264,11719,12461,12344,6374
841.93,945.5,602.62,1028.4,793.73,666.77,466.68,764.4,550.34,713.21,668.88,905.78,706.98,647.85,535.5
1910.8,1825.9,1843.5,1832,1186.7,1438.1,1154.2,1408.2,1210.6,2227.9,1124.5,2017.1,1045.1,1241.6,1603.1
2052.7,2108.4,2287.2,2133.2,1269.2,1684,1714.9,1599.3,1413.6,2712.1,1392.6,2135.7,1135.2,1708.5,2641.2
3207.9,2783.8,3282.4,2892.9,1687.6,2848.1,2417.3,2241.6,1787.4,3700.3,1825.7,3019.5,1385.2,2295.5,3810.8
740.01,823.8,606.78,1014.8,885.74,721.35,439.66,723.22,533.88,709.24,599.51,877.47,772.55,740.57,650.75
619.01,634.59,450.42,766.36,751.38,620.33,341.86,604.26,410.41,530.66,491.37,697.93,764.08,632.06,377.08
1157,1676.8,983.55,1501,877.93,979.99,839.54,1352.1,1147.3,1960.9,988.52,1082.1,796.06,1098.5,971.06
578.83,779.61,550.74,946.02,737.04,647.52,415.48,791.57,700.77,925.01,701.1,709.43,619.06,786.53,491.35
2834.2,4453.4,2870.3,3190.7,1622.8,2789.9,2901.7,2961.6,2422.1,6460.7,2340.9,2619.4,1427.8,2991.6,4661.4
1126.4,1668.9,1148.8,1422.5,852.7,1156.3,1102.4,1422.6,1191,2428.4,1192.9,1051.9,830.54,1385.6,1677.2
1391.5,2128.4,1277.2,1709.5,997.97,1268.9,1069.8,1606,1434.6,2465.3,1220.6,1425.2,951.41,1505.8,1621.5
690.56,778.77,639.01,1443.6,739.95,934.57,702.78,1020.4,673.13,948.83,793.86,809.65,700.41,950.15,568.11
2862.5,2441.6,2359.8,2635.4,1657.3,2578.8,2057,2030.4,1414.5,2843.9,1720.2,2861.4,1341.8,2200.7,3612.6
1994.9,1780.9,1897.3,1899.2,1302.2,1968.9,1447.1,1473,1062.6,2023.1,1278.6,1987.1,1042.2,1502.7,2267.7
680.87,775.27,568.16,1012.8,881.88,725.61,495.88,621.28,432.71,644.69,570.63,742.19,680.73,674.49,565.64
3491.1,2891.8,3095.8,2979.3,1808.3,3179.7,2860.3,2381,1628.2,3578.1,2021,3250.3,1414.6,2601.7,4332.3
1795,1764.4,1527.9,1855.7,1344.5,1505.3,1393,1386.5,1033.5,1738.7,1180.1,1796,1021.9,1383.4,1799.2
2631.6,2164.7,2302.4,2215.4,1455.6,1850.8,1874.8,1726.3,1234.5,2560.5,1526.5,2415.6,1160.7,1828,2908.5
1413.4,1259.3,982.88,1260,1055.2,967.89,873.66,1133.3,795.32,1257.2,872.39,1467.5,950.05,844.05,980.27
529.33,597.35,438.64,798.72,779.08,621.87,323.38,527.31,347.41,444,467.09,656.16,598.44,532.21,355.64
2411.9,2083,2163.3,2078.4,1323.2,1742.1,1758.3,1705.8,1211.1,2528.3,1383.3,2096.7,1030,1627.7,2527
3485.2,2644.9,2942.6,2585,1622.7,2362.4,2125.1,2260.2,1598.5,3089.3,1869.5,3145.3,1306.7,2101.5,3472.3
520.25,616.32,437.97,825.87,778.77,561.26,315.72,510.57,342.23,460.88,468.88,631.66,565.23,532.73,349.02
644.41,782.69,548.04,911.43,823.95,698.51,490.87,648.27,444.36,649.3,576.7,751.52,623.3,616.14,525.71
763.79,780.31,600.67,845.69,892.48,613.44,433.1,569.47,442.42,506.29,605.72,752.25,596.16,414.41,411.92
758.51,699.22,587.86,885.52,1030.1,628.63,391.7,579.58,413.94,508.13,572.68,802.45,603.54,463.93,404.66
2228.8,1590.6,1788.6,1921.1,1739.7,1768.8,1324.1,1326.2,966.9,1423,1277.4,2060.1,1021.3,1120.3,1542.2
2692.5,1793.3,2001.1,2129.1,1929.1,2075.5,1528.6,1441.3,1121.8,1702.2,1501.7,2443.9,1094.4,1313.7,1806.2
641.54,619.55,491.56,861.99,1024.4,628.18,347,513.24,320.19,416.19,504.9,692.31,584.05,438.02,336.88
1057.7,945.27,840.73,1082.8,1139.2,956.74,702.22,729,543.27,797.39,752.29,1022,666.76,659.16,790.61
725.1,583.53,565.84,1089.9,812.21,848.45,650.87,696.97,352.84,523.62,738.5,1008.1,709.44,605.63,534.22
611.69,465.76,514.71,712.26,693.68,727.61,447.94,501.07,309.47,572.53,784.31,609.22,494.28,515.07,398.79
458.58,416.51,457.64,626.7,626.03,653.29,432.65,407.7,267.28,465.08,722.66,499.88,423.71,438.4,349.68
429.46,435.62,430.46,605.27,639.39,640.24,331.79,393.24,273.52,368.61,585.5,486.87,426.44,401.1,301.61
641.29,465.94,537.32,705.26,664.07,738.07,442.54,516,293.44,493.92,691.16,601.12,475.47,500.57,371.3
760.87,493.16,576.45,716.32,638.83,763.91,462.74,571.87,314.22,549.41,821.99,653.94,487.26,534.49,393.39
2776.4,1930.2,2331.2,2265.2,1748.1,2118.3,1621.6,1627.2,1273.4,2099.6,1551.9,2639.9,1147.3,1479.7,2284.5
650.2,644.7,482.02,919.21,1028.2,622.26,331.53,541.4,333.82,435.68,467.6,681.66,609.46,482.36,353.59
1719.9,1322.2,1492.9,1499.1,1217.6,1220.2,1082.8,1204.8,867.67,1409.3,979.07,1716.1,856.18,946.91,1281.6
3812.2,2355.7,2812.7,2646.2,1886,2343.4,1934,2046.1,1639.9,2552,1821.9,3448.9,1307.7,1905.7,2733.4
927.33,851.36,697.58,1060,1070.9,779.8,496.55,731.26,520.24,634.36,628.89,957,754.92,592.05,501.79
684.35,677.5,486.71,891.9,1029,649.21,343.84,583.17,363.19,457.69,483.24,766.04,693.63,498.4,333.15
2479.6,2789.2,2389.7,2268.6,1325.6,1503.1,1449,2166.2,1821.9,2763.8,1434.3,2323.9,1293.3,1354.7,1851.8
2036.5,2229.6,1825.1,1809.9,1112.2,1338.4,1226.5,1738,1290.3,2219.8,1048.3,1797.6,1119.5,1089.5,1251.3
4709.8,4795.2,4872.3,3762.6,2042.9,3732.2,3088.6,3543.6,2724.1,5349.8,2231.7,3672.2,1743.4,3379.2,5607.7
598.65,778.75,497.56,762.71,640.49,536.62,331.66,829.41,579.81,637.25,586.25,785.84,798.67,598.05,364.34
1205.9,1560.7,1154.6,1128.6,893.19,843.99,630.79,1360.1,1033.4,1348,828.69,1357.1,1066.9,992.01,926.96
2044,2367.2,1898.6,1837.1,1100.1,1302.2,1167.2,1962.3,1475.7,2108.5,1111.9,1995.6,1262.7,1285.8,1616.2
1310.3,1082.9,934.78,1307.5,1171.8,879.06,711.21,909.11,709.82,890.48,870.74,1386.6,810.8,618.22,647.84
2134.4,1550.4,1530.9,1690.3,1619.5,1354.8,1317.6,1337.1,1095.3,1547,1304.6,2227.1,1043,1029.2,1384.8
1434.7,1156.2,1076.3,1286,1248.6,1103.6,911.92,1010.9,767.84,1045.2,1010.4,1547.4,878.71,800.33,962.64
856.86,773.14,644.04,1029.7,1196.8,751.42,490.45,667.12,490.66,665.77,732.73,1020,784.34,579.15,543.74
670.6,592.36,524.19,818.59,801.84,758.65,409.91,597.68,350.7,504.77,663.63,692.46,610.27,519.09,390.67
798.7,594.01,610.53,979.25,825.56,870.84,464,664.43,386.79,592.3,652.76,866.46,721.66,569.36,401.72
765.35,674.4,592.91,910.98,811.49,873.53,549.86,703.75,434.43,656.84,768.28,756.25,739.08,776.74,494.55
850.79,749.4,657.18,1056.7,773.36,905.75,572.81,833.06,467.62,649.17,706.05,953.42,852.19,867.48,553.66
903.77,778.97,650.21,1211.9,850.94,933.84,660.24,896.62,504.17,632.17,706.28,1133.4,1047.3,825.94,584.12
729.97,666.76,623.29,1026.9,774.26,866.17,622.09,795.56,450.98,587.39,689.95,937.16,842.45,758.8,532
742.58,675.62,615.9,1074.2,797.96,851.45,638.76,801.87,441.86,613.78,741.09,1002.7,812.46,734.63,584.78
727.36,613.64,575.21,814.57,771.73,785.78,453.02,651.03,403.44,581.01,662.45,733.48,666.31,682.87,421.06
1164.5,1863.2,973.28,1596.4,895.68,845.99,669.26,1473,1076.8,1343.5,974.34,1481.5,1193,684.52,681.19
642.64,630.94,585.63,833.96,678.77,664.48,546.7,700.81,490.01,929.14,1130.1,793.99,918.45,663.19,508.88
555.78,576.98,541.57,882.34,617.27,735.12,469.8,623.82,463.03,869.17,1038.3,740.41,795.46,667.47,518.62
955.7,1529.8,895.48,1273.6,851.92,823.57,643.03,1150,868.07,1389.3,1056.4,1152.9,941.82,685.58,660.14
729.83,813.34,600.59,954.08,842.51,787.02,504.33,746.03,546.7,922.98,1020,804.99,807.55,703,546.25
567.66,544.69,527.75,797.9,631.17,755.74,415.47,618.72,484.19,776.26,886.17,667.46,731.46,665.64,467.89
1518.7,1267.6,1080.4,1429.5,1481,1112.9,873.06,1022,802.9,1038.5,1039.8,1600,933.75,819.7,994.05
2544.3,1754.3,1828.9,2122.1,1926.4,2051,1583.2,1497.4,1166.7,1734.3,1577.1,2564.4,1158.5,1376.9,1932.6
1125.5,892.1,793.34,1031,1106,1014.4,756.94,783.18,594.84,757.18,823.62,1170.2,749.64,765.81,868.03
807.36,778.15,604.82,827.31,929.9,669.77,447.35,565.82,436.32,486.71,569.8,793.06,690.17,437.35,400.83
963.31,827.39,700.92,947.92,1168,826.93,508.63,664.64,500.67,586.22,656.58,945.45,690.03,484,438.14
564.12,549.89,456.24,732.66,881.26,705.78,345.95,466.87,311.11,379.16,461.9,613.28,552.96,401.58,338.54
822.93,686.93,661.64,863.02,894.48,962.93,593.66,647.68,441.34,602.17,753.01,850.33,646.58,573.43,618.38
1098,975.21,809.42,1144.4,1127.3,918.35,666.8,750.72,608.8,725.35,770.96,1108.7,788,576.1,616.38
1203,1015.3,820.2,1117.1,1120.9,919.39,648.08,784.38,610.85,733.99,805.17,1153.9,802.44,593.97,615.38
534.12,528.52,484.82,716.49,763.57,743.76,414.26,480.35,341.52,455.39,573.22,616.16,572.46,424.67,385.21
503.79,450.54,474.3,716.56,734.68,715.4,368.37,452.46,286.81,445.07,657.59,557.37,509.36,432.86,343.78
614.82,509.43,466.89,943.5,785.3,757.96,387.05,518.77,343.68,470.9,553.53,698.43,577.47,481.37,368.19
907.86,745.59,652.14,1230.9,904.02,997.1,767.61,957.37,485.03,669.51,823.05,1265.7,999.45,846.17,641.43
852.23,704.14,611.39,1138.6,799.21,900.21,616.53,893.49,518.15,627.62,807.97,1122.1,942.19,823.64,581.87
848.45,737.99,638.52,1192.3,778.29,981.99,677.7,942.35,483.6,627.96,766.71,1326.8,1076.6,907.13,620.36
718.52,682.61,581.02,1147.7,774.59,871.63,532.98,782.3,425.35,652.38,740.27,948.63,754.56,804.69,550.93
801.28,761.78,603.79,1415.2,813.59,966.09,631.25,857.91,483.93,726.01,777.7,1197,960.87,830.89,597.44
890.11,764.39,653.35,1342.1,803.3,970.95,656.08,864.64,490.62,762.21,757.34,1179.9,985.68,814.34,567.6
1091,1185.4,3061,2239.4,16054,7997,11826,5394.4,2988.2,2556.5,3430.6,9569.1,7473.5,2206.8,3761
1024.1,1088.7,2887.1,1975.7,15246,8111.4,10934,5296,2385.3,2699.6,2997.8,8794.8,6772.1,2137.8,2344.4
581.99,541.76,580.58,872.14,770.83,848.36,559.66,604.77,387.1,587.69,725.72,740.68,674.82,662.46,476.75
768.74,715.5,1222.9,1193.8,5148.1,2767.9,3420.5,2135.8,1085.8,1156.3,1251.2,2987.7,2460.4,1207.9,1336
2122.4,1708,1913.1,1875.9,2364.4,1953.3,1925.1,1712,1234.5,1879.1,1354.5,2719.8,1384.4,1141.6,1311.3
4255.3,2962.8,3831.2,3296.7,2376.6,3394.3,2966.7,2512,2115.2,3814.1,2260.7,3934.7,1545.6,2353,3688.1
712.88,721.76,553.07,989.72,768.58,760.04,424.38,650.72,385.88,584.57,685.35,813.53,761.53,653.59,423.56
709.57,683.85,566.65,966.84,757.27,795.45,483.36,689.65,414.19,574.12,627.14,833.42,783.66,688.83,444.47
625.1,624.92,531.45,696.07,703.76,658.92,378.29,579.96,377.42,508.98,593.6,610.91,564.39,549.36,385.17
601.07,540.82,529.07,689.17,608.99,656.96,457.76,515.25,315.69,543.27,757.98,578.29,505.34,524.85,394.34
547.73,512.74,485.26,716.07,623.78,729.04,452.75,484.1,322.14,520.74,737.71,564.36,520.58,590,402.77
746.42,794.5,608.52,917,784.58,679.69,429.66,653.21,469.32,595.6,673.57,742.26,573.53,549.87,430.21
1953.1,2775.7,2827.6,1882.6,3492,6750.8,13634,1042,521,1466.8,2111.5,1869.1,2736.9,4167.6,5700.4
1782.3,2859.9,2926.4,1807.5,3203.8,6698.8,13688,940.15,543.51,1367.8,2030.9,1742.9,2734.4,4076.2,5922.8
1411.3,2203.8,2302.3,1697.7,2828,6073,11115,923.23,570.64,1391.4,1944.1,1662.4,2298.1,3528.8,4443.2
1495.4,2311.3,2369.2,1822.6,2942.2,6012.4,11397,981.7,584.23,1484.7,2036.5,1707.9,2437.3,3590.8,4652.7
1141.7,1589.6,1659.2,1586.9,2022.4,3476.8,6115.6,965.56,564.48,1506.2,1830.5,1353.1,1773.6,2384.9,2781.1
990.6,721.23,957.85,1426.3,928.22,1059.5,879.88,1097.7,606.1,1416.7,1332.1,1162.2,1127,1010,696.18
603.11,766.68,556.8,1016.3,637.99,718.08,442.05,820.6,613.52,756.74,602.29,638.15,633.62,854.32,420.1
1078.6,1729.6,785.97,1578.8,834.55,724.71,526.86,1361.8,1046.7,1338.5,836.82,1081.2,817.67,859.25,704.3
1176,1977,1083.9,1651.5,903.91,932.32,864.94,1455.4,1153.4,1986.8,989.25,1240.5,816.66,999.88,979.73
1723.3,2816.6,1753.2,2185.9,1135.9,1539.7,1642.8,1995.7,1601.1,3333.2,1492.6,1628.4,980.08,1670.1,2098.3
2345.4,3720.6,2460,2572.7,1326.8,2292.3,2469.7,2494.8,1999,4707.2,2064.2,2052.9,1146,2294.6,3484.3
557.29,757.36,536.57,1013.9,794.63,665.22,384.48,783.89,694.83,834.16,649.02,683.5,619.14,786.35,457.2
1448.1,1502.3,1442.3,1252.3,3557.1,3927.7,5981.3,992.09,614.77,990.13,1549.5,1572.8,1971.1,2858.2,2342.2
1134.1,1120.9,1103.9,1011.4,2152.6,2949.6,4708.9,687.03,410.04,666.7,1109.1,1165.1,1350.6,2035.1,1923.6
1183.3,1157.8,1132,984.04,2108.3,3001.9,5012.4,633.76,378.86,637.36,1045.3,1142.1,1344.1,2024.2,1988.2
1239.1,1185.8,1198.9,1054.1,2121.9,3298.4,5487.3,663.45,374.95,661.2,1106,1209.2,1411.3,2274.8,2214.9
1229.6,1214.6,1229.2,1314.8,2093.7,3305.4,5292.8,759.92,427.4,719.14,1147.1,1280.8,1460.3,2294.3,2188.1
590.07,652.19,525.12,777.47,692.87,795.18,522.43,611.74,400.03,534.64,632.46,652.03,591.8,693.77,468.09
753.74,1278.5,848.34,1067,532.05,776.69,704.09,1369.6,856.38,1842.8,978.27,1142.9,941.5,1091.5,1218.2
1169.5,1766.6,1189.7,1258.9,616.5,983.41,926.11,1848.2,1135.9,2484.3,1078.5,1596.8,1140,1182.4,1310.6
1340.2,1960.9,1430,1378.1,733.51,1221.9,1172.7,1922.7,1218.8,3090.3,1288.4,1896.3,1177.9,1566.9,2001.2
577.03,703.97,566.69,845.83,480.01,656.25,402.65,966.38,620.4,904.74,650.86,913.49,802.34,850.43,461.99
1369.9,2261,1692.3,1465.8,683.16,1201.2,1402,2037.3,1313.4,3368.7,1428,1806.2,1112.6,1321.1,1928.5
1613.4,2635.8,1834,1571.2,769.25,1312.4,1626.4,2277.2,1393.9,4050.3,1677.3,2194.3,1303.2,1707.5,2535.5
643.8,568.88,444.25,811.51,1006.8,694.27,338.67,510.05,312.74,388.13,458.17,703.14,586.98,446.83,338.54
688.77,643.43,492.82,732.48,852.39,594.53,376.79,531.34,372.83,434.42,483.31,644.57,560.86,404.47,374.46
2376.4,1726,1750.4,1868.6,1724,1357.2,1388.3,1478,1207,1651.9,1457.1,2410.4,1106.4,1082.4,1616
1955.8,1420.4,1392.6,1565.6,1584.9,1261,1086,1185.7,910.11,1226.8,1175.7,1946.9,962.39,889.63,1147.1
607.47,544.89,476.52,763.94,937.14,648.59,347.99,509.99,305.41,407.69,502.18,656.45,549,431.1,343.35
753.75,684.06,569.26,817.99,875.47,650.9,397.74,590.47,410.53,462.94,535.2,744.96,595.97,441.56,395.02
1176.1,1557.8,1019.7,1712.1,1774.9,1007.9,1027.9,2008.1,1138.1,2578.8,1699.4,1841,1131.5,1244.7,1248.1
581.28,750.99,602.33,1399.9,1228.6,593.01,397.61,1055.7,670.05,1062,934.21,942.79,755.73,668.25,418.21
771.89,932.69,704.97,1471.8,1454.7,636.82,478.7,1219.9,743.37,1249.7,1031.6,1056.6,854.09,744.3,467.68
630.19,928.29,651.49,1459.8,1292.3,575.49,454.48,1081.8,785.77,1224.7,1077.2,1055.3,863.09,638.06,481.76
579.49,761.6,673.43,1518,1461.6,625.68,477.72,1025,708.14,1183.5,1169.1,1061.3,785.97,716.55,510.54
1298.6,2197.6,1368.9,1944.6,2078.2,1148,1340.6,2474,1352,4225.9,1890,2260.9,1101.7,1154.8,1653.9
1242.1,1091.2,1158.4,1305,1741.2,3086.5,4324.3,986.79,605.87,1466.9,1297.1,1492.4,1299.6,2432,1574.6
626.64,941.98,755.39,1033.2,465.52,791.63,588.47,1089.6,691.56,1260.4,953.99,994.72,786.24,897.19,605.15
2055,3344.8,2190.7,2096.3,781.71,1364.2,1805.4,2984.1,1826.7,5263.8,1716.9,2891.6,1382.8,1319.1,2104
2619.1,3888.7,2672.8,2429.8,919.56,1641.8,2183.5,3407.2,2136.4,7091,2060.1,3651.8,1605.9,1722.7,2872
2497.1,3715.9,2607.3,2362,940.73,1678,2268.1,3215.8,2062.6,7414.7,2154.2,3557.2,1643.8,1874.1,3414.7
2088.4,3121.8,2264.9,2218.6,896.06,1485.2,1759.1,2838,1793,5920.3,1837.5,3173.6,1572.3,1810.8,2848.9
2229.1,2922.6,2361.7,2845,1772.2,1800.3,1777.5,3632,2081.2,7130,1797.3,4283.2,1844.7,1987.3,2559.5
1024.8,1452,1171.1,1963.5,1305.1,1153.3,1017.2,2154.5,1109.6,2839.7,1043.4,1943.1,1210.2,1174.7,1025.1
576.51,745.07,634.1,1722.4,1019,715.78,407.79,1158.1,727.06,1033.2,609.36,1132.5,991.48,854.92,402
2318.5,2995.5,2554,2674.8,1801.6,2152.9,2067.7,3999.1,2118,7454.4,1855.9,4305.1,1767.6,2043.4,2899.9
1600.2,1996.3,1735.6,2311.7,1433.9,1582.6,1372.9,2660.2,1449.1,4765.9,1477.5,2693.8,1345.7,1794,2153.2
585.18,932.87,666.86,1555,983.57,631.69,417.69,1134,751.72,1271.1,733.9,1088.1,925.56,732.73,432.98
644.04,677.8,694.62,794.15,460.05,829.49,537.83,876.07,569,1104.9,886.64,819.92,747.68,948.28,587.67
594.05,761.29,765.36,1121.3,504.3,893.12,571.04,959.12,574.4,1110.3,930.98,1008.9,784.47,1121.6,623.36
637.85,604.86,663.74,1130.1,497.38,905.58,698.71,943.46,529.48,1028.7,872.98,912.83,772.28,969.39,581.2
584.8,688.14,639.16,754.73,428.9,631.36,457.8,891.68,587.31,1060.4,778.98,748.23,695.58,728.26,494.07
1949.4,3111.9,2205,1873.8,823.49,1319.1,1551.8,2976.2,1792.3,5308.8,1769,2674.8,1476.1,1635,2701.4
3145.8,4813.5,3466.8,2650.4,1138.6,2038.7,2404.6,4054.3,2536.7,9175,2538.4,4345.8,1863.9,2832.6,5031.9
2347.1,1034.3,1014.3,1430.2,4599.5,5371,8013.3,691.58,450.45,881.72,1484.1,2464.5,1962.9,4494.9,2208.1
1719.2,876.82,852.36,1131.3,3154.6,3789.5,5571.2,601.65,404.14,775.41,1241.7,1747.5,1474.8,3222.5,1715.6
1368.8,846.33,866.78,1266.6,2369.7,3104.5,4234.2,691.9,419.25,751.59,1060.2,1573.9,1307.6,2620.3,1536.1
627.26,752.01,560.06,843.15,834.17,707.38,484.86,700.99,491.77,676.08,739.15,715.83,658.8,711.13,453.46
806.41,957.37,719.05,1007,816.69,693.45,455.68,855.02,601.94,849.6,737.92,901.21,704.58,637.43,493.92
2072.2,2411.9,1779.8,2353.9,1182.3,1113.3,1125.6,1794.7,1394.4,2192.1,1097.5,2206.9,1072.1,893.05,1159.2
