0.23094,0.034592,0.37225,0.30633,0.02565,-0.38337,-0.19486,0.074977,0.2585,-0.29444,0.16021,0.19561,0.012583,-0.14784,-0.096648,0.36247
0.12843,0.031685,0.35226,0.26361,-0.091343,-0.45661,-0.22744,-0.047872,0.23614,-0.28975,0.15322,-0.16756,-0.065038,-0.13597,-0.17715,0.31707
0.25287,0.12282,0.36658,0.28889,-0.073513,-0.42077,-0.23306,-0.055479,0.23851,-0.34964,0.16578,-0.394,0.13519,-0.22973,-0.34818,0.47009
0.25567,0.16466,0.35018,0.23593,0.070811,-0.30767,-0.15483,-0.22983,0.27538,-0.2533,0.21048,0.489,0.26522,-0.15819,-0.28137,0.059433
0.26897,0.056342,0.32064,0.15621,0.08585,-0.37479,-0.22786,-0.32186,0.23329,-0.24851,0.25153,0.1979,0.068508,-0.035359,0.045436,0.49288
0.17514,0.031005,0.24932,0.22223,-0.0061935,-0.3309,-0.20501,0.17148,0.16858,-0.35025,0.2133,-0.48119,-0.076558,-0.16488,-0.23843,-0.39989
0.10239,-0.055283,0.095047,-0.0036285,-0.056943,-0.42468,-0.14495,-0.34215,-0.044873,-0.12737,0.18809,-0.36929,0.027431,-0.14909,-0.21634,0.41707
-0.01403,0.014414,0.22367,0.22546,-0.013613,-0.48103,-0.092444,0.095272,0.35558,-0.25338,0.17768,-0.40238,0.085838,-0.24001,-0.18611,0.35075
0.22383,0.1265,0.22457,-0.4651,-0.1922,0.40935,-0.03113,0.24726,0.16667,-0.27735,0.069138,-0.29901,-0.025959,-0.33316,-0.28818,0.3426
0.15117,-0.014343,0.25396,0.207,-0.072362,-0.49751,-0.16391,0.039376,-0.44632,-0.20031,0.014201,-0.45421,-0.13557,-0.039368,-0.17645,0.29845
0.31743,0.2319,0.33956,-0.05892,0.21696,-0.48705,-0.087352,-0.1955,0.0042833,-0.40794,-0.0078326,-0.050979,-0.41639,-0.04695,0.11675,-0.4107
-0.11783,-0.053732,0.21174,0.33343,-0.2357,-0.16353,-0.2005,0.15607,0.338,-0.37703,-0.023235,0.029608,-0.025091,-0.037637,-0.16757,0.33013
0.18757,0.085196,0.33118,0.23592,0.064634,-0.41144,-0.08593,0.037924,0.086814,-0.3059,0.22362,-0.49801,0.10349,-0.12521,-0.27066,0.26035
0.21956,0.056488,0.36003,0.21499,0.02761,-0.45574,-0.093066,-0.070281,0.079953,-0.26314,0.23734,0.46901,0.068488,-0.23038,-0.0075699,0.23209
0.21598,0.11602,0.26148,0.31642,0.11895,-0.41755,-0.12539,-0.11342,0.063358,-0.26683,0.22021,0.35976,0.18081,-0.12697,-0.16209,0.20747
0.49727,0.47116,-0.49461,-0.36504,0.35251,-0.33701,-0.065326,-0.062991,0.27735,-0.4961,0.27589,-0.01167,0.37237,-0.10667,0.29765,0.29328
0.11764,0.036265,0.33907,0.07974,-0.010131,-0.45381,-0.15057,-0.13773,0.32912,0.46182,-0.038054,-0.49546,0.065718,0.0081705,0.3575,0.40936
-0.033833,-0.083306,0.23099,0.17794,-0.20559,0.40967,0.00086334,0.095631,0.19746,-0.34859,-0.34672,-0.24896,-0.052968,0.10517,-0.24911,0.30106
0.13302,0.34948,0.25285,0.39876,-0.057936,-0.14717,-0.0024482,-0.18108,-0.011057,-0.20668,-0.48106,0.000342,-0.37197,-0.47976,-0.41526,0.15569
0.34844,0.20287,0.28941,0.13416,0.016474,-0.27232,-0.37546,-0.19545,-0.0077826,-0.19715,0.31347,-0.41674,-0.22772,-0.1567,-0.46432,0.071841
0.24704,0.14971,0.4036,0.14947,-0.13348,-0.22661,-0.46645,-0.062307,-0.032382,-0.1753,0.28713,-0.2492,-0.1656,-0.30415,0.46425,0.23447
0.21627,0.090572,0.37767,0.10234,-0.066177,0.47284,0.31602,0.15617,0.13496,-0.098229,0.099155,-0.36342,-0.011002,0.052272,0.32771,0.22882
0.11693,0.077159,0.28246,0.11716,0.0053344,-0.46314,-0.36479,-0.16054,0.19934,-0.15249,0.10197,-0.34213,-0.033437,-0.22597,-0.33443,0.16304
0.17792,0.19032,0.30577,0.2118,-0.10682,-0.18545,0.43512,-0.27118,0.068746,-0.012871,0.37751,-0.22289,-0.15464,-0.27814,-0.42271,0.015277
-0.20063,-0.38346,-0.13401,-0.34909,-0.29433,-0.32281,0.20306,-0.25484,-0.20096,-0.17676,-0.14904,0.073926,-0.080741,-0.14781,0.18147,-0.020795
-0.0686,0.43589,-0.19823,-0.34307,-0.1831,-0.44876,-0.41875,-0.18308,-0.10095,0.028565,-0.37237,0.1379,0.044915,0.15123,-0.039647,0.089892
-0.17385,-0.43771,-0.30069,-0.49285,-0.45322,-0.38436,0.38096,-0.31338,-0.05208,0.019861,-0.4239,-0.041791,0.16402,-0.27099,0.18905,0.077997
-0.12562,-0.23277,0.051734,-0.18844,-0.050925,-0.23463,-0.39663,-0.37895,-0.35318,-0.16878,-0.010323,0.26086,-0.13344,-0.084716,0.047459,-0.38554
-0.099355,-0.26066,-0.16673,0.24161,0.10311,-0.45717,-0.30096,-0.23778,0.46585,0.019836,-0.32582,0.47802,0.24509,-0.19905,-0.19783,0.48217
0.1626,-0.21528,0.2568,0.11433,-0.050704,-0.48466,-0.21567,-0.15166,0.31555,-0.019694,-0.13382,-0.33743,0.0034826,-0.055145,-0.27857,-0.00027527
0.0070861,-0.18949,0.40083,0.1084,0.13932,0.4432,0.33442,-0.18668,0.24659,0.044681,-0.23795,0.40033,-0.21467,-0.1905,-0.27644,0.10922
0.24501,0.009234,0.20137,0.42808,-0.15988,-0.30962,-0.21369,-0.19417,0.15315,-0.14146,0.027281,-0.23048,-0.052443,-0.29201,-0.41566,-0.061652
0.061814,0.013426,0.036615,0.36775,-0.04026,-0.15691,-0.46919,-0.21531,0.31073,0.14702,0.0070485,-0.20326,-0.14074,0.47223,-0.31542,0.082956
0.032448,-0.082689,0.15068,0.31449,0.096607,-0.31551,-0.28891,-0.17712,0.23552,0.026388,-0.033216,-0.25068,-0.082514,-0.086134,-0.4302,-0.089358
0.12439,-0.059879,0.17027,0.21694,0.12701,-0.40614,-0.13649,-0.2684,0.21723,-0.02952,-0.045636,-0.46176,0.062031,0.041674,0.49674,0.081062
0.23319,0.19747,0.082964,0.43826,-0.13065,-0.2088,-0.43751,-0.25653,0.13697,-0.10466,0.17525,-0.2002,-0.054345,-0.45779,-0.18124,-0.045177
0.0039831,0.22274,0.2519,0.34923,-0.19735,-0.13161,-0.471,-0.16507,0.059562,0.046158,0.26622,-0.22145,-0.12009,0.37476,-0.3136,0.085613
0.15444,0.098287,0.12616,0.22275,0.071545,-0.26859,-0.32718,-0.24529,0.075941,-0.12003,0.11256,-0.34456,0.081563,-0.039956,-0.48075,-0.038387
0.10008,0.27857,0.1577,0.39428,0.056255,-0.18384,0.44515,-0.13582,0.18923,-0.101,0.3401,-0.24808,-0.044706,0.28587,0.49058,0.11758
0.22807,0.13063,0.21281,0.21625,-0.14515,-0.31568,-0.42115,-0.14388,0.13828,-0.17623,0.22064,-0.30822,-0.1512,-0.072004,-0.47209,0.16288
0.1583,0.14067,0.23077,0.20769,0.015298,-0.24101,-0.35983,-0.076049,-0.012633,0.031456,0.21986,-0.33845,-0.058691,-0.18826,0.43909,-0.010285
0.22838,0.31235,0.22992,0.28849,-0.2563,-0.24084,-0.46487,-0.10201,0.043809,-0.069222,0.38163,-0.38091,-0.2204,-0.26965,-0.41703,0.13311
0.40578,0.36453,0.24133,0.34231,-0.3309,-0.085629,0.36798,-0.12776,0.021546,-0.077601,0.30091,-0.24878,-0.37417,0.43921,0.49773,0.19819
0.22415,0.21828,0.20039,0.16172,0.064233,-0.21915,-0.30392,-0.39386,0.19734,-0.14169,0.14509,-0.42192,-0.091723,-0.2858,0.47465,0.099801
0.27551,0.14905,0.46206,0.029591,-0.060355,-0.38861,-0.28254,-0.29603,0.091285,-0.11155,-0.006815,0.43127,0.14577,0.070306,0.36297,0.11557
0.46047,0.39546,-0.021867,0.42299,-0.25794,-0.011628,0.31167,0.15169,-0.089712,-0.40459,0.49502,-0.067391,-0.41273,-0.47459,-0.4736,0.048464
0.24697,0.23887,-0.32066,0.29968,-0.062327,-0.15337,0.111,0.071632,0.26564,0.15732,0.20475,-0.40203,0.0066064,-0.48317,-0.44943,0.16376
-0.061798,0.010898,-0.16926,0.095877,-0.14739,-0.44734,0.13645,-0.13452,0.17081,-0.043134,-0.17112,0.40661,-0.030905,-0.13018,0.43913,-0.089512
-0.029604,0.12709,-0.15128,-0.088374,0.015386,-0.32344,-0.21995,-0.42222,-0.37379,-0.04627,0.07592,-0.45105,0.0016558,-0.0042124,-0.18978,0.1612
0.13229,0.36233,0.11813,0.13479,-0.1249,-0.37743,0.41826,0.45262,0.31038,-0.15481,0.28376,0.49319,-0.18298,-0.37869,-0.44187,-0.090709
0.30156,0.27842,0.2694,0.00072988,-0.019131,-0.37837,0.49216,-0.036586,0.34889,-0.20793,0.15751,0.47778,-0.09689,-0.17095,0.4412,0.048205
-0.3053,0.29378,0.17907,0.08072,-0.048802,-0.35515,-0.39814,-0.010719,0.42398,-0.076178,0.13895,0.49568,-0.088682,-0.19929,-0.38811,0.18092
0.2104,0.23052,0.36752,-0.044114,-0.11777,-0.33612,-0.49225,0.10234,0.30418,-0.22937,0.063403,0.35854,-0.14046,-0.077893,-0.31595,0.0636
0.23193,0.47742,-0.10226,0.11356,-0.15626,-0.23402,-0.3984,-0.017934,0.2232,-0.068988,0.37013,-0.44236,-0.077918,-0.28606,0.47073,-0.061856
-0.028031,0.073138,-0.030767,0.15968,-0.11377,-0.31983,-0.37502,-0.054445,-0.38723,-0.017404,-0.03503,-0.43853,0.15185,-0.30977,-0.42494,0.15875
-0.0018727,0.14749,-0.10583,0.20357,-0.14154,-0.29131,-0.36378,-0.12053,-0.38446,0.012754,0.020357,-0.42708,0.089441,-0.38703,-0.21289,-0.053811
-0.0981,0.13167,-0.084607,0.24162,-0.16212,-0.3605,-0.39693,-0.19852,-0.37344,-0.073968,0.04343,-0.36189,-0.025521,-0.33284,-0.041236,-0.0001001
0.17979,0.22571,-0.035268,0.23118,-0.13224,-0.25457,0.4641,-0.17759,-0.39506,-0.015836,0.18543,-0.40901,0.060859,0.45051,-0.4454,0.01172
-0.0013054,0.20791,-0.27191,0.077459,-0.1041,-0.35853,-0.47531,0.021542,-0.49019,-0.045799,0.20651,-0.33568,-0.11013,-0.34912,-0.14928,0.13742
0.11752,0.3567,-0.35311,0.12023,-0.10577,-0.38418,0.43175,-0.10141,0.41157,-0.11421,0.12274,0.4893,-0.14404,-0.39961,-0.48489,-0.0039288
0.075628,0.29923,0.1426,0.15845,-0.17014,-0.20456,0.26872,0.053352,0.44262,-0.034776,0.23971,-0.28288,-0.054666,-0.31685,0.48125,0.10608
0.12161,0.24074,0.22512,0.039117,-0.099409,-0.22994,-0.46118,-0.073834,0.44955,-0.16769,0.22606,-0.38229,-0.056772,-0.2399,-0.48729,0.07157
-6.2561e-05,0.18883,0.024891,0.097174,-0.2066,-0.24093,0.39094,-0.1049,0.38898,0.093328,0.21008,-0.29323,-0.045144,-0.15031,-0.27633,0.10599
0.12156,0.25867,0.12682,-0.025079,-0.10809,-0.17199,-0.46598,-0.064163,0.34761,-0.16272,0.18894,0.48702,0.055604,-0.32984,-0.25442,0.17998
0.10722,0.34139,-0.24524,0.18752,-0.15028,-0.12162,0.35718,-0.11656,0.37265,0.013334,0.39994,-0.31632,-0.00057556,-0.31158,-0.38442,0.041795
0.083244,0.21006,-0.432,-0.041791,-0.082893,-0.23337,-0.41406,-0.13819,0.30027,-0.039489,0.17624,0.45369,-0.043225,-0.3201,-0.37497,0.075907
0.071011,0.1656,0.34174,0.2392,-0.0092799,-0.25021,0.47965,-0.015548,0.29422,-0.049807,0.10369,-0.47629,0.00767,-0.064751,0.45487,0.068329
0.13378,0.22832,0.071987,0.015845,0.0038371,-0.22957,-0.39914,0.12088,0.35757,0.017613,0.1279,-0.4709,0.031076,-0.13595,-0.49457,0.0071278
0.058144,0.15963,0.0074448,0.21452,-0.15671,-0.32339,-0.28049,0.12284,0.25494,-0.11264,0.056317,-0.46623,-0.060722,0.013893,-0.16192,-0.016537
0.15186,0.21186,0.35712,-0.0099722,-0.042137,-0.21061,0.41132,0.033579,0.31673,-0.044644,0.25384,0.47788,0.031443,-0.16052,0.46607,0.13985
0.097024,0.21884,0.09893,0.2119,-0.19388,-0.23565,-0.40597,0.14032,0.15645,-0.099885,0.22665,0.48091,-0.097424,0.0038454,-0.30651,0.01006
0.33418,0.21512,0.30239,0.16064,-0.085942,-0.22311,0.48299,0.021684,0.14318,-0.041591,0.33577,0.34244,0.020941,-0.18098,-0.48071,-0.058887
