-0.3709,0.36312,-0.16006,-0.14952,0.2995,0.084942,0.053079,0.076759,-0.22127,0.40392,-0.26858,0.26534,0.27441,-0.00953,0.33398,0.44524,-0.23915,0.31087,-0.099919,0.10214,0.40621,0.23208,0.18126,0.41409
-0.24932,-0.1129,0.022777,0.4499,0.37153,-0.019087,-0.028251,-0.49396,-0.35455,-0.15774,0.40008,0.34035,0.22083,0.22405,-0.42228,-0.1468,-0.22904,-0.14512,0.48821,0.15903,-0.28545,-0.40422,-0.076472,0.2678
0.18552,-0.000968,-0.24206,0.25948,-0.34783,0.1281,-0.21886,-0.21589,-0.49921,-0.28895,-0.23926,0.45688,0.18333,0.36184,0.36784,0.24138,0.0095927,-0.32054,0.23862,0.43672,0.43973,0.37597,0.065066,0.44709
0.14218,0.49445,0.098962,-0.046793,0.1698,-0.050101,-0.16119,0.35668,-0.32225,0.31615,0.37499,-0.11291,0.27091,-0.23356,-0.32196,-0.35847,0.4118,0.3708,-0.048007,-0.37316,0.36447,-0.26986,0.33514,-0.16651
0.28404,0.13647,-0.077207,0.2382,-0.17962,0.054229,-0.19876,0.13358,-0.22211,0.31688,0.25597,-0.4772,-0.23622,0.0066237,0.24305,0.42292,0.066175,0.44002,-0.27291,-0.14763,-0.48458,-0.33098,-0.066983,-0.00080533
-0.43086,0.13734,-0.16881,-0.1149,0.45923,-0.094585,0.048557,0.47754,-0.1778,-0.26205,0.15207,0.32234,0.43976,-0.29634,0.45048,0.23625,-0.098056,-0.011803,-0.15401,-0.081464,0.4392,0.48673,-0.39057,-0.15028
-0.14759,-0.36829,0.12496,0.07721,-0.13643,-0.021853,-0.29492,-0.20743,-0.48082,0.047532,-0.15004,0.26012,-0.058858,-0.23328,0.43923,-0.39651,-0.21238,0.056006,0.48859,-0.1704,-0.48326,-0.44768,0.27127,-0.45041
-0.28327,-0.49743,0.41083,0.43831,0.012814,0.053004,0.34549,0.2712,0.2203,0.41395,-0.32127,-0.035133,-0.093908,0.36157,0.36544,0.070858,-0.009205,-0.44559,-0.035292,-0.46871,0.39244,0.44738,0.28617,0.3612
-0.10856,0.47263,0.42542,0.46897,-0.32781,-0.37134,-0.027755,0.078169,0.2144,-0.40364,0.47477,0.14187,0.093237,0.0072353,0.36781,-0.086544,0.081934,0.078712,0.16297,-0.032729,0.21431,0.29361,-0.47808,-0.27866
0.32992,0.38562,-0.34192,0.35435,-0.13918,-0.12839,-0.34294,0.13643,0.12052,0.39031,-0.38147,-0.47072,-0.24068,-0.33675,0.44567,-0.49279,0.089227,0.48211,0.19992,-0.046854,0.16412,-0.028927,-0.002036,0.10393
-0.031043,-0.44953,0.22041,-0.1104,-0.040409,0.38279,0.26873,-0.15999,0.21915,0.42787,0.39737,-0.21385,0.02173,0.33501,-0.47512,-0.31327,0.28767,0.35897,0.36162,0.41153,-0.42263,0.0050193,0.45644,0.061846
-0.010363,0.10768,0.38122,0.36149,0.28348,0.09115,-0.41924,-0.21154,-0.23123,0.31554,0.00246,-0.091176,0.030955,-0.32713,0.2342,0.24086,-0.0016563,0.29845,0.45818,-0.41347,-0.18604,-0.36359,0.11484,0.41307
0.4891,0.07585,-0.054899,0.30292,-0.15964,-0.13308,-0.016786,0.31255,-0.39843,-0.15739,-0.35379,0.36858,0.11258,-0.49431,-0.2141,-0.37863,0.25995,-0.23649,0.097992,-0.08569,0.059709,0.22318,0.17947,-0.10348
-0.4432,0.41934,-0.024917,0.46869,-0.32641,-0.15589,-0.074133,0.42204,-0.41482,0.11441,-0.1589,-0.44798,0.43128,0.4047,0.20775,0.46597,-0.29217,-0.37507,0.11268,0.34056,0.10644,0.3238,-0.035165,0.35006
0.19135,-0.48784,0.3045,0.45624,0.061902,0.10142,0.003398,-0.091643,-0.44952,0.41947,0.35098,0.25303,-0.26798,-0.41741,-0.44132,-0.06674,0.15968,0.43901,-0.098576,0.23853,-0.49628,-0.40177,0.12443,-0.11206
0.47283,0.36448,-0.25839,-0.019697,0.19391,-0.086908,-0.37264,-0.16177,-0.0055373,-0.34975,-0.44849,-0.24244,0.43118,-0.37602,0.019899,-0.30661,-0.28389,0.28419,-0.028419,-0.21481,-0.43238,0.3752,-0.18028,-0.11853
-0.43002,0.044175,-0.42386,0.097015,0.49487,-0.43851,-0.019148,-0.37541,-0.057027,0.05588,0.32104,0.17959,0.14179,0.2422,-0.084276,-0.34388,0.10711,0.16246,-0.4231,-0.20712,0.036281,0.095886,-0.36763,0.034013
-0.46036,-0.48789,0.29696,0.28442,-0.37027,0.40268,-0.41088,0.47042,0.058313,-0.47456,-0.37815,-0.47067,-0.13012,0.48836,-0.43886,0.24256,-0.3803,-0.42336,-0.18744,0.41068,0.25045,0.090654,-0.047453,-0.15083
-0.41776,-0.11077,0.054508,-0.098361,-0.046524,0.34198,-0.36397,0.39529,0.23011,-0.046267,0.48733,-0.008615,-0.16292,0.28452,0.40164,-0.28525,-0.067442,-0.11949,-0.47572,-0.057939,-0.26253,-0.31218,-0.032779,0.033528
0.35018,0.39974,0.068938,-0.33171,-0.3918,0.2086,0.16276,-0.0072867,0.21162,0.1288,0.24639,0.49688,-0.30104,0.29761,-0.047136,0.052361,0.42587,0.39744,0.2081,0.44589,0.18123,-0.17821,-0.32335,0.218
0.49444,-0.3378,-0.029178,-0.32678,-0.49081,-0.27151,0.13046,-0.23577,0.20459,0.49646,-0.39273,0.27477,-0.016996,-0.48983,0.23025,-0.31945,0.16825,0.20099,-0.000109,0.37362,-0.095644,-0.49776,-0.21192,0.039025
0.23404,0.21103,-0.07267,-0.22016,-0.32699,0.18196,-0.1308,-0.48796,-0.19609,0.26243,-0.28443,0.4837,-0.29802,-0.41866,-0.37047,-0.42335,0.31517,0.30228,0.39577,-0.46205,-0.044848,-0.1877,0.48963,0.046125
-0.041286,0.24299,-0.0165,-0.35898,0.35573,-0.25229,0.23795,0.31938,-0.1222,0.053901,-0.024011,-0.071548,-0.25218,0.13905,-0.11956,-0.28814,0.01557,-0.083339,0.44628,0.43967,-0.42461,-0.47333,-0.002525,-0.31771
-0.022381,-0.46497,0.18807,-0.49521,0.2453,-0.19274,-0.3538,0.20662,-0.032409,-0.41946,0.20202,-0.27467,-0.3653,0.11635,0.44788,0.10707,0.20342,0.46063,0.33431,0.14227,-0.20733,-0.37291,-0.49195,-0.49302
0.39862,-0.3895,0.4407,-0.39842,-0.037341,0.2787,-0.057519,0.14632,-0.49371,-0.42546,-0.28432,-0.16783,0.48119,0.49142,0.033083,-0.41819,0.43469,-0.39646,0.41223,0.33971,-0.10144,-0.29828,-0.23501,0.26173
0.068233,-0.19041,-0.12223,-0.46166,-0.36251,0.45123,-0.12116,-0.39909,-0.026445,-0.41326,0.22607,-0.0029723,-0.22453,-0.083469,-0.23684,0.21203,-0.46808,0.38466,-0.40859,-0.055351,-0.30308,0.032502,-0.49497,0.46481
0.35375,0.20125,-0.087316,-0.39797,0.034178,0.30671,-0.30785,0.19341,-0.1806,-0.18595,0.044513,0.43305,-0.277,0.43292,-0.14715,0.36516,0.24468,0.037097,-0.34726,-0.16316,-0.40647,-0.30107,-0.46786,0.0071077
0.40893,0.43284,-0.22676,-0.022416,-0.48563,0.17938,-0.33551,0.4616,-0.20705,0.44991,0.049365,-0.46286,0.36156,-0.11309,0.28462,0.2053,-0.35208,-0.057863,-0.097352,-0.45573,0.36544,0.025832,-0.19244,0.46334
-0.37577,-0.10289,-0.45692,-0.039838,-0.11553,0.48351,0.425,-0.47859,-0.38468,0.38918,0.16236,0.20245,-0.14588,0.39748,-0.33448,-0.029548,0.076713,-0.058486,-0.33875,-0.26993,-0.081435,0.46694,0.39692,0.32886
0.21977,-0.05012,0.06771,-0.1984,-0.099719,0.039676,-0.40604,-0.19134,0.45386,-0.042818,0.42751,0.31554,0.098562,0.47318,-0.13095,0.30121,-0.47194,-0.47332,0.42278,-0.075208,-0.2382,-0.31079,0.31763,0.38141
-0.18262,-0.44436,-0.29537,-0.45493,0.22408,-0.22666,-0.045291,0.42633,-0.026094,-0.33339,0.10713,0.17322,-0.016929,0.064988,0.15886,-0.013216,0.48845,-0.16318,0.48049,-0.12982,0.25806,-0.31918,0.24057,0.21668
0.17056,-0.064348,0.18686,0.29371,0.13943,0.28799,0.17706,-0.23965,0.44553,-0.30784,-0.20948,0.40295,0.16699,0.48388,-0.13385,-0.11947,0.07162,0.27665,-0.0031293,0.046968,0.20658,-0.28429,-0.2235,-0.083885
-0.26736,0.22724,-0.24381,0.40636,-0.36602,0.21893,-0.36378,0.01842,0.22043,0.14068,-0.40891,0.25652,0.4315,0.087115,0.31866,-0.42511,-0.41856,-0.37078,0.16458,0.32367,0.46807,-0.16922,0.4208,-0.17762
-0.42901,-0.21575,0.42283,-0.020788,-0.26164,0.42459,-0.15213,-0.071624,0.015973,0.0037873,0.3997,0.065397,-0.045668,0.46402,-0.064233,-0.32587,0.28315,-0.1524,0.10676,0.0038773,0.08495,-0.27306,0.46221,-0.23904
0.15997,-0.41948,0.12394,0.21334,-0.49238,0.090635,0.084557,-0.47746,-0.16079,0.44559,-0.38903,0.49929,0.26016,-0.35527,0.3816,-0.34916,-0.41723,0.068928,0.024626,0.45876,-0.31291,-0.28371,-0.017943,0.42355
-0.48695,-0.2872,-0.36504,0.20556,0.49436,-0.29829,0.44619,-0.34586,-0.39818,0.035004,-0.28755,0.38586,0.45455,-0.26193,0.31837,0.14463,0.062835,0.16773,0.28969,0.30262,0.24371,0.027291,0.35703,-0.35958
-0.10551,0.24188,-0.09591,-0.32818,-0.04837,-0.37216,-0.18467,-0.29369,-0.13193,0.28535,0.20106,-0.3227,-0.36019,0.0132,0.47815,-0.48918,0.24093,-0.47156,-0.39783,-0.19136,0.36588,-0.031071,0.22408,0.24739
-0.098627,-0.10433,0.28586,-0.2593,-0.083938,0.006089,-0.3631,-0.23785,0.11624,-0.39258,-0.25739,0.37951,-0.096684,-0.30309,-0.29256,-0.32825,-0.19757,0.41045,0.087735,-0.10749,-0.12224,-0.25984,0.056851,0.23272
0.048603,-0.077838,-9.7e-05,-0.14798,0.19293,-0.25742,0.10435,0.45737,0.46355,-0.19651,0.41382,0.17739,-0.4255,-0.32983,-0.43209,0.36507,-0.11465,0.28542,0.04535,-0.32841,-0.39338,-0.33554,0.49931,0.011999
-0.43006,-0.32897,-0.36768,-0.17493,-0.20186,0.11635,-0.2834,0.46989,-0.050443,-0.36094,0.026898,-0.079295,0.39186,0.38385,-0.40612,0.14384,-0.25549,-0.27894,0.28164,0.34304,0.29621,0.14165,0.43465,-0.18004
-0.082666,0.065399,-0.23562,0.36452,-0.010824,0.20832,0.39193,-0.11757,0.19945,0.080828,0.38671,-0.063265,-0.070684,0.19379,-0.39058,-0.078065,0.44421,-0.13229,-0.3662,-0.28713,0.15322,-0.41566,-0.097763,0.46874
-0.4687,0.29179,0.0063537,-0.28388,-0.059966,0.16826,-0.27507,0.29075,0.3191,-0.45157,-0.40344,0.40625,-0.36618,-0.28453,-0.34465,-0.44279,-0.1506,-0.37276,0.28599,0.057778,0.38384,0.25055,-0.17209,-0.36369
